"ID","TotalSpending","InternationalSpend","DomesticSpend","Female","Age","HomeState","HomeRegion","BookingTime","DeviceTypeMobileTablet","Windows.Android","PromotionsUsed","EaseOfUse","UsageDuration","BookingCount","AvailableFlights","Satisfaction","NetPromoterScore","TotalSatisfaction"
869,3620,2083,1537,0,47,"NT","Remote","6:00 PM - 12:00 AM",0,1,0,3,132,2,3,10,10,20
1370,579,0,579,1,36,"QLD","Urban","6:00 AM - 12:00 PM",1,1,0,3,162,1,4,3,5,8
1955,4314,2260,2054,1,43,"NSW","Regional","6:00 PM - 12:00 AM",0,0,0,2,84,3,2,9,10,19
790,1128,0,1128,0,33,"VIC","Urban","6:00 PM - 12:00 AM",1,1,0,2,96,2,4,8,8,16
176,243,0,243,0,31,"VIC","Regional","12:00 AM - 6:00 AM",1,1,0,3,78,1,3,10,10,20
1161,3747,2147,1600,0,46,"NT","Urban","6:00 AM - 12:00 PM",0,0,0,3,54,3,3,5,0,5
337,249,0,249,0,35,"VIC","Regional","6:00 PM - 12:00 AM",1,1,0,3,84,1,3,5,3,8
1094,4059,2256,1803,0,49,"NSW","Urban","6:00 AM - 12:00 PM",0,0,1,2,114,1,2,10,10,20
1960,472,0,472,0,24,"NSW","Urban","6:00 PM - 12:00 AM",1,1,1,3,144,1,1,3,7,10
352,3223,2019,1204,0,59,"VIC","Remote","6:00 PM - 12:00 AM",0,0,1,1,138,1,3,6,7,13
843,1317,1160,157,0,28,"NSW","Urban","6:00 PM - 12:00 AM",1,1,0,3,150,2,4,8,8,16
1606,1913,1645,268,1,37,"VIC","Urban","6:00 AM - 12:00 PM",1,1,1,3,96,2,2,6,7,13
284,3464,1887,1577,1,51,"NT","Remote","12:00 AM - 6:00 AM",0,0,1,3,150,3,3,4,2,6
1595,3737,2164,1573,1,53,"TAS","Remote","6:00 AM - 12:00 PM",0,0,0,2,138,2,4,10,7,17
1349,224,0,224,1,25,"NSW","Urban","6:00 AM - 12:00 PM",0,1,0,2,90,2,4,8,7,15
96,395,0,395,1,20,"VIC","Regional","12:00 AM - 6:00 AM",0,1,0,2,120,1,3,10,9,19
296,3996,2074,1922,0,42,"ACT","Regional","12:00 AM - 6:00 AM",0,1,1,3,54,3,2,3,4,7
48,1481,1310,171,1,36,"NSW","Urban","12:00 AM - 6:00 AM",1,1,0,3,18,2,4,1,0,1
1972,3570,2119,1451,0,41,"QLD","Regional","6:00 PM - 12:00 AM",0,0,1,3,42,3,4,3,6,9
1510,4274,2427,1847,1,52,"NSW","Urban","6:00 AM - 12:00 PM",0,0,0,3,42,2,4,9,8,17
1046,329,0,329,0,22,"ACT","Urban","12:00 PM - 6:00 PM",1,1,1,3,24,1,2,2,0,2
1087,233,0,233,1,44,"NSW","Urban","6:00 AM - 12:00 PM",1,1,0,3,54,1,2,7,8,15
1593,2936,1721,1215,0,47,"NSW","Urban","6:00 AM - 12:00 PM",0,1,0,3,168,2,3,3,0,3
132,2096,1730,366,1,30,"VIC","Urban","12:00 AM - 6:00 AM",1,0,0,1,48,1,3,5,3,8
650,3915,2296,1619,0,56,"ACT","Urban","6:00 PM - 12:00 AM",1,0,0,3,162,2,3,1,0,1
1541,4152,2308,1844,1,53,"NSW","Regional","6:00 AM - 12:00 PM",0,0,0,3,30,1,2,0,1,1
436,2576,1555,1021,1,45,"VIC","Regional","6:00 PM - 12:00 AM",1,1,0,1,18,2,3,6,5,11
313,390,0,390,1,28,"VIC","Urban","12:00 PM - 6:00 PM",1,1,0,3,48,2,2,6,2,8
674,243,0,243,1,58,"NSW","Urban","6:00 PM - 12:00 AM",1,0,0,3,54,1,3,5,7,12
1880,1756,1565,191,1,31,"NSW","Regional","6:00 PM - 12:00 AM",0,0,0,1,114,1,3,8,4,12
323,230,0,230,0,51,"NT","Regional","6:00 PM - 12:00 AM",1,1,1,2,60,1,3,8,10,18
909,1621,1423,198,0,30,"ACT","Urban","6:00 AM - 12:00 PM",1,1,0,1,162,1,2,2,0,2
839,2826,1687,1139,1,60,"SA","Regional","6:00 PM - 12:00 AM",0,1,0,3,168,4,2,0,0,0
918,303,0,303,0,24,"VIC","Urban","6:00 AM - 12:00 PM",1,1,0,3,102,1,4,10,5,15
647,3816,1821,1995,0,50,"ACT","Urban","6:00 PM - 12:00 AM",0,0,0,3,90,4,4,10,8,18
1455,3203,1676,1527,0,59,"NSW","Urban","6:00 AM - 12:00 PM",0,1,1,3,180,2,3,5,0,5
1246,323,0,323,0,20,"WA","Urban","6:00 AM - 12:00 PM",0,1,1,1,12,1,1,2,0,2
520,872,0,872,1,34,"NSW","Urban","6:00 PM - 12:00 AM",1,1,0,3,72,2,3,10,10,20
145,4529,2607,1922,0,49,"VIC","Urban","12:00 AM - 6:00 AM",0,0,0,2,48,2,4,9,10,19
1690,2707,1737,970,1,41,"QLD","Urban","6:00 PM - 12:00 AM",1,1,1,3,126,3,2,4,8,12
1946,207,0,207,0,20,"QLD","Urban","12:00 PM - 6:00 PM",1,1,0,3,90,1,2,5,6,11
738,3174,1675,1499,1,60,"SA","Urban","6:00 PM - 12:00 AM",1,0,0,2,84,4,3,10,7,17
1428,4284,2202,2082,0,53,"NSW","Urban","6:00 AM - 12:00 PM",0,0,1,3,24,4,2,3,0,3
1069,2095,1792,303,0,52,"NSW","Remote","6:00 AM - 12:00 PM",0,0,0,3,108,1,1,10,9,19
112,197,0,197,1,54,"NSW","Urban","12:00 AM - 6:00 AM",0,0,1,3,144,1,2,6,5,11
145,4529,2607,1922,0,49,"VIC","Urban","12:00 AM - 6:00 AM",0,0,0,2,48,2,4,9,10,19
194,367,0,367,1,23,"NSW","Regional","12:00 AM - 6:00 AM",1,1,0,3,144,2,3,9,6,15
1810,1423,0,1423,0,41,"ACT","Urban","6:00 PM - 12:00 AM",0,1,1,3,30,2,4,6,10,16
930,414,0,414,0,21,"TAS","Urban","6:00 AM - 12:00 PM",1,1,1,1,180,2,3,2,0,2
741,1504,0,1504,0,31,"QLD","Urban","6:00 PM - 12:00 AM",0,0,0,1,60,1,3,9,6,15
1882,1110,0,1110,0,31,"NSW","Urban","6:00 PM - 12:00 AM",0,0,1,3,42,2,3,4,4,8
1648,1375,0,1375,0,50,"SA","Urban","6:00 PM - 12:00 AM",0,1,1,2,90,2,3,6,6,12
1760,3746,2021,1725,1,54,"QLD","Regional","6:00 PM - 12:00 AM",0,0,0,3,132,4,3,9,10,19
537,3805,2202,1603,1,58,"NSW","Urban","6:00 PM - 12:00 AM",1,0,0,3,150,2,3,10,8,18
881,1112,0,1112,1,54,"QLD","Regional","6:00 AM - 12:00 PM",0,0,0,3,18,2,3,6,5,11
1258,148,0,148,0,48,"NSW","Regional","12:00 PM - 6:00 PM",0,1,1,3,72,1,3,10,7,17
380,1380,1216,164,0,30,"SA","Urban","12:00 PM - 6:00 PM",1,1,1,3,84,1,4,7,3,10
53,466,0,466,1,29,"WA","Urban","12:00 AM - 6:00 AM",1,1,1,3,138,1,3,10,9,19
72,383,0,383,1,24,"QLD","Urban","12:00 AM - 6:00 AM",1,1,0,3,60,1,3,0,4,4
983,878,0,878,0,35,"VIC","Urban","6:00 AM - 12:00 PM",1,1,1,3,138,1,2,10,10,20
438,4102,2131,1971,1,56,"NSW","Urban","6:00 PM - 12:00 AM",1,0,1,3,90,2,2,10,9,19
120,694,0,694,1,22,"VIC","Regional","12:00 AM - 6:00 AM",0,0,0,3,18,1,2,0,2,2
1197,242,0,242,1,23,"ACT","Urban","6:00 AM - 12:00 PM",1,1,1,2,60,1,4,6,5,11
1197,242,0,242,1,23,"ACT","Urban","6:00 AM - 12:00 PM",1,1,1,2,60,1,4,6,5,11
897,743,0,743,0,24,"WA","Remote","6:00 AM - 12:00 PM",1,1,1,3,102,1,3,6,6,12
1775,245,0,245,1,38,"NSW","Urban","6:00 PM - 12:00 AM",1,1,0,3,114,1,2,8,7,15
1197,242,0,242,1,23,"ACT","Urban","6:00 AM - 12:00 PM",1,1,1,2,60,1,4,6,5,11
1721,140,0,140,0,31,"NT","Urban","6:00 PM - 12:00 AM",1,1,0,1,96,1,2,9,9,18
1143,151,0,151,0,25,"NSW","Urban","6:00 AM - 12:00 PM",0,1,1,2,174,1,3,5,8,13
124,811,0,811,1,29,"SA","Urban","12:00 AM - 6:00 AM",1,0,0,3,156,1,4,7,6,13
1333,249,0,249,1,22,"NSW","Urban","6:00 AM - 12:00 PM",1,1,0,2,48,2,1,2,1,3
405,224,0,224,1,36,"NSW","Remote","6:00 PM - 12:00 AM",1,1,0,3,162,1,2,4,7,11
352,3223,2019,1204,0,59,"VIC","Remote","6:00 PM - 12:00 AM",0,0,1,1,138,1,3,6,7,13
904,511,0,511,1,23,"WA","Regional","6:00 AM - 12:00 PM",1,1,0,2,96,2,3,8,7,15
1355,826,0,826,1,33,"NSW","Urban","6:00 AM - 12:00 PM",1,1,0,2,48,2,4,7,8,15
1249,158,0,158,0,60,"NSW","Urban","6:00 AM - 12:00 PM",1,1,1,2,156,1,2,4,4,8
846,1269,0,1269,0,36,"VIC","Urban","12:00 PM - 6:00 PM",1,1,1,3,156,1,2,2,3,5
694,2925,1662,1263,1,44,"NSW","Urban","6:00 PM - 12:00 AM",1,1,1,3,150,4,3,5,2,7
1910,219,0,219,1,53,"TAS","Regional","6:00 PM - 12:00 AM",0,0,0,3,102,1,5,10,10,20
1123,4148,2211,1937,1,57,"NSW","Regional","6:00 AM - 12:00 PM",0,0,1,3,126,1,4,10,10,20
1194,4267,2263,2004,0,51,"NSW","Urban","6:00 AM - 12:00 PM",0,0,0,3,102,3,3,7,7,14
292,498,0,498,1,24,"NT","Urban","12:00 AM - 6:00 AM",1,0,0,3,36,1,4,4,6,10
589,371,0,371,1,24,"QLD","Remote","6:00 PM - 12:00 AM",1,1,1,3,156,1,2,1,1,2
1841,4377,2258,2119,1,47,"NSW","Regional","6:00 PM - 12:00 AM",1,0,0,2,114,4,5,10,10,20
1544,4137,2304,1833,0,55,"ACT","Urban","6:00 AM - 12:00 PM",0,0,1,2,180,2,3,6,7,13
117,3071,1802,1269,1,58,"NSW","Urban","12:00 AM - 6:00 AM",0,1,1,3,174,2,3,1,1,2
1104,941,0,941,0,30,"TAS","Regional","6:00 AM - 12:00 PM",1,1,0,3,120,1,3,3,3,6
585,3519,1850,1669,0,59,"NT","Regional","6:00 PM - 12:00 AM",0,0,0,3,24,3,3,6,7,13
288,2773,1727,1046,1,59,"QLD","Regional","12:00 AM - 6:00 AM",0,0,0,1,30,2,4,6,9,15
1448,2934,1635,1299,1,49,"WA","Regional","6:00 AM - 12:00 PM",0,0,0,3,42,1,2,7,6,13
926,1286,0,1286,1,50,"QLD","Urban","6:00 AM - 12:00 PM",0,1,0,1,90,2,2,7,7,14
1745,4514,2412,2102,1,50,"VIC","Urban","6:00 PM - 12:00 AM",0,0,1,3,150,2,3,5,4,9
667,3150,1867,1283,0,52,"ACT","Urban","6:00 PM - 12:00 AM",0,0,1,3,18,1,2,5,5,10
1670,1727,1428,299,1,35,"ACT","Urban","6:00 PM - 12:00 AM",1,1,0,1,84,2,2,5,4,9
143,3395,1880,1515,1,59,"NSW","Urban","12:00 AM - 6:00 AM",0,0,1,2,42,2,3,10,5,15
984,271,0,271,0,48,"WA","Urban","6:00 AM - 12:00 PM",1,1,1,3,84,1,2,9,5,14
531,3924,1807,2117,1,60,"VIC","Urban","6:00 PM - 12:00 AM",0,0,1,2,162,3,3,3,2,5
149,4054,2194,1860,0,58,"NSW","Urban","12:00 AM - 6:00 AM",0,1,0,3,42,1,3,2,3,5
451,702,0,702,1,36,"NSW","Urban","6:00 PM - 12:00 AM",1,1,0,3,162,2,3,1,1,2
1718,3886,1992,1894,0,58,"NSW","Urban","6:00 PM - 12:00 AM",0,0,0,1,48,1,3,3,3,6
1757,271,0,271,1,23,"SA","Regional","12:00 PM - 6:00 PM",0,1,1,3,132,1,3,10,9,19
708,3880,2271,1609,1,58,"NSW","Remote","6:00 PM - 12:00 AM",1,0,0,3,78,1,3,10,9,19
917,1317,0,1317,1,47,"VIC","Urban","6:00 AM - 12:00 PM",0,0,1,3,174,2,4,7,4,11
822,868,0,868,1,29,"NSW","Regional","6:00 PM - 12:00 AM",1,1,0,3,108,2,3,7,2,9
668,1540,1328,212,0,30,"SA","Urban","12:00 PM - 6:00 PM",1,1,0,3,138,1,2,3,6,9
1640,430,0,430,0,23,"ACT","Regional","6:00 PM - 12:00 AM",1,1,1,3,48,1,4,8,10,18
742,428,0,428,0,22,"QLD","Urban","6:00 PM - 12:00 AM",1,0,0,3,120,2,2,10,10,20
840,323,0,323,1,22,"ACT","Urban","6:00 PM - 12:00 AM",1,0,1,2,114,1,1,10,6,16
308,921,0,921,1,40,"TAS","Urban","6:00 PM - 12:00 AM",1,1,1,3,84,2,4,8,8,16
1532,2022,1738,284,1,36,"NSW","Regional","6:00 AM - 12:00 PM",1,1,0,3,24,1,3,0,0,0
916,2129,1900,229,1,48,"QLD","Regional","6:00 AM - 12:00 PM",0,1,1,3,90,1,4,10,10,20
1787,3059,1726,1333,1,46,"NSW","Urban","6:00 PM - 12:00 AM",1,0,1,3,108,2,3,7,6,13
1100,1784,1304,480,1,45,"NSW","Urban","6:00 AM - 12:00 PM",1,1,1,3,54,1,4,8,7,15
1732,3481,1736,1745,1,59,"SA","Urban","6:00 PM - 12:00 AM",1,0,0,3,72,4,3,7,9,16
1346,1474,1184,290,1,26,"WA","Urban","6:00 AM - 12:00 PM",0,1,1,1,138,2,3,8,7,15
27,1371,1149,222,1,30,"NSW","Urban","12:00 AM - 6:00 AM",1,1,1,3,90,1,4,8,6,14
543,424,0,424,1,27,"NSW","Urban","6:00 PM - 12:00 AM",1,1,0,2,138,1,2,9,8,17
1708,1434,1073,361,1,36,"NSW","Urban","6:00 PM - 12:00 AM",1,1,1,3,48,2,4,7,7,14
886,197,0,197,0,37,"VIC","Urban","6:00 AM - 12:00 PM",1,1,0,1,120,1,3,7,2,9
1168,1401,1121,280,1,31,"QLD","Urban","6:00 AM - 12:00 PM",1,1,1,3,24,2,4,2,0,2
1719,2055,1843,212,1,40,"ACT","Urban","6:00 PM - 12:00 AM",1,1,1,3,60,1,3,7,6,13
1965,1187,0,1187,0,30,"NT","Regional","6:00 PM - 12:00 AM",1,1,0,2,138,2,2,6,5,11
1626,220,0,220,0,41,"ACT","Regional","6:00 PM - 12:00 AM",1,1,1,3,54,1,2,5,6,11
807,421,0,421,0,24,"NSW","Regional","6:00 PM - 12:00 AM",1,1,1,2,156,2,1,10,6,16
1475,4011,2053,1958,0,57,"TAS","Urban","6:00 AM - 12:00 PM",1,0,1,3,84,4,5,10,10,20
103,404,0,404,1,21,"NT","Urban","12:00 AM - 6:00 AM",0,1,0,1,180,1,3,0,0,0
931,1729,1454,275,1,40,"VIC","Urban","6:00 AM - 12:00 PM",1,1,1,3,90,1,3,10,10,20
1579,1234,0,1234,1,39,"NSW","Regional","6:00 AM - 12:00 PM",1,1,0,2,48,1,2,3,3,6
384,4208,2092,2116,1,55,"NSW","Urban","6:00 PM - 12:00 AM",0,0,0,2,132,2,2,6,5,11
105,1502,1160,342,1,27,"WA","Urban","12:00 AM - 6:00 AM",0,1,0,2,36,1,3,9,5,14
248,1030,0,1030,1,31,"QLD","Regional","12:00 AM - 6:00 AM",1,0,0,3,66,1,2,7,6,13
842,410,0,410,0,22,"VIC","Urban","6:00 PM - 12:00 AM",1,0,1,1,156,2,2,4,3,7
1520,1494,1378,116,1,26,"WA","Urban","6:00 AM - 12:00 PM",1,1,0,3,132,1,2,2,2,4
240,3127,1987,1140,0,42,"NSW","Urban","12:00 AM - 6:00 AM",0,0,0,3,90,4,3,8,7,15
509,428,0,428,1,38,"QLD","Regional","6:00 PM - 12:00 AM",0,1,0,2,156,2,3,0,2,2
1156,303,0,303,1,24,"NSW","Regional","6:00 AM - 12:00 PM",0,1,1,3,72,2,2,5,5,10
1114,1508,1343,165,1,33,"ACT","Urban","12:00 PM - 6:00 PM",0,1,1,3,54,2,3,8,8,16
729,4214,2619,1595,0,59,"SA","Urban","6:00 PM - 12:00 AM",1,0,1,2,90,3,4,8,10,18
498,4850,2447,2403,0,48,"VIC","Urban","6:00 PM - 12:00 AM",1,0,0,3,126,3,3,2,6,8
1598,148,0,148,1,58,"NSW","Urban","6:00 AM - 12:00 PM",1,0,1,3,168,1,2,0,2,2
1123,4148,2211,1937,1,57,"NSW","Regional","6:00 AM - 12:00 PM",0,0,1,3,126,1,4,10,10,20
111,2447,1669,778,0,38,"TAS","Urban","12:00 AM - 6:00 AM",0,1,0,3,108,1,3,10,9,19
1045,217,0,217,1,38,"VIC","Urban","6:00 AM - 12:00 PM",1,1,0,1,150,1,4,5,4,9
39,4465,2337,2128,0,55,"NSW","Regional","12:00 AM - 6:00 AM",1,0,0,1,180,3,3,1,2,3
1766,1722,1468,254,1,41,"NSW","Urban","6:00 PM - 12:00 AM",1,1,1,3,174,2,2,4,0,4
1937,1774,1401,373,1,39,"TAS","Urban","6:00 PM - 12:00 AM",0,0,0,3,60,2,4,10,8,18
631,3121,1762,1359,0,56,"WA","Urban","6:00 PM - 12:00 AM",1,0,0,3,144,2,2,2,2,4
880,214,0,214,1,47,"ACT","Urban","6:00 PM - 12:00 AM",1,0,0,3,162,1,4,6,6,12
190,3779,2016,1763,1,60,"NSW","Regional","12:00 AM - 6:00 AM",0,0,0,3,96,2,3,10,10,20
1412,192,0,192,0,28,"QLD","Urban","6:00 AM - 12:00 PM",1,0,0,2,84,1,3,6,2,8
1360,890,0,890,1,26,"TAS","Urban","6:00 AM - 12:00 PM",1,1,1,3,30,1,1,8,6,14
1373,223,0,223,0,28,"NSW","Urban","6:00 AM - 12:00 PM",1,1,0,3,138,1,2,3,2,5
1368,229,0,229,1,24,"WA","Urban","6:00 AM - 12:00 PM",1,1,1,3,42,1,4,8,10,18
826,1814,1505,309,0,38,"QLD","Urban","6:00 PM - 12:00 AM",1,0,0,3,108,2,4,10,10,20
603,400,0,400,1,28,"NSW","Urban","6:00 PM - 12:00 AM",0,1,0,3,66,1,3,7,7,14
1718,3886,1992,1894,0,58,"NSW","Urban","6:00 PM - 12:00 AM",0,0,0,1,48,1,3,3,3,6
436,2576,1555,1021,1,45,"VIC","Regional","6:00 PM - 12:00 AM",1,1,0,1,18,2,3,6,5,11
1808,3850,2067,1783,0,52,"VIC","Remote","6:00 PM - 12:00 AM",0,0,0,2,60,1,2,7,10,17
1019,622,0,622,0,38,"VIC","Regional","6:00 AM - 12:00 PM",1,1,0,3,66,1,4,10,10,20
717,440,0,440,0,20,"NSW","Regional","6:00 PM - 12:00 AM",0,0,1,2,72,1,3,10,8,18
917,1317,0,1317,1,47,"VIC","Urban","6:00 AM - 12:00 PM",0,0,1,3,174,2,4,7,4,11
1091,989,0,989,0,39,"NSW","Remote","6:00 AM - 12:00 PM",1,1,1,3,138,1,3,9,8,17
805,4487,2791,1696,0,47,"NT","Remote","6:00 PM - 12:00 AM",0,0,0,3,120,3,4,10,10,20
1788,3757,2137,1620,1,50,"NT","Remote","6:00 PM - 12:00 AM",1,0,1,3,54,4,3,8,10,18
870,3238,1933,1305,0,41,"NSW","Urban","6:00 PM - 12:00 AM",0,0,1,3,144,1,2,10,10,20
1826,2902,1699,1203,1,50,"ACT","Urban","6:00 PM - 12:00 AM",1,0,0,3,96,3,3,10,10,20
664,3730,1828,1902,1,55,"TAS","Urban","6:00 PM - 12:00 AM",0,0,1,3,12,3,2,1,3,4
536,726,0,726,0,33,"QLD","Urban","6:00 PM - 12:00 AM",0,1,0,2,54,1,3,10,8,18
1955,4314,2260,2054,1,43,"NSW","Regional","6:00 PM - 12:00 AM",0,0,0,2,84,3,2,9,10,19
1276,344,0,344,1,23,"SA","Urban","6:00 AM - 12:00 PM",0,1,1,3,138,1,4,9,10,19
559,216,0,216,1,20,"NSW","Urban","6:00 PM - 12:00 AM",0,1,0,3,162,1,2,8,8,16
977,1471,0,1471,1,48,"NSW","Regional","6:00 AM - 12:00 PM",0,0,0,3,24,1,2,4,3,7
875,3631,2010,1621,1,59,"NSW","Regional","6:00 PM - 12:00 AM",0,0,0,3,150,1,5,7,7,14
655,175,0,175,1,56,"ACT","Urban","6:00 PM - 12:00 AM",0,1,1,2,42,1,3,2,1,3
1039,1456,0,1456,0,48,"ACT","Urban","6:00 AM - 12:00 PM",0,1,1,3,18,1,4,0,4,4
1890,1454,1305,149,0,26,"VIC","Urban","12:00 PM - 6:00 PM",1,1,1,3,108,1,4,10,7,17
565,3978,1977,2001,1,46,"NSW","Regional","6:00 PM - 12:00 AM",1,0,1,3,114,2,5,10,10,20
1462,2339,1507,832,1,31,"SA","Urban","6:00 AM - 12:00 PM",1,0,0,3,24,1,5,0,1,1
777,544,0,544,0,26,"NSW","Regional","6:00 PM - 12:00 AM",1,1,1,3,126,1,2,8,5,13
644,3804,2217,1587,0,42,"ACT","Regional","6:00 PM - 12:00 AM",0,0,0,2,156,2,3,5,4,9
12,859,0,859,0,33,"NSW","Regional","12:00 AM - 6:00 AM",1,1,0,3,66,2,4,2,5,7
1797,3242,1613,1629,1,59,"SA","Regional","6:00 PM - 12:00 AM",0,0,0,3,168,2,3,2,2,4
488,1223,0,1223,1,40,"NSW","Urban","6:00 PM - 12:00 AM",1,1,0,2,138,2,3,10,10,20
1790,1288,1092,196,0,34,"NSW","Urban","6:00 PM - 12:00 AM",1,1,0,3,132,2,2,9,6,15
1744,468,0,468,0,26,"WA","Regional","6:00 PM - 12:00 AM",1,1,1,1,78,2,3,6,4,10
735,795,0,795,0,31,"NSW","Regional","12:00 PM - 6:00 PM",1,1,1,3,120,2,4,7,10,17
1072,1517,0,1517,1,60,"VIC","Urban","6:00 AM - 12:00 PM",0,1,1,3,108,2,4,10,10,20
1251,487,0,487,0,36,"QLD","Urban","6:00 AM - 12:00 PM",0,1,1,3,60,2,4,2,6,8
1773,1458,1272,186,1,38,"VIC","Urban","6:00 PM - 12:00 AM",1,1,0,1,18,1,3,0,0,0
590,4396,2155,2241,1,56,"ACT","Urban","6:00 PM - 12:00 AM",1,0,0,3,150,4,3,5,4,9
628,2307,1656,651,1,43,"VIC","Urban","6:00 PM - 12:00 AM",1,1,1,3,162,2,3,8,5,13
797,4048,2049,1999,1,57,"NSW","Regional","6:00 PM - 12:00 AM",0,0,0,2,90,1,4,10,10,20
557,1369,0,1369,0,30,"VIC","Regional","12:00 PM - 6:00 PM",1,1,1,3,24,1,2,3,0,3
683,4119,2222,1897,0,56,"QLD","Regional","6:00 PM - 12:00 AM",0,0,1,1,156,4,1,8,7,15
1332,3473,2072,1401,1,59,"TAS","Urban","6:00 AM - 12:00 PM",0,0,1,3,60,2,2,6,8,14
658,4206,2478,1728,1,51,"NSW","Urban","6:00 PM - 12:00 AM",1,0,0,3,126,1,2,8,10,18
29,3636,2163,1473,0,46,"NSW","Regional","12:00 AM - 6:00 AM",0,0,1,3,54,4,2,8,7,15
294,1569,1211,358,0,34,"SA","Urban","12:00 AM - 6:00 AM",1,0,0,3,138,2,3,9,7,16
796,4279,2349,1930,0,47,"WA","Urban","6:00 PM - 12:00 AM",0,0,0,2,66,3,3,10,10,20
242,1839,1547,292,1,36,"QLD","Urban","12:00 AM - 6:00 AM",1,0,1,3,162,2,4,10,9,19
1264,424,0,424,0,33,"VIC","Urban","6:00 AM - 12:00 PM",0,1,0,3,18,2,3,3,2,5
1877,3132,1725,1407,1,43,"NT","Urban","6:00 PM - 12:00 AM",0,0,0,3,90,4,3,10,10,20
1957,1142,0,1142,0,43,"QLD","Remote","12:00 PM - 6:00 PM",0,1,0,3,114,2,3,4,8,12
1141,304,0,304,1,24,"NSW","Remote","6:00 AM - 12:00 PM",0,1,1,3,96,1,2,6,5,11
1581,1773,1618,155,1,34,"NSW","Remote","6:00 AM - 12:00 PM",1,1,1,3,132,2,4,5,5,10
44,367,0,367,1,26,"NSW","Urban","12:00 AM - 6:00 AM",0,1,1,3,96,1,4,10,10,20
1880,1756,1565,191,1,31,"NSW","Regional","6:00 PM - 12:00 AM",0,0,0,1,114,1,3,8,4,12
1679,184,0,184,1,30,"ACT","Urban","6:00 PM - 12:00 AM",1,1,1,3,180,1,2,5,6,11
1316,3594,1905,1689,1,50,"TAS","Urban","6:00 AM - 12:00 PM",0,0,1,3,42,3,3,5,9,14
684,2284,1956,328,1,38,"VIC","Urban","6:00 PM - 12:00 AM",0,0,0,1,102,2,3,6,5,11
1318,4237,2361,1876,1,59,"SA","Urban","6:00 AM - 12:00 PM",1,0,1,2,150,2,3,8,6,14
988,400,0,400,0,24,"VIC","Regional","6:00 AM - 12:00 PM",1,1,1,3,150,1,4,10,10,20
887,2209,1785,424,0,36,"VIC","Urban","6:00 AM - 12:00 PM",0,0,0,1,66,2,4,7,7,14
1376,786,0,786,1,35,"WA","Urban","6:00 AM - 12:00 PM",0,1,1,3,72,1,2,6,5,11
1775,245,0,245,1,38,"NSW","Urban","6:00 PM - 12:00 AM",1,1,0,3,114,1,2,8,7,15
506,262,0,262,0,24,"NSW","Urban","6:00 PM - 12:00 AM",1,1,0,3,114,1,4,10,10,20
861,850,0,850,1,24,"NSW","Regional","6:00 PM - 12:00 AM",1,0,0,2,150,2,4,7,7,14
119,660,0,660,1,24,"TAS","Urban","12:00 AM - 6:00 AM",0,0,1,2,60,1,1,3,5,8
566,997,0,997,1,45,"VIC","Urban","6:00 PM - 12:00 AM",0,1,0,3,174,2,3,3,2,5
1034,489,0,489,0,37,"VIC","Urban","6:00 AM - 12:00 PM",1,1,0,2,30,2,2,7,5,12
9,203,0,203,0,21,"NSW","Urban","12:00 AM - 6:00 AM",0,1,0,1,42,1,2,6,9,15
942,2076,1525,551,0,49,"VIC","Regional","6:00 AM - 12:00 PM",1,1,0,3,90,1,3,6,6,12
1997,1023,0,1023,1,30,"VIC","Regional","6:00 PM - 12:00 AM",1,1,1,3,60,2,2,5,4,9
1928,3472,2062,1410,0,46,"NSW","Urban","6:00 PM - 12:00 AM",0,0,1,3,84,4,2,5,4,9
456,256,0,256,1,56,"NSW","Urban","6:00 PM - 12:00 AM",0,1,0,2,30,1,3,3,2,5
1010,2278,1508,770,1,60,"NSW","Regional","6:00 AM - 12:00 PM",0,1,0,2,30,4,2,0,0,0
220,4028,1925,2103,0,50,"QLD","Urban","12:00 AM - 6:00 AM",0,0,1,2,36,2,2,3,3,6
128,2287,1784,503,0,40,"TAS","Remote","12:00 AM - 6:00 AM",1,0,1,1,36,1,4,4,0,4
652,4385,2388,1997,0,60,"VIC","Regional","6:00 PM - 12:00 AM",0,0,1,3,180,2,2,4,2,6
1852,501,0,501,1,22,"ACT","Urban","6:00 PM - 12:00 AM",0,1,0,3,162,1,2,3,1,4
1124,3183,1982,1201,0,59,"QLD","Urban","6:00 AM - 12:00 PM",0,0,0,3,138,4,4,8,10,18
753,4461,2163,2298,0,41,"NSW","Regional","6:00 PM - 12:00 AM",0,0,0,2,12,4,4,7,4,11
1583,408,0,408,1,25,"NSW","Urban","6:00 AM - 12:00 PM",1,1,0,1,168,1,4,8,3,11
812,4229,2287,1942,0,49,"NSW","Regional","6:00 PM - 12:00 AM",0,0,0,1,168,4,4,9,9,18
881,1112,0,1112,1,54,"QLD","Regional","6:00 AM - 12:00 PM",0,0,0,3,18,2,3,6,5,11
1077,465,0,465,1,29,"NSW","Urban","6:00 AM - 12:00 PM",1,1,0,2,60,2,3,6,5,11
1320,2926,1708,1218,1,48,"VIC","Regional","6:00 AM - 12:00 PM",1,0,0,2,144,2,3,10,9,19
1819,1419,1302,117,1,37,"NSW","Urban","6:00 PM - 12:00 AM",1,1,0,1,84,2,3,10,9,19
792,3251,1891,1360,1,47,"NSW","Urban","6:00 PM - 12:00 AM",0,0,1,3,78,3,5,10,10,20
237,162,0,162,0,27,"NSW","Urban","12:00 AM - 6:00 AM",1,1,1,3,174,1,1,5,7,12
1057,439,0,439,1,29,"NSW","Urban","12:00 PM - 6:00 PM",0,1,0,1,90,1,2,9,10,19
1513,413,0,413,1,26,"QLD","Urban","12:00 PM - 6:00 PM",1,1,1,2,84,2,3,4,3,7
634,3234,1607,1627,1,56,"WA","Urban","6:00 PM - 12:00 AM",0,0,1,3,180,1,4,6,9,15
1386,1657,1311,346,1,28,"QLD","Urban","6:00 AM - 12:00 PM",0,1,1,3,48,2,3,0,4,4
1462,2339,1507,832,1,31,"SA","Urban","6:00 AM - 12:00 PM",1,0,0,3,24,1,5,0,1,1
986,654,0,654,1,43,"QLD","Regional","6:00 AM - 12:00 PM",1,1,0,3,60,1,2,5,5,10
319,214,0,214,1,23,"TAS","Urban","6:00 PM - 12:00 AM",1,1,1,3,36,1,3,5,5,10
1583,408,0,408,1,25,"NSW","Urban","6:00 AM - 12:00 PM",1,1,0,1,168,1,4,8,3,11
202,283,0,283,0,20,"TAS","Urban","12:00 PM - 6:00 PM",1,1,0,3,84,1,3,3,3,6
301,1698,1441,257,0,31,"QLD","Urban","12:00 AM - 6:00 AM",1,1,1,3,138,2,4,7,6,13
328,465,0,465,0,34,"VIC","Urban","6:00 PM - 12:00 AM",1,1,1,3,180,2,3,3,2,5
960,279,0,279,1,23,"VIC","Urban","6:00 AM - 12:00 PM",1,1,0,3,12,1,3,0,0,0
700,205,0,205,0,34,"ACT","Urban","6:00 PM - 12:00 AM",0,0,0,3,156,1,2,10,8,18
688,3384,1934,1450,1,55,"SA","Regional","6:00 PM - 12:00 AM",0,0,0,1,120,2,2,8,4,12
1356,212,0,212,0,28,"NSW","Urban","6:00 AM - 12:00 PM",0,1,0,3,168,1,3,2,1,3
262,2823,1659,1164,1,54,"NSW","Urban","12:00 AM - 6:00 AM",0,1,1,3,162,3,3,1,0,1
1548,4025,1950,2075,1,49,"NSW","Urban","6:00 AM - 12:00 PM",0,0,0,3,72,2,2,10,10,20
1257,358,0,358,0,24,"NSW","Regional","6:00 AM - 12:00 PM",1,1,0,2,78,2,2,10,9,19
555,3586,1941,1645,1,46,"QLD","Urban","6:00 PM - 12:00 AM",0,0,0,3,36,4,3,2,2,4
1056,2169,1614,555,0,60,"WA","Regional","6:00 AM - 12:00 PM",0,1,1,2,24,1,3,2,0,2
145,4529,2607,1922,0,49,"VIC","Urban","12:00 AM - 6:00 AM",0,0,0,2,48,2,4,9,10,19
696,1508,1398,110,0,29,"TAS","Urban","6:00 PM - 12:00 AM",0,1,0,3,132,2,5,10,7,17
547,170,0,170,0,33,"NSW","Urban","6:00 PM - 12:00 AM",1,1,1,3,168,1,3,7,7,14
1846,484,0,484,0,27,"NSW","Regional","12:00 PM - 6:00 PM",0,1,1,3,90,1,5,10,10,20
1873,2667,1718,949,1,33,"WA","Urban","6:00 PM - 12:00 AM",0,0,0,1,132,1,4,10,8,18
206,4426,2547,1879,1,43,"QLD","Urban","12:00 AM - 6:00 AM",0,0,1,3,78,4,4,9,9,18
166,4337,2095,2242,0,53,"WA","Regional","12:00 AM - 6:00 AM",0,0,1,3,168,4,3,4,4,8
1653,452,0,452,1,35,"VIC","Urban","6:00 PM - 12:00 AM",1,1,0,3,180,2,3,6,4,10
865,1897,1602,295,1,31,"NSW","Urban","6:00 PM - 12:00 AM",1,1,0,3,114,1,3,10,9,19
33,1743,1350,393,1,37,"WA","Urban","12:00 AM - 6:00 AM",0,1,0,3,12,2,4,0,0,0
468,330,0,330,1,23,"QLD","Urban","6:00 PM - 12:00 AM",0,1,1,3,156,1,3,6,6,12
1126,375,0,375,1,24,"TAS","Urban","6:00 AM - 12:00 PM",1,1,0,3,78,1,4,9,7,16
506,262,0,262,0,24,"NSW","Urban","6:00 PM - 12:00 AM",1,1,0,3,114,1,4,10,10,20
1321,144,0,144,1,21,"NSW","Urban","6:00 AM - 12:00 PM",1,1,1,3,42,1,2,1,2,3
976,1262,0,1262,0,47,"NT","Urban","6:00 AM - 12:00 PM",0,1,1,2,78,2,2,4,4,8
850,3487,1991,1496,1,46,"NSW","Urban","6:00 PM - 12:00 AM",0,0,1,2,72,1,3,6,5,11
1903,3765,1929,1836,0,45,"SA","Regional","6:00 PM - 12:00 AM",1,1,1,2,60,4,4,4,5,9
1198,993,0,993,0,43,"NSW","Urban","6:00 AM - 12:00 PM",1,1,1,3,36,1,3,5,3,8
88,162,0,162,1,23,"NSW","Regional","12:00 AM - 6:00 AM",1,0,1,3,102,1,2,8,6,14
727,4287,2268,2019,1,49,"VIC","Regional","6:00 PM - 12:00 AM",1,0,0,3,72,2,2,10,10,20
89,195,0,195,0,25,"NSW","Urban","12:00 AM - 6:00 AM",0,1,0,2,96,1,2,6,5,11
725,3234,1997,1237,0,49,"NSW","Urban","6:00 PM - 12:00 AM",0,0,1,3,12,4,2,0,0,0
1645,1101,0,1101,1,45,"VIC","Urban","6:00 PM - 12:00 AM",1,1,0,1,54,1,1,8,8,16
1850,4457,2359,2098,0,49,"NSW","Urban","6:00 PM - 12:00 AM",0,0,0,3,12,1,3,5,4,9
1613,1613,1280,333,0,35,"TAS","Urban","12:00 PM - 6:00 PM",0,1,0,3,108,2,5,8,8,16
1686,3716,2157,1559,0,54,"NT","Urban","6:00 PM - 12:00 AM",0,0,0,2,120,2,2,10,10,20
480,349,0,349,0,26,"VIC","Regional","12:00 PM - 6:00 PM",1,1,1,3,72,2,2,4,3,7
534,795,0,795,0,31,"NSW","Urban","6:00 PM - 12:00 AM",0,1,0,1,114,2,2,4,3,7
295,188,0,188,0,26,"NSW","Urban","12:00 AM - 6:00 AM",1,0,0,3,174,1,2,5,4,9
357,3602,1853,1749,0,60,"SA","Urban","6:00 PM - 12:00 AM",0,0,0,3,30,1,2,5,7,12
1785,3762,2255,1507,0,54,"WA","Regional","6:00 PM - 12:00 AM",1,0,1,1,84,4,3,10,10,20
1446,198,0,198,0,21,"VIC","Regional","12:00 PM - 6:00 PM",1,1,1,3,168,1,3,3,6,9
552,829,0,829,1,36,"QLD","Urban","6:00 PM - 12:00 AM",1,1,1,3,102,2,2,9,8,17
86,1353,1106,247,1,22,"NSW","Urban","12:00 AM - 6:00 AM",0,1,0,1,48,2,4,6,2,8
1331,984,0,984,0,37,"VIC","Urban","6:00 AM - 12:00 PM",0,1,0,3,150,1,2,10,8,18
1012,1491,1249,242,0,41,"ACT","Urban","6:00 AM - 12:00 PM",1,1,1,3,162,1,2,5,4,9
1500,769,0,769,1,26,"VIC","Urban","6:00 AM - 12:00 PM",1,1,1,1,96,1,3,6,6,12
1041,153,0,153,1,29,"VIC","Regional","6:00 AM - 12:00 PM",1,1,0,3,42,1,2,4,3,7
568,3383,1926,1457,0,53,"VIC","Regional","6:00 PM - 12:00 AM",1,0,0,2,30,2,3,4,5,9
1897,218,0,218,0,55,"SA","Urban","6:00 PM - 12:00 AM",0,0,0,1,120,1,3,10,10,20
828,1619,1302,317,0,38,"NSW","Remote","6:00 PM - 12:00 AM",1,1,0,3,72,1,3,4,4,8
55,2212,1941,271,0,43,"VIC","Urban","12:00 AM - 6:00 AM",1,1,1,2,138,2,2,2,4,6
290,339,0,339,0,25,"NSW","Urban","12:00 AM - 6:00 AM",1,1,0,3,30,2,3,2,2,4
1222,3969,2057,1912,0,49,"NSW","Urban","6:00 AM - 12:00 PM",1,0,0,2,102,3,2,6,8,14
1286,816,0,816,0,38,"NT","Urban","6:00 AM - 12:00 PM",0,1,0,3,120,1,3,4,4,8
1725,1134,0,1134,0,41,"VIC","Urban","6:00 PM - 12:00 AM",0,1,1,3,66,1,3,3,3,6
1348,919,0,919,1,36,"NSW","Urban","6:00 AM - 12:00 PM",1,1,0,1,114,1,3,6,6,12
506,262,0,262,0,24,"NSW","Urban","6:00 PM - 12:00 AM",1,1,0,3,114,1,4,10,10,20
1637,3506,1861,1645,0,59,"NT","Urban","6:00 PM - 12:00 AM",0,0,1,3,42,2,4,9,9,18
898,1064,0,1064,1,51,"TAS","Urban","6:00 AM - 12:00 PM",0,0,0,3,48,1,3,4,3,7
1854,4296,2417,1879,0,46,"VIC","Remote","6:00 PM - 12:00 AM",1,0,1,2,150,4,2,9,6,15
1900,1066,0,1066,0,35,"NT","Urban","6:00 PM - 12:00 AM",1,1,0,3,48,2,3,7,8,15
1385,384,0,384,0,23,"NSW","Urban","6:00 AM - 12:00 PM",1,1,0,3,12,1,4,1,0,1
1522,4108,2010,2098,0,42,"ACT","Regional","6:00 AM - 12:00 PM",0,0,1,3,162,2,4,9,9,18
1969,380,0,380,1,23,"QLD","Urban","6:00 PM - 12:00 AM",1,1,1,2,60,1,4,7,7,14
1649,2238,1382,856,1,47,"ACT","Urban","6:00 PM - 12:00 AM",0,0,1,2,180,4,3,6,6,12
1850,4457,2359,2098,0,49,"NSW","Urban","6:00 PM - 12:00 AM",0,0,0,3,12,1,3,5,4,9
484,197,0,197,0,59,"NT","Urban","6:00 PM - 12:00 AM",0,1,0,3,144,1,4,5,8,13
1352,749,0,749,0,30,"NSW","Urban","6:00 AM - 12:00 PM",1,1,0,2,126,2,4,7,8,15
604,1494,0,1494,1,43,"WA","Remote","6:00 PM - 12:00 AM",0,1,0,2,42,2,4,6,8,14
1633,749,0,749,1,35,"VIC","Urban","6:00 PM - 12:00 AM",1,1,0,3,54,2,3,3,3,6
88,162,0,162,1,23,"NSW","Regional","12:00 AM - 6:00 AM",1,0,1,3,102,1,2,8,6,14
1194,4267,2263,2004,0,51,"NSW","Urban","6:00 AM - 12:00 PM",0,0,0,3,102,3,3,7,7,14
181,3958,2064,1894,1,57,"ACT","Regional","12:00 AM - 6:00 AM",0,0,1,3,36,1,1,2,3,5
807,421,0,421,0,24,"NSW","Regional","6:00 PM - 12:00 AM",1,1,1,2,156,2,1,10,6,16
542,634,0,634,0,38,"WA","Urban","6:00 PM - 12:00 AM",0,1,0,2,60,2,2,8,8,16
766,1718,1311,407,1,38,"NSW","Urban","6:00 PM - 12:00 AM",1,1,0,1,126,2,1,2,2,4
1636,2339,1910,429,0,51,"VIC","Urban","6:00 PM - 12:00 AM",0,0,0,1,66,2,3,6,7,13
372,380,0,380,1,26,"NSW","Remote","6:00 PM - 12:00 AM",1,1,1,3,42,1,3,8,8,16
657,1466,1266,200,0,39,"NSW","Urban","12:00 PM - 6:00 PM",1,1,0,3,138,2,2,6,1,7
1852,501,0,501,1,22,"ACT","Urban","6:00 PM - 12:00 AM",0,1,0,3,162,1,2,3,1,4
1424,906,0,906,0,26,"NSW","Urban","12:00 PM - 6:00 PM",1,1,0,3,18,2,1,2,0,2
811,3117,1785,1332,0,49,"QLD","Regional","6:00 PM - 12:00 AM",0,0,1,3,84,4,4,10,10,20
452,716,0,716,0,44,"VIC","Urban","6:00 PM - 12:00 AM",1,1,1,3,108,1,2,6,8,14
793,446,0,446,0,20,"NSW","Urban","6:00 PM - 12:00 AM",1,1,0,1,138,1,1,4,5,9
1208,4243,2253,1990,0,56,"NSW","Urban","6:00 AM - 12:00 PM",1,0,1,3,162,1,3,2,1,3
974,2457,2183,274,0,58,"ACT","Remote","6:00 AM - 12:00 PM",0,0,0,1,12,4,3,4,7,11
883,1530,1174,356,0,44,"SA","Urban","6:00 AM - 12:00 PM",1,1,1,3,60,1,3,6,10,16
1581,1773,1618,155,1,34,"NSW","Remote","6:00 AM - 12:00 PM",1,1,1,3,132,2,4,5,5,10
1281,479,0,479,1,28,"NSW","Remote","6:00 AM - 12:00 PM",0,1,1,1,126,2,3,10,10,20
1284,601,0,601,1,35,"NSW","Urban","6:00 AM - 12:00 PM",1,1,1,3,66,1,4,6,10,16
1434,4346,1914,2432,0,55,"TAS","Urban","6:00 AM - 12:00 PM",0,1,0,3,30,4,2,6,3,9
199,3440,2326,1114,0,56,"SA","Urban","12:00 AM - 6:00 AM",0,0,0,1,156,4,2,8,6,14
1230,216,0,216,0,38,"NSW","Remote","6:00 AM - 12:00 PM",1,1,1,2,108,1,2,4,4,8
90,396,0,396,1,23,"SA","Urban","12:00 AM - 6:00 AM",0,0,0,3,132,1,4,8,8,16
1278,3421,1946,1475,1,46,"NSW","Urban","6:00 AM - 12:00 PM",0,0,0,3,12,2,3,0,4,4
1753,4525,2318,2207,0,49,"ACT","Remote","6:00 PM - 12:00 AM",0,0,1,2,174,4,3,7,6,13
308,921,0,921,1,40,"TAS","Urban","6:00 PM - 12:00 AM",1,1,1,3,84,2,4,8,8,16
1663,4563,2446,2117,1,58,"QLD","Regional","6:00 PM - 12:00 AM",0,0,0,3,90,4,2,10,9,19
958,364,0,364,0,22,"SA","Remote","6:00 AM - 12:00 PM",1,1,1,2,126,1,2,6,5,11
636,1276,0,1276,0,43,"TAS","Urban","6:00 PM - 12:00 AM",1,1,1,2,48,2,4,7,8,15
1949,3045,1540,1505,0,45,"VIC","Urban","6:00 PM - 12:00 AM",0,1,0,1,42,4,4,7,5,12
1194,4267,2263,2004,0,51,"NSW","Urban","6:00 AM - 12:00 PM",0,0,0,3,102,3,3,7,7,14
656,3923,2098,1825,1,56,"NSW","Urban","6:00 PM - 12:00 AM",1,0,0,3,156,1,4,2,1,3
357,3602,1853,1749,0,60,"SA","Urban","6:00 PM - 12:00 AM",0,0,0,3,30,1,2,5,7,12
470,4393,2168,2225,0,50,"QLD","Remote","6:00 PM - 12:00 AM",1,0,0,3,66,3,4,10,10,20
1385,384,0,384,0,23,"NSW","Urban","6:00 AM - 12:00 PM",1,1,0,3,12,1,4,1,0,1
196,1257,0,1257,0,30,"TAS","Regional","12:00 AM - 6:00 AM",1,1,1,3,150,1,2,1,5,6
1448,2934,1635,1299,1,49,"WA","Regional","6:00 AM - 12:00 PM",0,0,0,3,42,1,2,7,6,13
1826,2902,1699,1203,1,50,"ACT","Urban","6:00 PM - 12:00 AM",1,0,0,3,96,3,3,10,10,20
540,244,0,244,0,50,"NT","Urban","6:00 PM - 12:00 AM",0,1,0,2,180,1,2,0,0,0
1224,833,0,833,1,30,"TAS","Urban","12:00 PM - 6:00 PM",1,1,0,2,66,1,3,5,5,10
376,2958,1767,1191,0,58,"TAS","Urban","6:00 PM - 12:00 AM",0,1,1,2,72,3,3,6,3,9
1955,4314,2260,2054,1,43,"NSW","Regional","6:00 PM - 12:00 AM",0,0,0,2,84,3,2,9,10,19
1333,249,0,249,1,22,"NSW","Urban","6:00 AM - 12:00 PM",1,1,0,2,48,2,1,2,1,3
293,347,0,347,1,24,"SA","Urban","12:00 AM - 6:00 AM",1,0,0,3,102,1,3,10,10,20
1820,1197,0,1197,1,43,"NSW","Urban","6:00 PM - 12:00 AM",0,1,0,3,96,1,3,6,8,14
1293,267,0,267,1,25,"NT","Urban","6:00 AM - 12:00 PM",0,1,0,2,144,1,3,2,2,4
621,343,0,343,1,26,"NSW","Regional","6:00 PM - 12:00 AM",0,1,0,1,78,1,5,10,10,20
947,1407,1106,301,1,39,"SA","Urban","6:00 AM - 12:00 PM",1,1,1,1,48,2,4,6,5,11
929,259,0,259,1,38,"VIC","Urban","6:00 AM - 12:00 PM",1,1,1,2,72,1,5,3,6,9
778,1096,0,1096,0,35,"NT","Remote","6:00 PM - 12:00 AM",1,1,1,2,12,1,4,7,3,10
1971,3150,1676,1474,1,48,"SA","Urban","6:00 PM - 12:00 AM",0,0,0,3,36,2,3,2,2,4
876,1437,0,1437,0,39,"TAS","Urban","6:00 PM - 12:00 AM",1,0,1,1,18,1,2,2,0,2
343,2106,1616,490,0,44,"VIC","Urban","6:00 PM - 12:00 AM",1,1,0,3,180,2,2,2,3,5
1214,264,0,264,0,24,"VIC","Urban","6:00 AM - 12:00 PM",0,1,1,2,66,1,3,6,5,11
366,1455,1318,137,1,27,"VIC","Remote","6:00 PM - 12:00 AM",1,1,0,2,150,1,2,7,8,15
358,401,0,401,1,23,"NSW","Urban","12:00 PM - 6:00 PM",1,1,0,1,60,2,3,0,4,4
1267,284,0,284,0,22,"SA","Regional","6:00 AM - 12:00 PM",0,1,0,3,168,2,2,4,5,9
1098,2037,1526,511,1,40,"VIC","Urban","6:00 AM - 12:00 PM",1,1,0,3,162,1,3,0,3,3
639,4369,2247,2122,1,55,"NSW","Urban","6:00 PM - 12:00 AM",1,0,1,3,24,2,5,8,8,16
663,3788,1893,1895,1,42,"QLD","Urban","6:00 PM - 12:00 AM",0,0,1,1,120,1,4,5,5,10
88,162,0,162,1,23,"NSW","Regional","12:00 AM - 6:00 AM",1,0,1,3,102,1,2,8,6,14
881,1112,0,1112,1,54,"QLD","Regional","6:00 AM - 12:00 PM",0,0,0,3,18,2,3,6,5,11
1640,430,0,430,0,23,"ACT","Regional","6:00 PM - 12:00 AM",1,1,1,3,48,1,4,8,10,18
1728,181,0,181,1,52,"SA","Urban","6:00 PM - 12:00 AM",1,1,1,3,138,1,2,7,6,13
1757,271,0,271,1,23,"SA","Regional","12:00 PM - 6:00 PM",0,1,1,3,132,1,3,10,9,19
1212,217,0,217,0,56,"NSW","Remote","6:00 AM - 12:00 PM",1,1,0,3,102,1,2,6,6,12
1318,4237,2361,1876,1,59,"SA","Urban","6:00 AM - 12:00 PM",1,0,1,2,150,2,3,8,6,14
1334,2732,1730,1002,0,42,"NT","Remote","6:00 AM - 12:00 PM",1,1,0,3,24,1,4,4,4,8
514,3896,2272,1624,0,47,"NSW","Urban","6:00 PM - 12:00 AM",1,0,1,1,60,1,3,5,3,8
1092,3004,1760,1244,1,40,"NSW","Urban","6:00 AM - 12:00 PM",0,1,1,2,168,3,4,4,1,5
1464,3208,1815,1393,0,53,"VIC","Urban","6:00 AM - 12:00 PM",1,0,0,3,48,2,2,7,8,15
838,3018,1762,1256,0,50,"TAS","Urban","6:00 PM - 12:00 AM",0,0,1,3,78,4,3,5,5,10
1002,965,0,965,0,39,"WA","Urban","12:00 PM - 6:00 PM",0,1,0,3,24,1,3,0,1,1
1857,4604,2344,2260,1,46,"NSW","Urban","12:00 PM - 6:00 PM",1,0,0,2,30,1,3,4,5,9
344,1726,1381,345,0,42,"QLD","Urban","6:00 PM - 12:00 AM",1,1,0,2,60,2,3,5,5,10
412,278,0,278,0,24,"NSW","Regional","6:00 PM - 12:00 AM",1,1,1,1,150,2,3,6,6,12
1956,425,0,425,1,20,"NSW","Urban","6:00 PM - 12:00 AM",1,1,0,1,126,1,4,9,6,15
1041,153,0,153,1,29,"VIC","Regional","6:00 AM - 12:00 PM",1,1,0,3,42,1,2,4,3,7
1083,1430,1260,170,0,27,"NT","Regional","6:00 AM - 12:00 PM",1,1,1,3,72,1,2,7,5,12
43,3818,2089,1729,0,59,"NSW","Urban","12:00 AM - 6:00 AM",1,0,1,3,66,2,3,10,10,20
710,3315,1806,1509,1,45,"NSW","Regional","6:00 PM - 12:00 AM",1,0,0,3,126,1,1,2,3,5
1514,669,0,669,0,27,"TAS","Remote","6:00 AM - 12:00 PM",1,1,1,3,12,1,2,6,2,8
201,4456,2135,2321,1,52,"NSW","Urban","12:00 AM - 6:00 AM",0,0,1,1,174,4,3,8,5,13
1296,691,0,691,0,24,"NSW","Urban","6:00 AM - 12:00 PM",0,1,0,2,72,1,1,7,6,13
1976,2959,1626,1333,1,60,"TAS","Urban","6:00 PM - 12:00 AM",0,0,1,3,120,1,2,10,9,19
158,304,0,304,0,18,"NSW","Urban","12:00 PM - 6:00 PM",1,1,0,2,126,1,3,9,7,16
1733,3360,1800,1560,0,54,"NT","Urban","6:00 PM - 12:00 AM",0,0,1,3,60,2,3,8,7,15
513,3710,2013,1697,0,58,"QLD","Remote","12:00 PM - 6:00 PM",0,0,1,1,48,2,2,9,10,19
1541,4152,2308,1844,1,53,"NSW","Regional","6:00 AM - 12:00 PM",0,0,0,3,30,1,2,0,1,1
885,1295,0,1295,1,57,"QLD","Urban","6:00 AM - 12:00 PM",0,0,0,3,90,1,2,8,9,17
1519,1741,1574,167,0,27,"QLD","Regional","6:00 AM - 12:00 PM",1,1,0,3,12,2,2,0,0,0
923,903,0,903,1,29,"QLD","Urban","6:00 AM - 12:00 PM",1,1,0,2,174,2,4,5,7,12
1430,2017,1501,516,1,33,"VIC","Regional","6:00 AM - 12:00 PM",1,1,0,1,18,1,3,0,0,0
1790,1288,1092,196,0,34,"NSW","Urban","6:00 PM - 12:00 AM",1,1,0,3,132,2,2,9,6,15
734,3512,2201,1311,0,46,"QLD","Urban","6:00 PM - 12:00 AM",1,0,1,3,156,1,3,1,1,2
327,181,0,181,0,25,"VIC","Urban","6:00 PM - 12:00 AM",1,1,1,2,96,1,2,7,8,15
1292,4068,2311,1757,0,46,"NSW","Urban","6:00 AM - 12:00 PM",0,0,0,3,54,2,3,4,3,7
1602,1797,1506,291,1,29,"VIC","Urban","12:00 PM - 6:00 PM",1,1,0,3,144,1,3,10,9,19
1016,1400,1079,321,1,39,"ACT","Urban","6:00 AM - 12:00 PM",1,1,0,3,90,2,2,10,8,18
1610,2131,1667,464,0,33,"NSW","Urban","6:00 AM - 12:00 PM",1,0,1,1,156,2,2,5,5,10
1799,2961,1466,1495,0,50,"SA","Regional","6:00 PM - 12:00 AM",1,0,1,3,120,2,2,9,8,17
1395,679,0,679,1,34,"VIC","Regional","6:00 AM - 12:00 PM",1,1,1,1,72,1,2,5,5,10
610,3963,1858,2105,0,56,"NT","Remote","6:00 PM - 12:00 AM",0,0,0,3,174,3,2,6,5,11
992,1434,0,1434,0,51,"VIC","Regional","6:00 AM - 12:00 PM",0,1,1,3,84,4,2,9,8,17
651,3687,1928,1759,0,53,"NSW","Urban","6:00 PM - 12:00 AM",0,0,1,3,78,2,2,8,8,16
1926,2046,1821,225,0,36,"SA","Urban","6:00 PM - 12:00 AM",0,0,0,1,96,1,3,7,6,13
693,2970,1594,1376,0,42,"WA","Urban","6:00 PM - 12:00 AM",1,0,1,3,126,3,2,9,8,17
1192,436,0,436,1,24,"NSW","Regional","6:00 AM - 12:00 PM",1,1,0,3,150,1,3,3,0,3
1525,3042,1690,1352,0,46,"NSW","Regional","6:00 AM - 12:00 PM",0,0,0,1,114,4,2,8,10,18
6,500,0,500,0,33,"SA","Urban","12:00 AM - 6:00 AM",1,1,0,3,150,1,3,2,5,7
1788,3757,2137,1620,1,50,"NT","Remote","6:00 PM - 12:00 AM",1,0,1,3,54,4,3,8,10,18
1235,210,0,210,1,24,"NSW","Remote","6:00 AM - 12:00 PM",1,1,0,2,126,1,4,4,8,12
61,3325,1928,1397,1,57,"VIC","Urban","12:00 AM - 6:00 AM",1,0,1,3,24,1,3,0,0,0
1260,3003,1676,1327,0,56,"QLD","Urban","6:00 AM - 12:00 PM",1,0,0,1,114,2,1,8,6,14
574,918,0,918,1,40,"NSW","Urban","6:00 PM - 12:00 AM",0,1,0,3,126,1,3,5,5,10
376,2958,1767,1191,0,58,"TAS","Urban","6:00 PM - 12:00 AM",0,1,1,2,72,3,3,6,3,9
898,1064,0,1064,1,51,"TAS","Urban","6:00 AM - 12:00 PM",0,0,0,3,48,1,3,4,3,7
590,4396,2155,2241,1,56,"ACT","Urban","6:00 PM - 12:00 AM",1,0,0,3,150,4,3,5,4,9
169,501,0,501,1,34,"NSW","Urban","12:00 PM - 6:00 PM",1,1,0,3,120,1,3,9,8,17
1533,1606,1305,301,0,26,"NSW","Remote","6:00 AM - 12:00 PM",1,1,0,3,48,2,3,5,4,9
777,544,0,544,0,26,"NSW","Regional","6:00 PM - 12:00 AM",1,1,1,3,126,1,2,8,5,13
890,390,0,390,1,22,"VIC","Urban","12:00 PM - 6:00 PM",1,1,1,3,126,1,3,8,5,13
192,1334,0,1334,0,35,"WA","Urban","12:00 AM - 6:00 AM",1,1,1,3,96,2,3,7,10,17
1126,375,0,375,1,24,"TAS","Urban","6:00 AM - 12:00 PM",1,1,0,3,78,1,4,9,7,16
1090,3447,2285,1162,0,56,"VIC","Urban","12:00 PM - 6:00 PM",1,0,1,3,54,3,2,5,3,8
188,257,0,257,0,38,"NSW","Urban","12:00 AM - 6:00 AM",1,1,1,3,174,1,2,7,7,14
1647,1415,0,1415,1,49,"VIC","Urban","6:00 PM - 12:00 AM",0,1,1,1,156,2,3,2,1,3
1136,1718,0,1718,1,44,"QLD","Urban","12:00 PM - 6:00 PM",1,1,0,3,132,2,2,8,8,16
432,162,0,162,1,22,"NT","Urban","6:00 PM - 12:00 AM",1,1,0,3,30,1,4,7,6,13
272,4199,2172,2027,0,47,"NSW","Urban","12:00 AM - 6:00 AM",0,1,0,3,174,3,2,0,0,0
655,175,0,175,1,56,"ACT","Urban","6:00 PM - 12:00 AM",0,1,1,2,42,1,3,2,1,3
1259,218,0,218,0,58,"NSW","Remote","6:00 AM - 12:00 PM",1,1,1,2,108,1,3,7,3,10
467,4606,2444,2162,1,46,"QLD","Regional","6:00 PM - 12:00 AM",1,0,1,1,30,2,4,3,3,6
831,3246,1739,1507,1,44,"SA","Urban","6:00 PM - 12:00 AM",0,0,1,2,96,3,4,10,10,20
1327,894,0,894,1,36,"NSW","Regional","6:00 AM - 12:00 PM",1,1,0,3,96,1,4,10,6,16
497,606,0,606,1,35,"NSW","Regional","6:00 PM - 12:00 AM",0,1,0,3,120,1,5,9,10,19
1286,816,0,816,0,38,"NT","Urban","6:00 AM - 12:00 PM",0,1,0,3,120,1,3,4,4,8
539,3902,1871,2031,0,46,"WA","Urban","6:00 PM - 12:00 AM",1,0,0,3,30,4,4,5,5,10
16,416,0,416,1,28,"QLD","Urban","12:00 AM - 6:00 AM",0,1,1,2,126,2,2,7,5,12
1172,4462,2053,2409,0,59,"VIC","Regional","6:00 AM - 12:00 PM",0,0,0,3,24,3,4,6,2,8
41,1987,1773,214,0,43,"WA","Urban","12:00 AM - 6:00 AM",1,1,1,1,174,1,3,0,0,0
431,1020,0,1020,1,40,"NT","Urban","6:00 PM - 12:00 AM",1,1,0,3,72,1,3,7,7,14
721,4354,2408,1946,1,46,"ACT","Regional","6:00 PM - 12:00 AM",0,0,1,1,42,1,4,4,3,7
102,715,0,715,1,39,"VIC","Urban","12:00 PM - 6:00 PM",1,1,1,3,144,2,3,5,6,11
489,4007,2348,1659,0,53,"QLD","Regional","6:00 PM - 12:00 AM",1,0,0,3,84,4,4,9,10,19
1307,294,0,294,0,24,"NT","Urban","6:00 AM - 12:00 PM",1,1,1,1,66,2,3,6,6,12
872,3381,1813,1568,1,43,"QLD","Urban","6:00 PM - 12:00 AM",0,0,0,3,180,3,3,4,5,9
983,878,0,878,0,35,"VIC","Urban","6:00 AM - 12:00 PM",1,1,1,3,138,1,2,10,10,20
1239,322,0,322,0,23,"SA","Urban","6:00 AM - 12:00 PM",0,1,0,3,138,1,3,7,6,13
768,201,0,201,1,33,"WA","Regional","12:00 PM - 6:00 PM",1,1,1,3,78,1,2,4,3,7
1757,271,0,271,1,23,"SA","Regional","12:00 PM - 6:00 PM",0,1,1,3,132,1,3,10,9,19
1601,1710,1437,273,1,37,"TAS","Urban","6:00 AM - 12:00 PM",1,0,0,3,174,1,2,5,2,7
175,1964,1670,294,0,33,"NSW","Urban","12:00 AM - 6:00 AM",1,1,0,2,162,2,2,9,5,14
1513,413,0,413,1,26,"QLD","Urban","12:00 PM - 6:00 PM",1,1,1,2,84,2,3,4,3,7
861,850,0,850,1,24,"NSW","Regional","6:00 PM - 12:00 AM",1,0,0,2,150,2,4,7,7,14
1883,1651,1409,242,1,24,"WA","Urban","6:00 PM - 12:00 AM",0,0,0,3,180,1,4,0,3,3
1665,329,0,329,0,23,"ACT","Urban","6:00 PM - 12:00 AM",1,1,0,3,126,2,4,6,8,14
734,3512,2201,1311,0,46,"QLD","Urban","6:00 PM - 12:00 AM",1,0,1,3,156,1,3,1,1,2
1680,948,0,948,1,30,"QLD","Urban","12:00 PM - 6:00 PM",0,1,1,3,174,2,2,4,2,6
1223,289,0,289,0,24,"NSW","Regional","6:00 AM - 12:00 PM",0,1,0,2,30,1,2,1,0,1
465,3448,1628,1820,0,50,"NSW","Urban","6:00 PM - 12:00 AM",0,0,1,3,90,2,3,10,10,20
1392,501,0,501,0,39,"VIC","Urban","6:00 AM - 12:00 PM",1,1,0,3,60,1,3,1,5,6
437,3174,1854,1320,1,52,"NSW","Urban","6:00 PM - 12:00 AM",0,0,0,3,114,2,2,5,4,9
254,3023,1714,1309,0,41,"NSW","Urban","12:00 AM - 6:00 AM",0,0,0,3,66,1,5,8,7,15
87,268,0,268,1,28,"VIC","Regional","12:00 AM - 6:00 AM",1,0,1,3,72,1,4,7,7,14
770,3906,2260,1646,0,57,"WA","Remote","6:00 PM - 12:00 AM",0,0,0,3,114,1,4,9,8,17
1210,269,0,269,0,52,"ACT","Remote","6:00 AM - 12:00 PM",1,1,0,1,168,1,4,1,5,6
742,428,0,428,0,22,"QLD","Urban","6:00 PM - 12:00 AM",1,0,0,3,120,2,2,10,10,20
749,3363,1764,1599,1,52,"QLD","Urban","6:00 PM - 12:00 AM",0,0,0,2,114,3,2,6,6,12
1294,3328,2004,1324,1,49,"TAS","Urban","6:00 AM - 12:00 PM",0,0,0,3,114,1,4,8,8,16
400,222,0,222,1,21,"NSW","Regional","6:00 PM - 12:00 AM",1,1,0,3,72,1,3,4,5,9
599,1681,1448,233,0,35,"VIC","Urban","6:00 PM - 12:00 AM",1,1,1,3,24,2,3,4,5,9
837,3701,2246,1455,1,52,"SA","Regional","6:00 PM - 12:00 AM",0,0,0,3,114,3,3,10,10,20
1621,3444,1772,1672,1,54,"VIC","Urban","6:00 PM - 12:00 AM",0,0,1,3,132,3,3,7,7,14
539,3902,1871,2031,0,46,"WA","Urban","6:00 PM - 12:00 AM",1,0,0,3,30,4,4,5,5,10
1315,4408,2264,2144,0,46,"NSW","Urban","6:00 AM - 12:00 PM",0,0,1,2,114,2,3,5,5,10
1803,1888,1634,254,1,37,"VIC","Urban","6:00 PM - 12:00 AM",0,1,0,3,84,2,4,10,10,20
1544,4137,2304,1833,0,55,"ACT","Urban","6:00 AM - 12:00 PM",0,0,1,2,180,2,3,6,7,13
424,612,0,612,0,38,"SA","Urban","12:00 PM - 6:00 PM",1,1,1,3,162,1,4,3,3,6
290,339,0,339,0,25,"NSW","Urban","12:00 AM - 6:00 AM",1,1,0,3,30,2,3,2,2,4
305,3536,1852,1684,0,59,"WA","Urban","6:00 PM - 12:00 AM",0,0,0,3,48,3,1,5,3,8
1305,4264,2092,2172,1,51,"SA","Regional","6:00 AM - 12:00 PM",1,0,0,1,126,3,2,4,2,6
626,3837,2069,1768,1,52,"NSW","Regional","6:00 PM - 12:00 AM",1,0,0,3,72,1,2,6,3,9
1153,337,0,337,1,21,"WA","Urban","6:00 AM - 12:00 PM",1,1,0,3,96,2,2,9,9,18
298,194,0,194,1,34,"NSW","Urban","12:00 AM - 6:00 AM",1,0,0,2,66,1,3,5,4,9
1358,313,0,313,0,22,"ACT","Regional","12:00 PM - 6:00 PM",1,1,0,3,114,2,3,7,6,13
1222,3969,2057,1912,0,49,"NSW","Urban","6:00 AM - 12:00 PM",1,0,0,2,102,3,2,6,8,14
1325,3393,2030,1363,0,57,"NSW","Urban","6:00 AM - 12:00 PM",1,0,0,3,54,1,4,1,4,5
396,3683,2037,1646,0,47,"NSW","Urban","6:00 PM - 12:00 AM",0,0,1,2,162,3,2,7,5,12
885,1295,0,1295,1,57,"QLD","Urban","6:00 AM - 12:00 PM",0,0,0,3,90,1,2,8,9,17
345,2653,1259,1394,0,37,"QLD","Urban","6:00 PM - 12:00 AM",1,1,0,3,120,3,5,6,5,11
779,1482,1256,226,0,26,"VIC","Urban","12:00 PM - 6:00 PM",1,1,1,1,48,1,3,3,2,5
878,2957,1748,1209,0,47,"NSW","Urban","6:00 PM - 12:00 AM",0,0,0,3,132,3,4,7,7,14
1965,1187,0,1187,0,30,"NT","Regional","6:00 PM - 12:00 AM",1,1,0,2,138,2,2,6,5,11
986,654,0,654,1,43,"QLD","Regional","6:00 AM - 12:00 PM",1,1,0,3,60,1,2,5,5,10
1121,199,0,199,1,24,"NT","Regional","6:00 AM - 12:00 PM",1,1,0,3,144,1,3,4,4,8
326,990,0,990,0,44,"QLD","Remote","6:00 PM - 12:00 AM",1,1,0,3,12,1,3,3,2,5
1347,4472,2305,2167,0,48,"NSW","Urban","12:00 PM - 6:00 PM",1,0,0,3,114,2,2,6,6,12
1489,4181,2112,2069,0,53,"TAS","Urban","6:00 AM - 12:00 PM",0,0,1,2,174,1,1,4,5,9
1444,3032,1745,1287,1,36,"ACT","Remote","6:00 AM - 12:00 PM",1,1,1,2,114,3,4,7,8,15
548,285,0,285,1,24,"ACT","Urban","6:00 PM - 12:00 AM",1,1,0,2,30,2,3,0,0,0
255,329,0,329,0,20,"VIC","Regional","12:00 AM - 6:00 AM",1,0,0,3,120,2,4,8,6,14
963,335,0,335,0,20,"VIC","Urban","6:00 AM - 12:00 PM",1,1,1,3,174,2,4,7,2,9
145,4529,2607,1922,0,49,"VIC","Urban","12:00 AM - 6:00 AM",0,0,0,2,48,2,4,9,10,19
1568,357,0,357,0,22,"VIC","Urban","6:00 AM - 12:00 PM",1,1,0,3,18,1,3,3,4,7
769,4401,2028,2373,1,44,"NSW","Regional","6:00 PM - 12:00 AM",0,0,1,3,30,4,4,5,4,9
129,336,0,336,0,20,"WA","Urban","12:00 AM - 6:00 AM",1,0,1,2,114,1,1,4,3,7
370,158,0,158,0,27,"VIC","Urban","6:00 PM - 12:00 AM",1,1,1,3,90,1,4,4,7,11
1593,2936,1721,1215,0,47,"NSW","Urban","6:00 AM - 12:00 PM",0,1,0,3,168,2,3,3,0,3
1047,358,0,358,1,21,"VIC","Urban","6:00 AM - 12:00 PM",1,1,1,3,36,1,4,6,3,9
50,194,0,194,0,38,"VIC","Regional","12:00 AM - 6:00 AM",0,1,0,2,48,1,4,4,5,9
602,279,0,279,1,20,"NSW","Urban","12:00 PM - 6:00 PM",1,1,1,1,102,1,3,4,4,8
1948,427,0,427,1,25,"SA","Urban","6:00 PM - 12:00 AM",0,0,0,3,24,1,2,2,1,3
1502,2977,1909,1068,0,60,"SA","Urban","12:00 PM - 6:00 PM",0,0,0,3,18,3,2,6,1,7
1503,3335,1732,1603,0,45,"WA","Urban","6:00 AM - 12:00 PM",0,0,0,2,12,1,2,0,0,0
1290,603,0,603,0,30,"VIC","Urban","6:00 AM - 12:00 PM",0,1,1,3,168,2,4,6,7,13
1120,2565,1385,1180,0,43,"ACT","Regional","6:00 AM - 12:00 PM",1,1,0,3,108,1,4,5,4,9
1175,3715,1779,1936,0,55,"VIC","Urban","6:00 AM - 12:00 PM",1,0,1,3,30,1,4,5,4,9
86,1353,1106,247,1,22,"NSW","Urban","12:00 AM - 6:00 AM",0,1,0,1,48,2,4,6,2,8
1222,3969,2057,1912,0,49,"NSW","Urban","6:00 AM - 12:00 PM",1,0,0,2,102,3,2,6,8,14
908,166,0,166,0,20,"VIC","Urban","6:00 AM - 12:00 PM",1,1,0,3,42,1,3,3,2,5
374,1560,1354,206,1,34,"VIC","Urban","6:00 PM - 12:00 AM",1,1,0,2,78,2,2,10,9,19
398,645,0,645,1,45,"SA","Urban","6:00 PM - 12:00 AM",1,1,0,3,72,2,2,4,3,7
409,4197,2031,2166,1,50,"VIC","Urban","6:00 PM - 12:00 AM",1,0,0,3,60,3,1,6,1,7
1275,1515,1326,189,1,35,"SA","Urban","6:00 AM - 12:00 PM",0,1,1,3,126,1,2,8,3,11
1973,327,0,327,0,21,"NSW","Urban","6:00 PM - 12:00 AM",1,1,0,3,180,2,2,0,0,0
1182,4156,2053,2103,0,57,"VIC","Regional","6:00 AM - 12:00 PM",0,0,1,2,150,2,3,8,6,14
107,221,0,221,0,55,"ACT","Urban","12:00 AM - 6:00 AM",0,1,0,3,78,1,2,5,4,9
820,3293,1633,1660,1,50,"NSW","Regional","6:00 PM - 12:00 AM",0,0,1,3,96,3,3,9,9,18
1653,452,0,452,1,35,"VIC","Urban","6:00 PM - 12:00 AM",1,1,0,3,180,2,3,6,4,10
1213,315,0,315,1,22,"NSW","Urban","12:00 PM - 6:00 PM",1,1,0,2,174,2,3,4,8,12
26,3813,1933,1880,0,60,"WA","Urban","12:00 AM - 6:00 AM",1,0,0,1,84,1,2,9,5,14
1854,4296,2417,1879,0,46,"VIC","Remote","6:00 PM - 12:00 AM",1,0,1,2,150,4,2,9,6,15
612,301,0,301,1,20,"WA","Urban","6:00 PM - 12:00 AM",0,1,0,1,60,2,3,5,8,13
637,3261,1706,1555,0,47,"QLD","Remote","6:00 PM - 12:00 AM",0,0,0,3,66,2,4,10,10,20
1400,188,0,188,0,42,"NSW","Urban","6:00 AM - 12:00 PM",1,0,0,2,108,1,5,8,5,13
1607,2743,1843,900,1,49,"NSW","Remote","6:00 AM - 12:00 PM",0,1,1,3,36,4,2,1,5,6
1758,483,0,483,1,30,"VIC","Urban","6:00 PM - 12:00 AM",0,1,0,3,30,2,4,3,0,3
348,1022,0,1022,0,41,"SA","Regional","6:00 PM - 12:00 AM",1,1,0,2,54,1,3,9,9,18
492,4040,2204,1836,1,59,"NT","Remote","6:00 PM - 12:00 AM",0,0,1,3,144,4,2,7,9,16
1656,802,0,802,1,27,"VIC","Urban","6:00 PM - 12:00 AM",1,1,1,2,78,2,2,9,7,16
1039,1456,0,1456,0,48,"ACT","Urban","6:00 AM - 12:00 PM",0,1,1,3,18,1,4,0,4,4
661,1487,0,1487,1,40,"NSW","Urban","6:00 PM - 12:00 AM",1,1,1,2,162,2,2,6,7,13
796,4279,2349,1930,0,47,"WA","Urban","6:00 PM - 12:00 AM",0,0,0,2,66,3,3,10,10,20
48,1481,1310,171,1,36,"NSW","Urban","12:00 AM - 6:00 AM",1,1,0,3,18,2,4,1,0,1
1472,2497,1510,987,1,40,"NSW","Urban","6:00 AM - 12:00 PM",1,1,1,3,90,4,5,8,8,16
592,4117,1884,2233,0,57,"VIC","Urban","6:00 PM - 12:00 AM",0,0,0,3,156,2,2,2,6,8
194,367,0,367,1,23,"NSW","Regional","12:00 AM - 6:00 AM",1,1,0,3,144,2,3,9,6,15
1813,3126,1635,1491,1,48,"NSW","Regional","12:00 PM - 6:00 PM",0,0,0,3,96,2,4,8,4,12
33,1743,1350,393,1,37,"WA","Urban","12:00 AM - 6:00 AM",0,1,0,3,12,2,4,0,0,0
904,511,0,511,1,23,"WA","Regional","6:00 AM - 12:00 PM",1,1,0,2,96,2,3,8,7,15
55,2212,1941,271,0,43,"VIC","Urban","12:00 AM - 6:00 AM",1,1,1,2,138,2,2,2,4,6
396,3683,2037,1646,0,47,"NSW","Urban","6:00 PM - 12:00 AM",0,0,1,2,162,3,2,7,5,12
385,3397,1791,1606,0,57,"VIC","Urban","6:00 PM - 12:00 AM",0,0,1,3,156,4,3,6,3,9
426,417,0,417,0,26,"NT","Regional","6:00 PM - 12:00 AM",1,1,0,1,156,1,3,6,6,12
206,4426,2547,1879,1,43,"QLD","Urban","12:00 AM - 6:00 AM",0,0,1,3,78,4,4,9,9,18
837,3701,2246,1455,1,52,"SA","Regional","6:00 PM - 12:00 AM",0,0,0,3,114,3,3,10,10,20
394,4428,2437,1991,1,58,"VIC","Regional","6:00 PM - 12:00 AM",0,0,0,3,132,2,2,9,9,18
1266,3725,1701,2024,0,58,"VIC","Urban","6:00 AM - 12:00 PM",1,0,0,1,72,3,3,7,4,11
857,3759,2216,1543,1,53,"QLD","Urban","12:00 PM - 6:00 PM",1,0,1,2,132,3,3,10,9,19
1511,4308,2268,2040,0,53,"NSW","Urban","6:00 AM - 12:00 PM",0,0,0,3,18,1,2,6,5,11
1016,1400,1079,321,1,39,"ACT","Urban","6:00 AM - 12:00 PM",1,1,0,3,90,2,2,10,8,18
67,351,0,351,1,22,"NSW","Urban","12:00 AM - 6:00 AM",0,1,1,3,162,1,3,6,4,10
1639,1376,0,1376,0,47,"VIC","Urban","6:00 PM - 12:00 AM",0,0,0,3,54,2,3,7,7,14
264,3586,2147,1439,0,52,"NT","Regional","12:00 AM - 6:00 AM",0,0,0,1,48,2,5,10,10,20
893,1465,0,1465,1,43,"QLD","Urban","6:00 AM - 12:00 PM",1,1,0,1,126,4,2,6,4,10
1012,1491,1249,242,0,41,"ACT","Urban","6:00 AM - 12:00 PM",1,1,1,3,162,1,2,5,4,9
1687,3658,2111,1547,0,57,"NSW","Regional","6:00 PM - 12:00 AM",1,0,0,2,150,3,2,4,4,8
1378,361,0,361,0,21,"NSW","Urban","6:00 AM - 12:00 PM",1,1,0,2,72,2,2,7,7,14
1692,401,0,401,1,21,"NT","Urban","6:00 PM - 12:00 AM",1,1,0,3,90,2,3,6,5,11
790,1128,0,1128,0,33,"VIC","Urban","6:00 PM - 12:00 AM",1,1,0,2,96,2,4,8,8,16
1168,1401,1121,280,1,31,"QLD","Urban","6:00 AM - 12:00 PM",1,1,1,3,24,2,4,2,0,2
1149,2679,1656,1023,0,40,"WA","Regional","6:00 AM - 12:00 PM",1,1,0,3,90,3,3,7,7,14
880,214,0,214,1,47,"ACT","Urban","6:00 PM - 12:00 AM",1,0,0,3,162,1,4,6,6,12
642,3229,1879,1350,1,59,"NSW","Urban","6:00 PM - 12:00 AM",1,1,0,3,132,2,3,8,3,11
805,4487,2791,1696,0,47,"NT","Remote","6:00 PM - 12:00 AM",0,0,0,3,120,3,4,10,10,20
1784,423,0,423,1,26,"NSW","Remote","6:00 PM - 12:00 AM",0,1,1,3,66,1,3,10,10,20
1282,1370,1233,137,1,31,"TAS","Remote","6:00 AM - 12:00 PM",1,1,0,1,144,1,3,4,8,12
1296,691,0,691,0,24,"NSW","Urban","6:00 AM - 12:00 PM",0,1,0,2,72,1,1,7,6,13
276,1917,1486,431,1,39,"SA","Urban","12:00 AM - 6:00 AM",1,0,0,2,108,2,4,10,7,17
825,3689,2066,1623,0,43,"NSW","Urban","6:00 PM - 12:00 AM",0,0,0,2,12,1,5,0,0,0
1146,3416,2123,1293,1,51,"NSW","Urban","6:00 AM - 12:00 PM",1,0,1,3,36,3,3,6,5,11
1156,303,0,303,1,24,"NSW","Regional","6:00 AM - 12:00 PM",0,1,1,3,72,2,2,5,5,10
1247,1661,1340,321,0,33,"TAS","Urban","12:00 PM - 6:00 PM",1,1,1,1,24,2,2,2,0,2
1454,204,0,204,0,25,"TAS","Regional","6:00 AM - 12:00 PM",0,1,1,3,120,1,2,10,8,18
910,2141,1363,778,0,59,"WA","Remote","6:00 AM - 12:00 PM",0,0,0,2,30,1,5,7,7,14
614,191,0,191,0,42,"SA","Remote","6:00 PM - 12:00 AM",0,1,1,3,72,1,2,3,6,9
1656,802,0,802,1,27,"VIC","Urban","6:00 PM - 12:00 AM",1,1,1,2,78,2,2,9,7,16
571,199,0,199,1,20,"NSW","Urban","6:00 PM - 12:00 AM",1,1,0,1,114,1,5,9,10,19
1503,3335,1732,1603,0,45,"WA","Urban","6:00 AM - 12:00 PM",0,0,0,2,12,1,2,0,0,0
1198,993,0,993,0,43,"NSW","Urban","6:00 AM - 12:00 PM",1,1,1,3,36,1,3,5,3,8
1405,420,0,420,0,20,"NSW","Urban","6:00 AM - 12:00 PM",0,0,0,2,30,1,3,5,7,12
344,1726,1381,345,0,42,"QLD","Urban","6:00 PM - 12:00 AM",1,1,0,2,60,2,3,5,5,10
757,3827,2001,1826,1,46,"QLD","Urban","12:00 PM - 6:00 PM",1,0,1,1,180,2,3,6,5,11
912,2140,1655,485,0,60,"VIC","Urban","6:00 AM - 12:00 PM",0,0,0,3,96,1,3,6,6,12
1321,144,0,144,1,21,"NSW","Urban","6:00 AM - 12:00 PM",1,1,1,3,42,1,2,1,2,3
1909,1049,0,1049,0,37,"NSW","Regional","6:00 PM - 12:00 AM",1,0,0,1,24,1,3,7,5,12
1267,284,0,284,0,22,"SA","Regional","6:00 AM - 12:00 PM",0,1,0,3,168,2,2,4,5,9
489,4007,2348,1659,0,53,"QLD","Regional","6:00 PM - 12:00 AM",1,0,0,3,84,4,4,9,10,19
481,277,0,277,1,21,"NSW","Urban","6:00 PM - 12:00 AM",0,1,0,3,132,2,4,7,4,11
652,4385,2388,1997,0,60,"VIC","Regional","6:00 PM - 12:00 AM",0,0,1,3,180,2,2,4,2,6
1310,3529,1617,1912,1,46,"WA","Urban","6:00 AM - 12:00 PM",1,0,1,3,42,1,5,3,0,3
759,218,0,218,1,21,"ACT","Regional","6:00 PM - 12:00 AM",1,1,1,3,48,1,4,3,3,6
481,277,0,277,1,21,"NSW","Urban","6:00 PM - 12:00 AM",0,1,0,3,132,2,4,7,4,11
147,165,0,165,0,28,"NSW","Urban","12:00 PM - 6:00 PM",1,1,1,3,12,1,2,0,0,0
1138,4713,2072,2641,0,46,"ACT","Urban","6:00 AM - 12:00 PM",0,0,0,2,114,3,2,5,5,10
650,3915,2296,1619,0,56,"ACT","Urban","6:00 PM - 12:00 AM",1,0,0,3,162,2,3,1,0,1
350,722,0,722,1,25,"VIC","Urban","6:00 PM - 12:00 AM",1,1,1,1,120,1,3,10,9,19
773,2068,1748,320,1,35,"NT","Urban","6:00 PM - 12:00 AM",1,1,1,3,150,1,3,10,6,16
649,207,0,207,1,46,"NSW","Urban","6:00 PM - 12:00 AM",0,1,0,1,168,1,2,9,4,13
1240,1198,0,1198,0,39,"TAS","Urban","6:00 AM - 12:00 PM",0,1,1,3,78,2,3,8,10,18
352,3223,2019,1204,0,59,"VIC","Remote","6:00 PM - 12:00 AM",0,0,1,1,138,1,3,6,7,13
1807,370,0,370,0,20,"WA","Urban","6:00 PM - 12:00 AM",0,1,0,3,138,1,3,8,10,18
1387,177,0,177,0,49,"SA","Urban","6:00 AM - 12:00 PM",1,1,0,3,150,1,2,5,5,10
603,400,0,400,1,28,"NSW","Urban","6:00 PM - 12:00 AM",0,1,0,3,66,1,3,7,7,14
1613,1613,1280,333,0,35,"TAS","Urban","12:00 PM - 6:00 PM",0,1,0,3,108,2,5,8,8,16
676,3850,2046,1804,1,58,"VIC","Urban","6:00 PM - 12:00 AM",0,1,0,1,36,2,5,1,1,2
1014,2208,1824,384,1,53,"VIC","Urban","6:00 AM - 12:00 PM",0,1,0,3,78,1,2,1,4,5
1312,1830,1368,462,1,43,"NSW","Regional","6:00 AM - 12:00 PM",1,1,1,1,174,1,4,5,4,9
483,1445,1240,205,1,33,"NSW","Urban","6:00 PM - 12:00 AM",1,1,1,3,78,2,2,3,3,6
1672,479,0,479,0,27,"NSW","Urban","6:00 PM - 12:00 AM",1,1,1,3,60,2,3,9,10,19
1563,1659,1378,281,1,30,"QLD","Urban","6:00 AM - 12:00 PM",1,1,1,3,120,1,2,4,3,7
740,198,0,198,1,30,"NT","Regional","6:00 PM - 12:00 AM",0,1,0,3,120,1,3,8,7,15
1245,1010,0,1010,1,42,"QLD","Urban","6:00 AM - 12:00 PM",0,1,0,3,108,2,3,4,3,7
1358,313,0,313,0,22,"ACT","Regional","12:00 PM - 6:00 PM",1,1,0,3,114,2,3,7,6,13
1034,489,0,489,0,37,"VIC","Urban","6:00 AM - 12:00 PM",1,1,0,2,30,2,2,7,5,12
1641,1774,0,1774,1,51,"VIC","Regional","6:00 PM - 12:00 AM",1,1,1,3,90,3,3,10,9,19
1220,1570,1385,185,1,33,"NSW","Regional","6:00 AM - 12:00 PM",1,1,0,1,120,2,2,10,10,20
1749,1716,1372,344,1,34,"NSW","Urban","6:00 PM - 12:00 AM",1,1,1,1,54,2,4,9,5,14
1856,1971,1467,504,1,40,"NSW","Urban","6:00 PM - 12:00 AM",0,1,1,3,162,2,3,1,0,1
873,2604,1360,1244,1,54,"WA","Urban","6:00 PM - 12:00 AM",0,0,0,3,48,3,3,4,7,11
803,178,0,178,1,40,"VIC","Regional","6:00 PM - 12:00 AM",1,1,0,3,138,1,3,5,5,10
169,501,0,501,1,34,"NSW","Urban","12:00 PM - 6:00 PM",1,1,0,3,120,1,3,9,8,17
1448,2934,1635,1299,1,49,"WA","Regional","6:00 AM - 12:00 PM",0,0,0,3,42,1,2,7,6,13
610,3963,1858,2105,0,56,"NT","Remote","6:00 PM - 12:00 AM",0,0,0,3,174,3,2,6,5,11
1339,689,0,689,0,31,"NT","Urban","6:00 AM - 12:00 PM",1,1,0,1,90,2,3,5,8,13
18,919,0,919,1,33,"WA","Urban","12:00 AM - 6:00 AM",1,1,0,1,180,1,2,0,0,0
1309,4065,2303,1762,1,52,"NSW","Urban","6:00 AM - 12:00 PM",0,0,1,1,150,3,4,6,3,9
598,1883,1502,381,0,42,"WA","Urban","6:00 PM - 12:00 AM",0,1,1,2,108,2,4,10,10,20
1810,1423,0,1423,0,41,"ACT","Urban","6:00 PM - 12:00 AM",0,1,1,3,30,2,4,6,10,16
487,373,0,373,1,28,"VIC","Remote","6:00 PM - 12:00 AM",1,1,1,3,132,2,4,9,9,18
1417,4582,2076,2506,1,48,"SA","Urban","6:00 AM - 12:00 PM",0,0,1,1,78,4,2,9,10,19
1409,386,0,386,0,20,"NSW","Urban","6:00 AM - 12:00 PM",0,1,0,3,144,2,4,10,10,20
485,352,0,352,1,24,"QLD","Urban","6:00 PM - 12:00 AM",0,1,1,3,48,1,4,7,6,13
604,1494,0,1494,1,43,"WA","Remote","6:00 PM - 12:00 AM",0,1,0,2,42,2,4,6,8,14
705,1458,0,1458,0,35,"NSW","Regional","6:00 PM - 12:00 AM",0,1,0,2,24,1,5,0,4,4
1961,2684,1598,1086,1,40,"NSW","Remote","6:00 PM - 12:00 AM",0,1,1,2,42,3,4,8,8,16
203,1375,0,1375,1,39,"VIC","Urban","12:00 AM - 6:00 AM",1,1,0,2,30,1,4,1,0,1
1584,3932,2046,1886,0,57,"TAS","Urban","6:00 AM - 12:00 PM",0,1,0,2,90,3,4,9,8,17
347,2026,1806,220,0,41,"NSW","Urban","12:00 PM - 6:00 PM",1,1,1,2,132,1,4,9,10,19
978,1610,1331,279,1,39,"SA","Remote","6:00 AM - 12:00 PM",1,1,0,3,114,1,1,6,6,12
793,446,0,446,0,20,"NSW","Urban","6:00 PM - 12:00 AM",1,1,0,1,138,1,1,4,5,9
1092,3004,1760,1244,1,40,"NSW","Urban","6:00 AM - 12:00 PM",0,1,1,2,168,3,4,4,1,5
1413,4830,2684,2146,1,52,"NSW","Regional","12:00 PM - 6:00 PM",1,0,0,1,78,1,3,10,7,17
302,312,0,312,1,21,"VIC","Urban","12:00 PM - 6:00 PM",1,1,0,3,30,1,2,1,4,5
1145,1091,0,1091,1,45,"NT","Regional","6:00 AM - 12:00 PM",1,1,1,2,66,2,4,10,10,20
528,593,0,593,1,34,"NT","Urban","6:00 PM - 12:00 AM",0,1,1,3,42,1,2,10,5,15
1807,370,0,370,0,20,"WA","Urban","6:00 PM - 12:00 AM",0,1,0,3,138,1,3,8,10,18
905,2415,2013,402,1,57,"TAS","Regional","6:00 AM - 12:00 PM",0,0,1,3,150,2,4,10,10,20
1384,1697,1507,190,1,29,"VIC","Urban","6:00 AM - 12:00 PM",1,1,1,3,102,2,3,8,8,16
1837,414,0,414,0,20,"NT","Urban","6:00 PM - 12:00 AM",1,1,0,2,18,2,4,4,1,5
1124,3183,1982,1201,0,59,"QLD","Urban","6:00 AM - 12:00 PM",0,0,0,3,138,4,4,8,10,18
1005,224,0,224,1,35,"VIC","Urban","6:00 AM - 12:00 PM",1,1,0,1,168,1,4,9,4,13
1502,2977,1909,1068,0,60,"SA","Urban","12:00 PM - 6:00 PM",0,0,0,3,18,3,2,6,1,7
1773,1458,1272,186,1,38,"VIC","Urban","6:00 PM - 12:00 AM",1,1,0,1,18,1,3,0,0,0
145,4529,2607,1922,0,49,"VIC","Urban","12:00 AM - 6:00 AM",0,0,0,2,48,2,4,9,10,19
749,3363,1764,1599,1,52,"QLD","Urban","6:00 PM - 12:00 AM",0,0,0,2,114,3,2,6,6,12
614,191,0,191,0,42,"SA","Remote","6:00 PM - 12:00 AM",0,1,1,3,72,1,2,3,6,9
1808,3850,2067,1783,0,52,"VIC","Remote","6:00 PM - 12:00 AM",0,0,0,2,60,1,2,7,10,17
1527,179,0,179,0,60,"NSW","Urban","6:00 AM - 12:00 PM",1,0,0,1,102,1,2,5,1,6
1840,436,0,436,0,28,"QLD","Regional","6:00 PM - 12:00 AM",1,1,1,2,96,1,2,6,6,12
1537,221,0,221,1,56,"NSW","Urban","6:00 AM - 12:00 PM",1,0,0,3,162,1,4,4,4,8
721,4354,2408,1946,1,46,"ACT","Regional","6:00 PM - 12:00 AM",0,0,1,1,42,1,4,4,3,7
499,319,0,319,0,24,"VIC","Urban","6:00 PM - 12:00 AM",0,1,1,3,36,1,3,6,9,15
31,1354,0,1354,0,44,"NSW","Regional","12:00 AM - 6:00 AM",0,1,1,3,54,2,2,8,10,18
221,188,0,188,0,42,"NT","Regional","12:00 AM - 6:00 AM",1,0,0,2,12,1,3,2,0,2
1951,1437,1110,327,1,26,"NSW","Urban","6:00 PM - 12:00 AM",1,0,1,3,150,1,4,3,6,9
975,1571,1330,241,0,26,"ACT","Urban","6:00 AM - 12:00 PM",1,1,1,2,42,1,3,0,4,4
508,1594,1300,294,1,31,"TAS","Urban","6:00 PM - 12:00 AM",0,1,0,1,12,2,4,4,1,5
1259,218,0,218,0,58,"NSW","Remote","6:00 AM - 12:00 PM",1,1,1,2,108,1,3,7,3,10
447,4481,1939,2542,0,55,"VIC","Regional","12:00 PM - 6:00 PM",0,0,0,3,108,3,3,8,10,18
667,3150,1867,1283,0,52,"ACT","Urban","6:00 PM - 12:00 AM",0,0,1,3,18,1,2,5,5,10
520,872,0,872,1,34,"NSW","Urban","6:00 PM - 12:00 AM",1,1,0,3,72,2,3,10,10,20
574,918,0,918,1,40,"NSW","Urban","6:00 PM - 12:00 AM",0,1,0,3,126,1,3,5,5,10
263,2675,1488,1187,0,49,"VIC","Urban","12:00 AM - 6:00 AM",0,0,0,3,144,1,3,4,2,6
1228,174,0,174,0,21,"NSW","Urban","6:00 AM - 12:00 PM",1,1,0,3,156,1,3,3,3,6
932,1516,0,1516,1,51,"SA","Regional","6:00 AM - 12:00 PM",0,0,1,1,102,1,2,10,10,20
829,1934,1495,439,0,31,"TAS","Urban","6:00 PM - 12:00 AM",1,0,1,2,126,1,2,9,8,17
1468,3626,2010,1616,0,56,"NT","Remote","6:00 AM - 12:00 PM",0,0,0,3,78,4,3,9,4,13
1991,2267,2031,236,0,36,"WA","Urban","6:00 PM - 12:00 AM",1,1,0,2,96,2,3,3,4,7
83,363,0,363,1,20,"NSW","Regional","12:00 AM - 6:00 AM",0,1,0,3,102,1,2,6,2,8
940,163,0,163,0,51,"VIC","Regional","6:00 AM - 12:00 PM",1,1,0,3,54,1,5,2,6,8
155,3823,2148,1675,1,42,"NSW","Regional","12:00 AM - 6:00 AM",0,0,1,3,18,1,2,0,0,0
1286,816,0,816,0,38,"NT","Urban","6:00 AM - 12:00 PM",0,1,0,3,120,1,3,4,4,8
1,1922,1527,395,0,26,"WA","Urban","12:00 PM - 6:00 PM",1,1,1,3,174,2,3,2,6,8
1415,3168,1786,1382,0,42,"VIC","Urban","6:00 AM - 12:00 PM",1,0,1,2,162,1,2,8,6,14
1198,993,0,993,0,43,"NSW","Urban","6:00 AM - 12:00 PM",1,1,1,3,36,1,3,5,3,8
67,351,0,351,1,22,"NSW","Urban","12:00 AM - 6:00 AM",0,1,1,3,162,1,3,6,4,10
337,249,0,249,0,35,"VIC","Regional","6:00 PM - 12:00 AM",1,1,0,3,84,1,3,5,3,8
172,208,0,208,1,26,"NSW","Urban","12:00 AM - 6:00 AM",1,1,1,1,72,1,4,6,6,12
1524,973,0,973,1,26,"NSW","Urban","12:00 PM - 6:00 PM",1,1,0,2,96,2,4,8,10,18
1406,324,0,324,1,25,"QLD","Urban","6:00 AM - 12:00 PM",1,0,0,3,72,2,4,5,6,11
598,1883,1502,381,0,42,"WA","Urban","6:00 PM - 12:00 AM",0,1,1,2,108,2,4,10,10,20
392,1488,1256,232,1,31,"QLD","Regional","6:00 PM - 12:00 AM",1,1,0,2,138,1,5,10,9,19
977,1471,0,1471,1,48,"NSW","Regional","6:00 AM - 12:00 PM",0,0,0,3,24,1,2,4,3,7
803,178,0,178,1,40,"VIC","Regional","6:00 PM - 12:00 AM",1,1,0,3,138,1,3,5,5,10
765,3680,2009,1671,1,59,"NSW","Urban","6:00 PM - 12:00 AM",0,0,0,2,54,1,1,10,10,20
1070,2185,1718,467,0,56,"TAS","Urban","6:00 AM - 12:00 PM",0,1,1,3,144,2,4,4,4,8
1509,3499,1971,1528,0,52,"VIC","Urban","6:00 AM - 12:00 PM",0,0,0,3,72,2,4,6,5,11
1398,3837,2140,1697,0,42,"NSW","Urban","6:00 AM - 12:00 PM",1,0,1,3,102,1,3,4,4,8
246,237,0,237,1,48,"QLD","Urban","12:00 AM - 6:00 AM",1,1,1,2,138,1,3,10,10,20
391,4015,2283,1732,0,49,"WA","Urban","12:00 PM - 6:00 PM",0,0,1,2,84,2,3,10,10,20
1972,3570,2119,1451,0,41,"QLD","Regional","6:00 PM - 12:00 AM",0,0,1,3,42,3,4,3,6,9
1552,1871,1673,198,0,36,"NSW","Regional","6:00 AM - 12:00 PM",1,1,1,2,48,1,4,10,9,19
1444,3032,1745,1287,1,36,"ACT","Remote","6:00 AM - 12:00 PM",1,1,1,2,114,3,4,7,8,15
1494,4909,2478,2431,0,53,"VIC","Regional","6:00 AM - 12:00 PM",0,0,0,3,66,3,2,5,5,10
1826,2902,1699,1203,1,50,"ACT","Urban","6:00 PM - 12:00 AM",1,0,0,3,96,3,3,10,10,20
269,184,0,184,1,21,"NT","Urban","12:00 PM - 6:00 PM",1,1,0,1,72,1,3,3,2,5
473,628,0,628,1,36,"VIC","Urban","6:00 PM - 12:00 AM",0,1,0,2,66,2,4,10,10,20
50,194,0,194,0,38,"VIC","Regional","12:00 AM - 6:00 AM",0,1,0,2,48,1,4,4,5,9
74,453,0,453,0,22,"VIC","Urban","12:00 AM - 6:00 AM",0,1,1,2,156,1,5,10,9,19
1930,1779,1560,219,1,33,"NSW","Urban","6:00 PM - 12:00 AM",0,0,1,3,24,2,3,6,5,11
1069,2095,1792,303,0,52,"NSW","Remote","6:00 AM - 12:00 PM",0,0,0,3,108,1,1,10,9,19
635,400,0,400,1,28,"NSW","Regional","12:00 PM - 6:00 PM",0,1,0,3,162,2,3,0,0,0
1664,1046,0,1046,1,44,"NSW","Urban","6:00 PM - 12:00 AM",1,1,0,3,168,1,3,2,2,4
1283,1053,0,1053,0,44,"NSW","Urban","6:00 AM - 12:00 PM",1,1,0,2,54,1,1,7,10,17
1628,235,0,235,0,19,"VIC","Regional","6:00 PM - 12:00 AM",1,1,0,3,120,2,2,10,10,20
1668,2197,1228,969,0,50,"VIC","Regional","12:00 PM - 6:00 PM",0,0,1,2,120,2,3,10,8,18
1057,439,0,439,1,29,"NSW","Urban","12:00 PM - 6:00 PM",0,1,0,1,90,1,2,9,10,19
1546,653,0,653,0,31,"SA","Urban","12:00 PM - 6:00 PM",1,1,1,2,84,2,4,5,5,10
1893,2005,1558,447,0,38,"NSW","Regional","6:00 PM - 12:00 AM",0,0,0,1,102,1,3,10,10,20
7,3886,2152,1734,0,50,"SA","Urban","12:00 AM - 6:00 AM",1,0,1,3,120,3,3,4,3,7
944,1971,1752,219,1,47,"VIC","Urban","6:00 AM - 12:00 PM",1,1,0,3,78,2,3,5,5,10
960,279,0,279,1,23,"VIC","Urban","6:00 AM - 12:00 PM",1,1,0,3,12,1,3,0,0,0
478,343,0,343,0,28,"NSW","Urban","6:00 PM - 12:00 AM",0,1,0,3,90,1,4,9,10,19
823,2662,1653,1009,0,47,"VIC","Urban","6:00 PM - 12:00 AM",0,0,0,3,24,3,3,6,5,11
1305,4264,2092,2172,1,51,"SA","Regional","6:00 AM - 12:00 PM",1,0,0,1,126,3,2,4,2,6
57,1644,0,1644,1,45,"ACT","Urban","12:00 AM - 6:00 AM",0,1,0,1,48,2,3,6,5,11
327,181,0,181,0,25,"VIC","Urban","6:00 PM - 12:00 AM",1,1,1,2,96,1,2,7,8,15
1870,2962,1678,1284,1,49,"QLD","Urban","6:00 PM - 12:00 AM",1,0,0,3,60,2,4,10,10,20
859,360,0,360,1,22,"WA","Urban","6:00 PM - 12:00 AM",1,0,1,3,150,2,2,7,3,10
883,1530,1174,356,0,44,"SA","Urban","6:00 AM - 12:00 PM",1,1,1,3,60,1,3,6,10,16
1880,1756,1565,191,1,31,"NSW","Regional","6:00 PM - 12:00 AM",0,0,0,1,114,1,3,8,4,12
629,247,0,247,0,49,"ACT","Urban","6:00 PM - 12:00 AM",0,1,0,2,84,1,3,8,8,16
88,162,0,162,1,23,"NSW","Regional","12:00 AM - 6:00 AM",1,0,1,3,102,1,2,8,6,14
678,227,0,227,0,51,"NSW","Urban","6:00 PM - 12:00 AM",0,1,1,3,84,1,4,10,10,20
595,3163,1796,1367,1,53,"NSW","Regional","6:00 PM - 12:00 AM",0,0,0,3,132,3,4,10,10,20
1539,3986,2002,1984,0,50,"ACT","Urban","6:00 AM - 12:00 PM",0,0,0,3,138,1,2,8,10,18
1945,4365,2491,1874,0,51,"NSW","Regional","6:00 PM - 12:00 AM",0,0,1,2,138,4,3,9,10,19
390,4291,2165,2126,0,55,"TAS","Regional","6:00 PM - 12:00 AM",0,0,1,2,168,3,2,8,5,13
34,1859,1464,395,0,45,"TAS","Urban","12:00 AM - 6:00 AM",1,1,0,1,60,1,2,2,1,3
485,352,0,352,1,24,"QLD","Urban","6:00 PM - 12:00 AM",0,1,1,3,48,1,4,7,6,13
1017,2026,1563,463,0,58,"NT","Urban","6:00 AM - 12:00 PM",0,1,0,3,72,1,2,7,7,14
260,2664,1612,1052,1,45,"NSW","Regional","12:00 AM - 6:00 AM",0,0,0,3,30,4,4,10,9,19
1168,1401,1121,280,1,31,"QLD","Urban","6:00 AM - 12:00 PM",1,1,1,3,24,2,4,2,0,2
1556,182,0,182,0,34,"SA","Regional","6:00 AM - 12:00 PM",1,1,0,3,78,1,2,4,4,8
1101,977,0,977,1,31,"NSW","Regional","12:00 PM - 6:00 PM",1,1,0,3,102,1,3,10,9,19
1485,761,0,761,1,28,"NSW","Urban","6:00 AM - 12:00 PM",1,1,1,3,60,1,2,7,5,12
1762,4144,2208,1936,0,47,"TAS","Urban","6:00 PM - 12:00 AM",0,0,0,3,60,4,3,5,7,12
483,1445,1240,205,1,33,"NSW","Urban","6:00 PM - 12:00 AM",1,1,1,3,78,2,2,3,3,6
1522,4108,2010,2098,0,42,"ACT","Regional","6:00 AM - 12:00 PM",0,0,1,3,162,2,4,9,9,18
630,1257,0,1257,1,42,"NSW","Urban","6:00 PM - 12:00 AM",0,1,0,3,90,1,3,2,5,7
405,224,0,224,1,36,"NSW","Remote","6:00 PM - 12:00 AM",1,1,0,3,162,1,2,4,7,11
658,4206,2478,1728,1,51,"NSW","Urban","6:00 PM - 12:00 AM",1,0,0,3,126,1,2,8,10,18
1269,3549,1905,1644,1,60,"VIC","Urban","12:00 PM - 6:00 PM",0,0,1,3,54,1,1,9,8,17
1852,501,0,501,1,22,"ACT","Urban","6:00 PM - 12:00 AM",0,1,0,3,162,1,2,3,1,4
134,3978,2217,1761,1,48,"NT","Remote","12:00 AM - 6:00 AM",1,0,1,3,66,4,2,4,4,8
1013,286,0,286,0,20,"NSW","Urban","12:00 PM - 6:00 PM",0,1,1,2,54,2,3,6,5,11
759,218,0,218,1,21,"ACT","Regional","6:00 PM - 12:00 AM",1,1,1,3,48,1,4,3,3,6
1646,828,0,828,0,40,"VIC","Urban","12:00 PM - 6:00 PM",0,1,0,3,180,2,4,4,3,7
1687,3658,2111,1547,0,57,"NSW","Regional","6:00 PM - 12:00 AM",1,0,0,2,150,3,2,4,4,8
1525,3042,1690,1352,0,46,"NSW","Regional","6:00 AM - 12:00 PM",0,0,0,1,114,4,2,8,10,18
1152,4519,2550,1969,1,50,"NSW","Urban","6:00 AM - 12:00 PM",0,0,1,3,150,1,3,3,3,6
1728,181,0,181,1,52,"SA","Urban","6:00 PM - 12:00 AM",1,1,1,3,138,1,2,7,6,13
1710,2290,1999,291,0,44,"QLD","Regional","6:00 PM - 12:00 AM",0,1,1,3,138,3,3,9,9,18
738,3174,1675,1499,1,60,"SA","Urban","6:00 PM - 12:00 AM",1,0,0,2,84,4,3,10,7,17
760,170,0,170,1,38,"TAS","Urban","6:00 PM - 12:00 AM",1,1,1,3,120,1,4,8,7,15
1202,1693,1468,225,1,40,"VIC","Regional","12:00 PM - 6:00 PM",0,1,0,3,168,1,3,5,7,12
196,1257,0,1257,0,30,"TAS","Regional","12:00 AM - 6:00 AM",1,1,1,3,150,1,2,1,5,6
724,355,0,355,1,29,"NSW","Regional","12:00 PM - 6:00 PM",0,1,0,3,120,2,3,7,7,14
1542,3001,1601,1400,0,40,"NSW","Regional","6:00 AM - 12:00 PM",0,1,1,3,162,2,3,3,5,8
112,197,0,197,1,54,"NSW","Urban","12:00 AM - 6:00 AM",0,0,1,3,144,1,2,6,5,11
1601,1710,1437,273,1,37,"TAS","Urban","6:00 AM - 12:00 PM",1,0,0,3,174,1,2,5,2,7
881,1112,0,1112,1,54,"QLD","Regional","6:00 AM - 12:00 PM",0,0,0,3,18,2,3,6,5,11
437,3174,1854,1320,1,52,"NSW","Urban","6:00 PM - 12:00 AM",0,0,0,3,114,2,2,5,4,9
1920,4485,2306,2179,1,54,"NSW","Urban","6:00 PM - 12:00 AM",1,0,0,2,54,4,4,3,3,6
694,2925,1662,1263,1,44,"NSW","Urban","6:00 PM - 12:00 AM",1,1,1,3,150,4,3,5,2,7
1010,2278,1508,770,1,60,"NSW","Regional","6:00 AM - 12:00 PM",0,1,0,2,30,4,2,0,0,0
330,607,0,607,0,21,"VIC","Regional","6:00 PM - 12:00 AM",1,1,1,2,78,2,4,7,2,9
54,1175,0,1175,1,28,"NT","Remote","12:00 AM - 6:00 AM",0,1,0,1,66,2,2,5,2,7
1179,359,0,359,1,26,"NSW","Urban","6:00 AM - 12:00 PM",1,1,1,1,144,1,1,4,3,7
1141,304,0,304,1,24,"NSW","Remote","6:00 AM - 12:00 PM",0,1,1,3,96,1,2,6,5,11
1076,247,0,247,1,60,"WA","Regional","6:00 AM - 12:00 PM",1,1,0,1,144,1,2,0,3,3
470,4393,2168,2225,0,50,"QLD","Remote","6:00 PM - 12:00 AM",1,0,0,3,66,3,4,10,10,20
1739,365,0,365,1,29,"WA","Regional","6:00 PM - 12:00 AM",0,1,0,3,168,2,3,6,6,12
1892,1587,1286,301,0,29,"VIC","Urban","6:00 PM - 12:00 AM",1,0,0,3,48,1,4,8,4,12
140,203,0,203,0,47,"SA","Urban","12:00 AM - 6:00 AM",0,1,0,1,42,1,3,5,0,5
1147,1467,1245,222,0,36,"ACT","Urban","12:00 PM - 6:00 PM",0,1,0,3,150,2,2,7,9,16
1848,288,0,288,1,27,"NT","Urban","6:00 PM - 12:00 AM",0,1,0,3,108,1,2,7,6,13
1674,4630,2099,2531,0,53,"VIC","Urban","6:00 PM - 12:00 AM",0,0,0,3,60,2,4,10,10,20
261,809,0,809,0,28,"TAS","Regional","12:00 AM - 6:00 AM",1,0,1,2,156,2,2,3,3,6
918,303,0,303,0,24,"VIC","Urban","6:00 AM - 12:00 PM",1,1,0,3,102,1,4,10,5,15
143,3395,1880,1515,1,59,"NSW","Urban","12:00 AM - 6:00 AM",0,0,1,2,42,2,3,10,5,15
1295,3517,1883,1634,1,47,"SA","Urban","6:00 AM - 12:00 PM",1,0,1,2,72,4,4,6,4,10
1335,2227,1798,429,0,59,"VIC","Urban","12:00 PM - 6:00 PM",1,1,1,3,18,1,4,4,5,9
829,1934,1495,439,0,31,"TAS","Urban","6:00 PM - 12:00 AM",1,0,1,2,126,1,2,9,8,17
1246,323,0,323,0,20,"WA","Urban","6:00 AM - 12:00 PM",0,1,1,1,12,1,1,2,0,2
1831,3675,2170,1505,1,56,"QLD","Urban","6:00 PM - 12:00 AM",1,0,1,2,144,2,3,9,9,18
1382,1536,1367,169,1,26,"QLD","Urban","6:00 AM - 12:00 PM",1,1,1,3,42,2,2,0,0,0
1215,4223,2280,1943,1,46,"VIC","Urban","6:00 AM - 12:00 PM",1,0,0,3,132,3,3,7,4,11
393,1518,0,1518,0,41,"SA","Remote","6:00 PM - 12:00 AM",1,1,1,3,168,1,4,8,7,15
1685,136,0,136,0,20,"QLD","Remote","6:00 PM - 12:00 AM",1,1,1,3,72,1,2,5,4,9
1391,241,0,241,0,22,"VIC","Urban","12:00 PM - 6:00 PM",1,1,0,2,126,1,5,8,8,16
441,3179,1599,1580,0,52,"NSW","Urban","6:00 PM - 12:00 AM",0,0,1,2,54,2,3,4,4,8
768,201,0,201,1,33,"WA","Regional","12:00 PM - 6:00 PM",1,1,1,3,78,1,2,4,3,7
1927,1601,1382,219,1,28,"NSW","Urban","6:00 PM - 12:00 AM",0,1,0,1,54,2,4,8,8,16
202,283,0,283,0,20,"TAS","Urban","12:00 PM - 6:00 PM",1,1,0,3,84,1,3,3,3,6
1648,1375,0,1375,0,50,"SA","Urban","6:00 PM - 12:00 AM",0,1,1,2,90,2,3,6,6,12
1470,3229,1715,1514,1,53,"NSW","Regional","6:00 AM - 12:00 PM",0,0,0,2,60,4,3,10,7,17
535,259,0,259,0,21,"ACT","Regional","12:00 PM - 6:00 PM",0,1,0,3,12,2,3,3,2,5
1552,1871,1673,198,0,36,"NSW","Regional","6:00 AM - 12:00 PM",1,1,1,2,48,1,4,10,9,19
1900,1066,0,1066,0,35,"NT","Urban","6:00 PM - 12:00 AM",1,1,0,3,48,2,3,7,8,15
1355,826,0,826,1,33,"NSW","Urban","6:00 AM - 12:00 PM",1,1,0,2,48,2,4,7,8,15
318,3657,2101,1556,1,47,"SA","Regional","6:00 PM - 12:00 AM",0,0,0,3,132,3,3,10,9,19
1917,425,0,425,0,25,"NSW","Remote","6:00 PM - 12:00 AM",0,1,1,3,138,1,4,10,9,19
1566,3982,2027,1955,0,58,"NSW","Regional","6:00 AM - 12:00 PM",0,0,0,2,12,1,3,2,0,2
1778,4481,1993,2488,0,54,"NSW","Urban","6:00 PM - 12:00 AM",0,0,1,3,126,2,2,3,6,9
1496,174,0,174,1,56,"NSW","Regional","6:00 AM - 12:00 PM",1,0,1,1,102,1,2,8,8,16
292,498,0,498,1,24,"NT","Urban","12:00 AM - 6:00 AM",1,0,0,3,36,1,4,4,6,10
348,1022,0,1022,0,41,"SA","Regional","6:00 PM - 12:00 AM",1,1,0,2,54,1,3,9,9,18
1037,542,0,542,1,44,"VIC","Regional","6:00 AM - 12:00 PM",1,1,0,3,90,1,3,9,9,18
288,2773,1727,1046,1,59,"QLD","Regional","12:00 AM - 6:00 AM",0,0,0,1,30,2,4,6,9,15
1854,4296,2417,1879,0,46,"VIC","Remote","6:00 PM - 12:00 AM",1,0,1,2,150,4,2,9,6,15
1412,192,0,192,0,28,"QLD","Urban","6:00 AM - 12:00 PM",1,0,0,2,84,1,3,6,2,8
922,555,0,555,0,22,"WA","Urban","6:00 AM - 12:00 PM",0,0,1,3,36,1,3,8,9,17
294,1569,1211,358,0,34,"SA","Urban","12:00 AM - 6:00 AM",1,0,0,3,138,2,3,9,7,16
1047,358,0,358,1,21,"VIC","Urban","6:00 AM - 12:00 PM",1,1,1,3,36,1,4,6,3,9
792,3251,1891,1360,1,47,"NSW","Urban","6:00 PM - 12:00 AM",0,0,1,3,78,3,5,10,10,20
702,4482,2455,2027,0,59,"TAS","Urban","12:00 PM - 6:00 PM",0,0,0,2,66,4,3,8,7,15
1680,948,0,948,1,30,"QLD","Urban","12:00 PM - 6:00 PM",0,1,1,3,174,2,2,4,2,6
560,3066,1659,1407,0,49,"SA","Urban","6:00 PM - 12:00 AM",1,0,0,2,138,3,5,8,4,12
778,1096,0,1096,0,35,"NT","Remote","6:00 PM - 12:00 AM",1,1,1,2,12,1,4,7,3,10
1709,482,0,482,1,28,"NSW","Regional","6:00 PM - 12:00 AM",1,1,1,1,174,1,2,0,3,3
987,1284,0,1284,0,52,"VIC","Urban","6:00 AM - 12:00 PM",0,1,0,3,126,1,4,8,4,12
1763,2071,1556,515,1,44,"NSW","Remote","6:00 PM - 12:00 AM",1,1,0,3,168,1,3,10,5,15
1987,2459,1419,1040,1,33,"SA","Urban","6:00 PM - 12:00 AM",1,1,0,3,90,1,2,7,10,17
317,900,0,900,1,25,"VIC","Regional","6:00 PM - 12:00 AM",1,1,0,3,150,1,1,8,5,13
1203,351,0,351,0,24,"SA","Regional","6:00 AM - 12:00 PM",0,1,0,3,108,2,5,7,6,13
1615,227,0,227,1,20,"ACT","Urban","6:00 AM - 12:00 PM",0,0,1,3,42,1,4,10,10,20
591,1521,1279,242,0,38,"SA","Urban","12:00 PM - 6:00 PM",0,1,1,3,96,2,4,10,10,20
1497,3208,1921,1287,1,48,"NSW","Urban","6:00 AM - 12:00 PM",0,0,1,3,150,2,3,10,9,19
190,3779,2016,1763,1,60,"NSW","Regional","12:00 AM - 6:00 AM",0,0,0,3,96,2,3,10,10,20
1428,4284,2202,2082,0,53,"NSW","Urban","6:00 AM - 12:00 PM",0,0,1,3,24,4,2,3,0,3
1443,3538,1991,1547,1,57,"VIC","Urban","6:00 AM - 12:00 PM",1,0,0,3,60,4,4,4,2,6
1316,3594,1905,1689,1,50,"TAS","Urban","6:00 AM - 12:00 PM",0,0,1,3,42,3,3,5,9,14
793,446,0,446,0,20,"NSW","Urban","6:00 PM - 12:00 AM",1,1,0,1,138,1,1,4,5,9
1601,1710,1437,273,1,37,"TAS","Urban","6:00 AM - 12:00 PM",1,0,0,3,174,1,2,5,2,7
1058,1655,0,1655,1,59,"VIC","Urban","6:00 AM - 12:00 PM",0,1,1,3,144,2,3,6,5,11
1954,1243,0,1243,1,37,"VIC","Regional","6:00 PM - 12:00 AM",1,0,1,2,42,2,3,10,5,15
686,2227,1854,373,1,39,"NT","Urban","6:00 PM - 12:00 AM",1,0,0,1,180,3,4,3,3,6
1993,734,0,734,1,28,"QLD","Regional","6:00 PM - 12:00 AM",1,1,0,1,168,2,3,7,4,11
1297,294,0,294,1,23,"NSW","Urban","6:00 AM - 12:00 PM",0,1,0,1,12,1,1,0,0,0
1487,3976,2013,1963,0,46,"VIC","Urban","6:00 AM - 12:00 PM",0,0,0,3,102,1,3,10,10,20
1504,3967,2123,1844,1,49,"WA","Remote","6:00 AM - 12:00 PM",0,0,0,2,30,2,4,7,6,13
541,1689,1492,197,0,31,"VIC","Urban","6:00 PM - 12:00 AM",1,1,1,3,108,2,3,8,8,16
1898,192,0,192,0,47,"NT","Urban","6:00 PM - 12:00 AM",0,0,0,1,78,1,3,10,10,20
1374,2763,1765,998,1,56,"NT","Urban","6:00 AM - 12:00 PM",1,1,1,2,30,3,2,2,1,3
568,3383,1926,1457,0,53,"VIC","Regional","6:00 PM - 12:00 AM",1,0,0,2,30,2,3,4,5,9
785,196,0,196,1,54,"VIC","Regional","6:00 PM - 12:00 AM",1,0,1,3,174,1,2,5,5,10
534,795,0,795,0,31,"NSW","Urban","6:00 PM - 12:00 AM",0,1,0,1,114,2,2,4,3,7
253,3791,1756,2035,1,42,"NSW","Remote","12:00 AM - 6:00 AM",0,1,0,2,30,3,3,3,5,8
1509,3499,1971,1528,0,52,"VIC","Urban","6:00 AM - 12:00 PM",0,0,0,3,72,2,4,6,5,11
431,1020,0,1020,1,40,"NT","Urban","6:00 PM - 12:00 AM",1,1,0,3,72,1,3,7,7,14
407,793,0,793,0,36,"NSW","Urban","6:00 PM - 12:00 AM",1,1,1,3,114,1,2,8,8,16
1308,3631,1931,1700,1,53,"NSW","Regional","6:00 AM - 12:00 PM",0,0,1,1,120,3,2,8,10,18
1204,3600,1742,1858,0,47,"NSW","Urban","6:00 AM - 12:00 PM",0,0,1,2,138,1,5,10,10,20
986,654,0,654,1,43,"QLD","Regional","6:00 AM - 12:00 PM",1,1,0,3,60,1,2,5,5,10
429,465,0,465,1,31,"ACT","Urban","6:00 PM - 12:00 AM",0,1,0,3,60,1,3,10,10,20
880,214,0,214,1,47,"ACT","Urban","6:00 PM - 12:00 AM",1,0,0,3,162,1,4,6,6,12
368,458,0,458,0,28,"ACT","Urban","6:00 PM - 12:00 AM",1,1,1,2,120,1,3,8,8,16
1189,260,0,260,0,23,"VIC","Remote","6:00 AM - 12:00 PM",0,1,0,1,138,1,4,10,10,20
1761,4545,2567,1978,0,57,"NSW","Urban","6:00 PM - 12:00 AM",0,0,0,3,54,4,1,9,9,18
744,3919,1880,2039,0,59,"VIC","Urban","6:00 PM - 12:00 AM",0,0,1,3,126,2,3,5,7,12
44,367,0,367,1,26,"NSW","Urban","12:00 AM - 6:00 AM",0,1,1,3,96,1,4,10,10,20
1685,136,0,136,0,20,"QLD","Remote","6:00 PM - 12:00 AM",1,1,1,3,72,1,2,5,4,9
1214,264,0,264,0,24,"VIC","Urban","6:00 AM - 12:00 PM",0,1,1,2,66,1,3,6,5,11
1789,4071,2249,1822,1,49,"VIC","Urban","6:00 PM - 12:00 AM",1,0,1,3,48,4,4,5,4,9
1903,3765,1929,1836,0,45,"SA","Regional","6:00 PM - 12:00 AM",1,1,1,2,60,4,4,4,5,9
765,3680,2009,1671,1,59,"NSW","Urban","6:00 PM - 12:00 AM",0,0,0,2,54,1,1,10,10,20
1127,4623,2119,2504,1,52,"NSW","Urban","6:00 AM - 12:00 PM",0,0,0,3,24,2,4,5,5,10
1729,493,0,493,1,39,"NSW","Urban","6:00 PM - 12:00 AM",1,1,0,3,48,2,3,5,4,9
1344,529,0,529,0,34,"QLD","Remote","6:00 AM - 12:00 PM",0,1,0,1,78,1,2,7,6,13
342,3539,1977,1562,0,53,"VIC","Regional","6:00 PM - 12:00 AM",0,0,0,2,30,4,4,3,3,6
767,840,0,840,1,27,"NSW","Urban","6:00 PM - 12:00 AM",1,1,1,3,126,1,3,8,8,16
1270,4187,2300,1887,1,51,"NSW","Regional","6:00 AM - 12:00 PM",1,0,1,1,138,2,3,9,4,13
1428,4284,2202,2082,0,53,"NSW","Urban","6:00 AM - 12:00 PM",0,0,1,3,24,4,2,3,0,3
1148,307,0,307,0,20,"NSW","Remote","6:00 AM - 12:00 PM",0,1,0,1,180,2,3,0,3,3
206,4426,2547,1879,1,43,"QLD","Urban","12:00 AM - 6:00 AM",0,0,1,3,78,4,4,9,9,18
949,481,0,481,0,40,"SA","Urban","6:00 AM - 12:00 PM",1,1,0,1,30,2,3,1,0,1
1206,1454,1269,185,1,35,"NT","Urban","6:00 AM - 12:00 PM",1,1,1,3,156,2,4,10,10,20
1083,1430,1260,170,0,27,"NT","Regional","6:00 AM - 12:00 PM",1,1,1,3,72,1,2,7,5,12
30,1404,1175,229,1,35,"SA","Urban","12:00 AM - 6:00 AM",1,1,0,3,102,2,2,6,10,16
1304,475,0,475,0,30,"NSW","Regional","6:00 AM - 12:00 PM",0,1,0,2,48,2,3,4,3,7
1312,1830,1368,462,1,43,"NSW","Regional","6:00 AM - 12:00 PM",1,1,1,1,174,1,4,5,4,9
526,3834,2029,1805,0,46,"ACT","Urban","6:00 PM - 12:00 AM",1,0,1,3,180,3,5,4,0,4
2,1469,0,1469,1,39,"VIC","Urban","12:00 PM - 6:00 PM",1,1,1,3,24,1,3,6,2,8
760,170,0,170,1,38,"TAS","Urban","6:00 PM - 12:00 AM",1,1,1,3,120,1,4,8,7,15
1153,337,0,337,1,21,"WA","Urban","6:00 AM - 12:00 PM",1,1,0,3,96,2,2,9,9,18
317,900,0,900,1,25,"VIC","Regional","6:00 PM - 12:00 AM",1,1,0,3,150,1,1,8,5,13
949,481,0,481,0,40,"SA","Urban","6:00 AM - 12:00 PM",1,1,0,1,30,2,3,1,0,1
1332,3473,2072,1401,1,59,"TAS","Urban","6:00 AM - 12:00 PM",0,0,1,3,60,2,2,6,8,14
996,1471,1327,144,1,44,"VIC","Urban","6:00 AM - 12:00 PM",1,1,1,3,168,2,3,2,1,3
98,448,0,448,1,21,"NSW","Urban","12:00 AM - 6:00 AM",0,0,0,3,132,1,3,10,10,20
473,628,0,628,1,36,"VIC","Urban","6:00 PM - 12:00 AM",0,1,0,2,66,2,4,10,10,20
819,205,0,205,0,50,"NSW","Urban","6:00 PM - 12:00 AM",1,0,0,3,30,1,5,8,8,16
614,191,0,191,0,42,"SA","Remote","6:00 PM - 12:00 AM",0,1,1,3,72,1,2,3,6,9
399,1048,0,1048,1,43,"ACT","Regional","6:00 PM - 12:00 AM",1,1,1,1,18,2,2,0,0,0
1199,4229,2510,1719,1,57,"WA","Urban","6:00 AM - 12:00 PM",0,0,0,1,84,4,2,7,2,9
1989,447,0,447,1,20,"ACT","Urban","6:00 PM - 12:00 AM",1,1,1,3,126,2,5,6,4,10
247,254,0,254,0,25,"NSW","Urban","12:00 PM - 6:00 PM",1,1,0,3,180,2,3,2,1,3
1131,1126,0,1126,1,43,"TAS","Urban","6:00 AM - 12:00 PM",1,1,1,3,30,2,2,7,6,13
1973,327,0,327,0,21,"NSW","Urban","6:00 PM - 12:00 AM",1,1,0,3,180,2,2,0,0,0
140,203,0,203,0,47,"SA","Urban","12:00 AM - 6:00 AM",0,1,0,1,42,1,3,5,0,5
225,237,0,237,1,21,"NSW","Urban","12:00 PM - 6:00 PM",1,1,1,3,144,1,3,4,4,8
1881,2967,1773,1194,0,50,"SA","Regional","6:00 PM - 12:00 AM",0,0,0,3,138,2,2,10,10,20
1539,3986,2002,1984,0,50,"ACT","Urban","6:00 AM - 12:00 PM",0,0,0,3,138,1,2,8,10,18
489,4007,2348,1659,0,53,"QLD","Regional","6:00 PM - 12:00 AM",1,0,0,3,84,4,4,9,10,19
1720,1561,1301,260,1,26,"NT","Urban","6:00 PM - 12:00 AM",0,1,0,3,90,1,4,9,10,19
951,702,0,702,1,37,"NSW","Regional","6:00 AM - 12:00 PM",1,1,0,2,168,2,3,3,2,5
346,172,0,172,1,26,"VIC","Regional","6:00 PM - 12:00 AM",1,1,0,3,84,1,2,4,4,8
695,4178,1990,2188,0,55,"NSW","Regional","6:00 PM - 12:00 AM",1,0,0,2,96,2,3,8,10,18
1442,4432,2390,2042,0,47,"VIC","Urban","6:00 AM - 12:00 PM",1,0,0,3,48,3,4,0,4,4
247,254,0,254,0,25,"NSW","Urban","12:00 PM - 6:00 PM",1,1,0,3,180,2,3,2,1,3
1483,358,0,358,1,22,"NSW","Urban","6:00 AM - 12:00 PM",1,0,0,3,66,2,4,4,4,8
1758,483,0,483,1,30,"VIC","Urban","6:00 PM - 12:00 AM",0,1,0,3,30,2,4,3,0,3
1745,4514,2412,2102,1,50,"VIC","Urban","6:00 PM - 12:00 AM",0,0,1,3,150,2,3,5,4,9
126,3009,1762,1247,1,41,"ACT","Urban","12:00 AM - 6:00 AM",0,0,0,3,78,1,3,10,9,19
1947,177,0,177,1,21,"NSW","Urban","6:00 PM - 12:00 AM",1,1,1,3,180,1,4,0,2,2
1030,211,0,211,1,24,"SA","Urban","6:00 AM - 12:00 PM",1,1,0,3,66,1,3,6,7,13
1805,234,0,234,0,35,"NSW","Urban","6:00 PM - 12:00 AM",1,1,1,3,24,1,4,4,0,4
1743,1414,0,1414,1,41,"ACT","Urban","6:00 PM - 12:00 AM",1,1,0,3,156,4,2,2,2,4
455,490,0,490,1,26,"ACT","Urban","6:00 PM - 12:00 AM",1,1,0,1,180,2,4,3,3,6
868,4795,2624,2171,0,51,"NSW","Urban","12:00 PM - 6:00 PM",1,0,0,3,66,2,3,10,9,19
1831,3675,2170,1505,1,56,"QLD","Urban","6:00 PM - 12:00 AM",1,0,1,2,144,2,3,9,9,18
1175,3715,1779,1936,0,55,"VIC","Urban","6:00 AM - 12:00 PM",1,0,1,3,30,1,4,5,4,9
202,283,0,283,0,20,"TAS","Urban","12:00 PM - 6:00 PM",1,1,0,3,84,1,3,3,3,6
553,856,0,856,0,27,"ACT","Regional","6:00 PM - 12:00 AM",1,1,0,1,72,1,3,5,6,11
1352,749,0,749,0,30,"NSW","Urban","6:00 AM - 12:00 PM",1,1,0,2,126,2,4,7,8,15
175,1964,1670,294,0,33,"NSW","Urban","12:00 AM - 6:00 AM",1,1,0,2,162,2,2,9,5,14
852,2218,1706,512,1,40,"NSW","Urban","6:00 PM - 12:00 AM",1,1,1,3,102,2,3,10,10,20
1604,180,0,180,1,38,"VIC","Regional","6:00 AM - 12:00 PM",1,0,0,3,90,1,5,9,10,19
496,4352,2570,1782,0,55,"NSW","Urban","6:00 PM - 12:00 AM",0,0,1,1,84,3,3,8,7,15
649,207,0,207,1,46,"NSW","Urban","6:00 PM - 12:00 AM",0,1,0,1,168,1,2,9,4,13
1914,2678,1456,1222,1,34,"QLD","Urban","6:00 PM - 12:00 AM",0,0,1,3,30,3,5,5,5,10
1544,4137,2304,1833,0,55,"ACT","Urban","6:00 AM - 12:00 PM",0,0,1,2,180,2,3,6,7,13
621,343,0,343,1,26,"NSW","Regional","6:00 PM - 12:00 AM",0,1,0,1,78,1,5,10,10,20
898,1064,0,1064,1,51,"TAS","Urban","6:00 AM - 12:00 PM",0,0,0,3,48,1,3,4,3,7
688,3384,1934,1450,1,55,"SA","Regional","6:00 PM - 12:00 AM",0,0,0,1,120,2,2,8,4,12
1829,3231,1992,1239,0,52,"NT","Urban","6:00 PM - 12:00 AM",1,0,0,1,84,4,2,10,10,20
308,921,0,921,1,40,"TAS","Urban","6:00 PM - 12:00 AM",1,1,1,3,84,2,4,8,8,16
1670,1727,1428,299,1,35,"ACT","Urban","6:00 PM - 12:00 AM",1,1,0,1,84,2,2,5,4,9
384,4208,2092,2116,1,55,"NSW","Urban","6:00 PM - 12:00 AM",0,0,0,2,132,2,2,6,5,11
1464,3208,1815,1393,0,53,"VIC","Urban","6:00 AM - 12:00 PM",1,0,0,3,48,2,2,7,8,15
1181,3757,1973,1784,1,46,"QLD","Regional","6:00 AM - 12:00 PM",1,0,0,3,66,1,3,3,5,8
1067,1295,0,1295,1,54,"VIC","Urban","6:00 AM - 12:00 PM",1,1,1,3,174,1,2,1,0,1
1891,1344,0,1344,1,44,"NSW","Urban","12:00 PM - 6:00 PM",0,1,0,3,30,2,3,3,5,8
156,4443,2128,2315,1,42,"TAS","Regional","12:00 AM - 6:00 AM",0,0,0,1,156,2,2,10,8,18
1975,660,0,660,1,27,"NSW","Urban","6:00 PM - 12:00 AM",1,1,1,1,18,1,3,1,0,1
1847,634,0,634,1,34,"TAS","Urban","6:00 PM - 12:00 AM",0,1,1,3,96,1,3,8,8,16
1796,4034,2045,1989,1,60,"VIC","Remote","6:00 PM - 12:00 AM",0,0,0,2,36,3,3,5,1,6
214,4080,2520,1560,0,48,"VIC","Urban","12:00 AM - 6:00 AM",0,0,0,3,144,1,4,8,10,18
1187,3998,2232,1766,0,53,"TAS","Urban","6:00 AM - 12:00 PM",0,0,0,3,102,4,4,10,10,20
1162,370,0,370,1,20,"ACT","Regional","6:00 AM - 12:00 PM",1,1,0,2,84,1,2,9,9,18
1128,391,0,391,1,24,"NT","Urban","6:00 AM - 12:00 PM",1,1,0,3,30,2,4,7,7,14
819,205,0,205,0,50,"NSW","Urban","6:00 PM - 12:00 AM",1,0,0,3,30,1,5,8,8,16
3,167,0,167,0,37,"VIC","Urban","12:00 PM - 6:00 PM",1,1,0,3,18,1,3,7,2,9
956,486,0,486,1,37,"NT","Remote","6:00 AM - 12:00 PM",1,1,1,3,114,1,3,10,10,20
861,850,0,850,1,24,"NSW","Regional","6:00 PM - 12:00 AM",1,0,0,2,150,2,4,7,7,14
