"ID","TotalSpending","InternationalSpend","DomesticSpend","Female","Age","HomeState","HomeRegion","BookingTime","DeviceTypeMobileTablet","Windows.Android","PromotionsUsed","EaseOfUse","UsageDuration","BookingCount","AvailableFlights","Satisfaction","NetPromoterScore","TotalSatisfaction"
1002,965,0,965,0,39,"WA","Urban","12:00 PM - 6:00 PM",0,1,0,3,24,1,3,0,1,1
772,3290,1788,1502,0,44,"ACT","Urban","6:00 PM - 12:00 AM",0,0,0,3,30,3,3,4,3,7
87,268,0,268,1,28,"VIC","Regional","12:00 AM - 6:00 AM",1,0,1,3,72,1,4,7,7,14
676,3850,2046,1804,1,58,"VIC","Urban","6:00 PM - 12:00 AM",0,1,0,1,36,2,5,1,1,2
1430,2017,1501,516,1,33,"VIC","Regional","6:00 AM - 12:00 PM",1,1,0,1,18,1,3,0,0,0
997,283,0,283,0,25,"VIC","Regional","6:00 AM - 12:00 PM",1,1,0,3,42,2,3,4,3,7
1620,2437,2143,294,1,51,"TAS","Remote","6:00 PM - 12:00 AM",0,0,1,3,84,1,3,10,10,20
952,346,0,346,0,25,"VIC","Urban","6:00 AM - 12:00 PM",1,1,0,3,96,1,2,3,3,6
1290,603,0,603,0,30,"VIC","Urban","6:00 AM - 12:00 PM",0,1,1,3,168,2,4,6,7,13
1437,3510,1852,1658,0,54,"VIC","Urban","6:00 AM - 12:00 PM",0,0,1,3,72,4,5,10,10,20
1916,3536,1833,1703,1,54,"NT","Urban","6:00 PM - 12:00 AM",0,1,0,3,24,1,2,4,8,12
248,1030,0,1030,1,31,"QLD","Regional","12:00 AM - 6:00 AM",1,0,0,3,66,1,2,7,6,13
1163,924,0,924,1,31,"NSW","Regional","6:00 AM - 12:00 PM",0,1,1,3,12,2,4,6,6,12
843,1317,1160,157,0,28,"NSW","Urban","6:00 PM - 12:00 AM",1,1,0,3,150,2,4,8,8,16
1126,375,0,375,1,24,"TAS","Urban","6:00 AM - 12:00 PM",1,1,0,3,78,1,4,9,7,16
592,4117,1884,2233,0,57,"VIC","Urban","6:00 PM - 12:00 AM",0,0,0,3,156,2,2,2,6,8
199,3440,2326,1114,0,56,"SA","Urban","12:00 AM - 6:00 AM",0,0,0,1,156,4,2,8,6,14
753,4461,2163,2298,0,41,"NSW","Regional","6:00 PM - 12:00 AM",0,0,0,2,12,4,4,7,4,11
283,1468,0,1468,0,35,"QLD","Regional","12:00 AM - 6:00 AM",0,1,0,3,120,1,3,9,9,18
1188,4319,2352,1967,1,58,"NSW","Remote","6:00 AM - 12:00 PM",0,0,1,3,114,4,3,5,8,13
1290,603,0,603,0,30,"VIC","Urban","6:00 AM - 12:00 PM",0,1,1,3,168,2,4,6,7,13
709,4213,2043,2170,0,50,"NSW","Urban","6:00 PM - 12:00 AM",0,1,0,3,84,2,2,8,8,16
798,214,0,214,1,51,"VIC","Urban","6:00 PM - 12:00 AM",1,0,0,3,120,1,3,6,5,11
632,3984,2165,1819,1,52,"WA","Urban","6:00 PM - 12:00 AM",0,0,0,3,54,1,3,10,10,20
1901,3094,1664,1430,0,47,"ACT","Urban","6:00 PM - 12:00 AM",1,0,1,1,168,4,4,8,7,15
1775,245,0,245,1,38,"NSW","Urban","6:00 PM - 12:00 AM",1,1,0,3,114,1,2,8,7,15
1856,1971,1467,504,1,40,"NSW","Urban","6:00 PM - 12:00 AM",0,1,1,3,162,2,3,1,0,1
895,206,0,206,0,39,"WA","Remote","6:00 AM - 12:00 PM",1,1,0,3,30,1,4,4,6,10
1122,1692,1497,195,1,43,"QLD","Urban","6:00 AM - 12:00 PM",1,1,0,1,90,1,3,8,7,15
207,1046,0,1046,1,39,"WA","Urban","12:00 AM - 6:00 AM",1,1,1,3,78,1,5,7,6,13
509,428,0,428,1,38,"QLD","Regional","6:00 PM - 12:00 AM",0,1,0,2,156,2,3,0,2,2
1519,1741,1574,167,0,27,"QLD","Regional","6:00 AM - 12:00 PM",1,1,0,3,12,2,2,0,0,0
1339,689,0,689,0,31,"NT","Urban","6:00 AM - 12:00 PM",1,1,0,1,90,2,3,5,8,13
1475,4011,2053,1958,0,57,"TAS","Urban","6:00 AM - 12:00 PM",1,0,1,3,84,4,5,10,10,20
1116,202,0,202,0,42,"VIC","Urban","6:00 AM - 12:00 PM",1,1,0,1,102,1,2,5,4,9
1126,375,0,375,1,24,"TAS","Urban","6:00 AM - 12:00 PM",1,1,0,3,78,1,4,9,7,16
1487,3976,2013,1963,0,46,"VIC","Urban","6:00 AM - 12:00 PM",0,0,0,3,102,1,3,10,10,20
551,684,0,684,0,33,"NSW","Urban","6:00 PM - 12:00 AM",1,1,1,1,162,1,3,7,7,14
462,699,0,699,0,30,"ACT","Urban","6:00 PM - 12:00 AM",1,1,0,3,24,1,3,3,3,6
1544,4137,2304,1833,0,55,"ACT","Urban","6:00 AM - 12:00 PM",0,0,1,2,180,2,3,6,7,13
1483,358,0,358,1,22,"NSW","Urban","6:00 AM - 12:00 PM",1,0,0,3,66,2,4,4,4,8
1612,2972,1957,1015,1,54,"NSW","Regional","6:00 AM - 12:00 PM",0,0,1,2,144,4,3,6,6,12
483,1445,1240,205,1,33,"NSW","Urban","6:00 PM - 12:00 AM",1,1,1,3,78,2,2,3,3,6
864,4434,2090,2344,0,48,"QLD","Urban","6:00 PM - 12:00 AM",0,1,0,3,162,4,3,4,8,12
97,411,0,411,0,23,"QLD","Urban","12:00 AM - 6:00 AM",0,0,0,3,54,1,4,4,8,12
1878,3734,2082,1652,1,41,"VIC","Remote","6:00 PM - 12:00 AM",0,1,1,3,138,4,3,8,4,12
1800,416,0,416,0,29,"VIC","Regional","6:00 PM - 12:00 AM",1,1,1,2,42,1,4,3,3,6
1908,1495,0,1495,1,36,"QLD","Urban","6:00 PM - 12:00 AM",1,0,0,3,90,1,4,5,5,10
1623,1954,1543,411,0,52,"VIC","Regional","6:00 PM - 12:00 AM",0,0,1,1,114,2,3,9,10,19
629,247,0,247,0,49,"ACT","Urban","6:00 PM - 12:00 AM",0,1,0,2,84,1,3,8,8,16
558,403,0,403,1,26,"NT","Regional","12:00 PM - 6:00 PM",0,1,1,3,162,1,2,2,2,4
345,2653,1259,1394,0,37,"QLD","Urban","6:00 PM - 12:00 AM",1,1,0,3,120,3,5,6,5,11
386,848,0,848,0,44,"WA","Urban","6:00 PM - 12:00 AM",1,1,0,3,156,1,2,4,5,9
1411,328,0,328,0,22,"TAS","Urban","6:00 AM - 12:00 PM",1,1,0,3,84,1,4,6,7,13
611,252,0,252,0,21,"ACT","Urban","6:00 PM - 12:00 AM",0,1,1,3,84,1,4,9,8,17
1745,4514,2412,2102,1,50,"VIC","Urban","6:00 PM - 12:00 AM",0,0,1,3,150,2,3,5,4,9
498,4850,2447,2403,0,48,"VIC","Urban","6:00 PM - 12:00 AM",1,0,0,3,126,3,3,2,6,8
1661,4274,2021,2253,0,55,"NSW","Regional","6:00 PM - 12:00 AM",0,0,0,3,138,1,3,4,4,8
409,4197,2031,2166,1,50,"VIC","Urban","6:00 PM - 12:00 AM",1,0,0,3,60,3,1,6,1,7
1677,4823,2792,2031,0,59,"WA","Urban","6:00 PM - 12:00 AM",0,0,1,2,66,2,2,7,6,13
1208,4243,2253,1990,0,56,"NSW","Urban","6:00 AM - 12:00 PM",1,0,1,3,162,1,3,2,1,3
1976,2959,1626,1333,1,60,"TAS","Urban","6:00 PM - 12:00 AM",0,0,1,3,120,1,2,10,9,19
1413,4830,2684,2146,1,52,"NSW","Regional","12:00 PM - 6:00 PM",1,0,0,1,78,1,3,10,7,17
763,774,0,774,0,27,"QLD","Regional","6:00 PM - 12:00 AM",1,1,0,3,114,1,3,10,10,20
886,197,0,197,0,37,"VIC","Urban","6:00 AM - 12:00 PM",1,1,0,1,120,1,3,7,2,9
723,2853,1666,1187,1,49,"QLD","Urban","6:00 PM - 12:00 AM",0,1,0,3,42,3,2,7,3,10
1420,2041,1540,501,1,35,"QLD","Regional","6:00 AM - 12:00 PM",1,1,0,3,180,2,2,0,0,0
662,3218,1741,1477,0,52,"NSW","Urban","6:00 PM - 12:00 AM",1,1,0,3,120,3,3,5,4,9
564,213,0,213,0,37,"VIC","Regional","6:00 PM - 12:00 AM",1,1,0,3,42,1,4,7,6,13
1251,487,0,487,0,36,"QLD","Urban","6:00 AM - 12:00 PM",0,1,1,3,60,2,4,2,6,8
1426,4215,2303,1912,0,51,"NSW","Urban","6:00 AM - 12:00 PM",1,0,0,2,96,3,4,3,6,9
1269,3549,1905,1644,1,60,"VIC","Urban","12:00 PM - 6:00 PM",0,0,1,3,54,1,1,9,8,17
585,3519,1850,1669,0,59,"NT","Regional","6:00 PM - 12:00 AM",0,0,0,3,24,3,3,6,7,13
1504,3967,2123,1844,1,49,"WA","Remote","6:00 AM - 12:00 PM",0,0,0,2,30,2,4,7,6,13
83,363,0,363,1,20,"NSW","Regional","12:00 AM - 6:00 AM",0,1,0,3,102,1,2,6,2,8
1972,3570,2119,1451,0,41,"QLD","Regional","6:00 PM - 12:00 AM",0,0,1,3,42,3,4,3,6,9
120,694,0,694,1,22,"VIC","Regional","12:00 AM - 6:00 AM",0,0,0,3,18,1,2,0,2,2
1194,4267,2263,2004,0,51,"NSW","Urban","6:00 AM - 12:00 PM",0,0,0,3,102,3,3,7,7,14
1804,3426,2016,1410,0,48,"QLD","Regional","6:00 PM - 12:00 AM",0,0,1,3,174,4,3,6,9,15
1446,198,0,198,0,21,"VIC","Regional","12:00 PM - 6:00 PM",1,1,1,3,168,1,3,3,6,9
754,4269,2363,1906,0,53,"NSW","Urban","6:00 PM - 12:00 AM",0,0,1,3,156,1,4,8,8,16
1230,216,0,216,0,38,"NSW","Remote","6:00 AM - 12:00 PM",1,1,1,2,108,1,2,4,4,8
1602,1797,1506,291,1,29,"VIC","Urban","12:00 PM - 6:00 PM",1,1,0,3,144,1,3,10,9,19
1697,258,0,258,1,38,"VIC","Regional","6:00 PM - 12:00 AM",1,1,1,3,132,1,3,9,9,18
511,817,0,817,1,34,"QLD","Urban","6:00 PM - 12:00 AM",0,1,1,3,132,2,4,10,10,20
1377,742,0,742,1,29,"NSW","Regional","6:00 AM - 12:00 PM",1,1,0,1,126,1,4,4,4,8
1688,208,0,208,1,43,"SA","Urban","6:00 PM - 12:00 AM",1,1,1,2,30,1,4,6,8,14
547,170,0,170,0,33,"NSW","Urban","6:00 PM - 12:00 AM",1,1,1,3,168,1,3,7,7,14
1741,4363,2318,2045,0,58,"NSW","Regional","6:00 PM - 12:00 AM",1,0,0,1,162,1,3,2,0,2
353,372,0,372,1,38,"SA","Urban","6:00 PM - 12:00 AM",1,1,1,3,48,2,1,9,8,17
34,1859,1464,395,0,45,"TAS","Urban","12:00 AM - 6:00 AM",1,1,0,1,60,1,2,2,1,3
1336,4836,2572,2264,0,52,"WA","Urban","12:00 PM - 6:00 PM",1,0,1,3,30,3,2,7,7,14
1050,661,0,661,1,41,"VIC","Urban","6:00 AM - 12:00 PM",1,1,0,3,30,1,4,5,4,9
1191,1266,1114,152,1,21,"SA","Urban","12:00 PM - 6:00 PM",0,1,0,3,12,2,1,2,0,2
208,2841,1685,1156,0,39,"VIC","Urban","12:00 AM - 6:00 AM",0,1,1,3,174,2,4,6,6,12
161,926,0,926,0,38,"NSW","Urban","12:00 AM - 6:00 AM",1,1,1,3,18,1,3,4,4,8
956,486,0,486,1,37,"NT","Remote","6:00 AM - 12:00 PM",1,1,1,3,114,1,3,10,10,20
263,2675,1488,1187,0,49,"VIC","Urban","12:00 AM - 6:00 AM",0,0,0,3,144,1,3,4,2,6
1888,4166,2218,1948,0,54,"QLD","Regional","6:00 PM - 12:00 AM",1,0,0,3,42,3,3,1,5,6
1949,3045,1540,1505,0,45,"VIC","Urban","6:00 PM - 12:00 AM",0,1,0,1,42,4,4,7,5,12
1882,1110,0,1110,0,31,"NSW","Urban","6:00 PM - 12:00 AM",0,0,1,3,42,2,3,4,4,8
511,817,0,817,1,34,"QLD","Urban","6:00 PM - 12:00 AM",0,1,1,3,132,2,4,10,10,20
1434,4346,1914,2432,0,55,"TAS","Urban","6:00 AM - 12:00 PM",0,1,0,3,30,4,2,6,3,9
113,360,0,360,0,30,"SA","Regional","12:00 PM - 6:00 PM",1,1,0,3,96,1,1,8,10,18
201,4456,2135,2321,1,52,"NSW","Urban","12:00 AM - 6:00 AM",0,0,1,1,174,4,3,8,5,13
1886,1916,1606,310,1,35,"NSW","Urban","6:00 PM - 12:00 AM",0,1,1,1,96,1,2,8,5,13
1253,367,0,367,0,29,"ACT","Remote","6:00 AM - 12:00 PM",1,1,0,3,156,2,4,2,2,4
1478,3236,1554,1682,1,54,"VIC","Urban","6:00 AM - 12:00 PM",0,0,0,1,108,1,5,5,6,11
251,280,0,280,1,21,"NSW","Urban","12:00 AM - 6:00 AM",1,1,1,3,180,1,4,3,7,10
119,660,0,660,1,24,"TAS","Urban","12:00 AM - 6:00 AM",0,0,1,2,60,1,1,3,5,8
1851,531,0,531,1,31,"NSW","Urban","6:00 PM - 12:00 AM",1,1,0,3,30,2,3,0,0,0
253,3791,1756,2035,1,42,"NSW","Remote","12:00 AM - 6:00 AM",0,1,0,2,30,3,3,3,5,8
752,1409,0,1409,1,35,"VIC","Regional","6:00 PM - 12:00 AM",1,1,1,2,66,1,4,5,9,14
707,4626,2568,2058,0,48,"VIC","Urban","6:00 PM - 12:00 AM",1,0,0,3,18,1,3,0,0,0
1092,3004,1760,1244,1,40,"NSW","Urban","6:00 AM - 12:00 PM",0,1,1,2,168,3,4,4,1,5
543,424,0,424,1,27,"NSW","Urban","6:00 PM - 12:00 AM",1,1,0,2,138,1,2,9,8,17
1860,238,0,238,1,50,"VIC","Urban","6:00 PM - 12:00 AM",0,1,1,3,126,1,3,9,8,17
1959,2826,1450,1376,1,34,"NSW","Urban","6:00 PM - 12:00 AM",1,0,0,1,138,3,4,7,7,14
1314,4263,2502,1761,1,57,"VIC","Urban","6:00 AM - 12:00 PM",1,0,0,3,144,1,3,8,3,11
411,796,0,796,1,26,"NSW","Regional","6:00 PM - 12:00 AM",1,1,1,1,150,1,4,6,5,11
1430,2017,1501,516,1,33,"VIC","Regional","6:00 AM - 12:00 PM",1,1,0,1,18,1,3,0,0,0
839,2826,1687,1139,1,60,"SA","Regional","6:00 PM - 12:00 AM",0,1,0,3,168,4,2,0,0,0
185,1607,1225,382,1,28,"NT","Regional","12:00 AM - 6:00 AM",1,1,1,2,144,2,2,5,3,8
527,176,0,176,1,46,"TAS","Remote","6:00 PM - 12:00 AM",0,1,1,2,180,1,3,2,0,2
1531,3732,2175,1557,0,42,"TAS","Regional","6:00 AM - 12:00 PM",0,0,0,3,24,4,1,5,4,9
1341,985,0,985,0,36,"TAS","Urban","6:00 AM - 12:00 PM",0,1,0,3,66,1,3,7,7,14
876,1437,0,1437,0,39,"TAS","Urban","6:00 PM - 12:00 AM",1,0,1,1,18,1,2,2,0,2
461,221,0,221,0,24,"NSW","Regional","6:00 PM - 12:00 AM",1,1,1,3,102,1,4,5,5,10
1884,4592,2287,2305,1,48,"WA","Urban","6:00 PM - 12:00 AM",0,1,1,3,18,4,2,0,0,0
395,1446,1241,205,0,34,"NSW","Remote","6:00 PM - 12:00 AM",1,1,0,2,72,2,2,1,4,5
1803,1888,1634,254,1,37,"VIC","Urban","6:00 PM - 12:00 AM",0,1,0,3,84,2,4,10,10,20
807,421,0,421,0,24,"NSW","Regional","6:00 PM - 12:00 AM",1,1,1,2,156,2,1,10,6,16
1266,3725,1701,2024,0,58,"VIC","Urban","6:00 AM - 12:00 PM",1,0,0,1,72,3,3,7,4,11
32,395,0,395,1,24,"NT","Urban","12:00 AM - 6:00 AM",0,1,1,2,30,2,3,0,0,0
1344,529,0,529,0,34,"QLD","Remote","6:00 AM - 12:00 PM",0,1,0,1,78,1,2,7,6,13
1130,971,0,971,0,40,"SA","Regional","6:00 AM - 12:00 PM",1,1,1,1,156,1,3,7,10,17
1019,622,0,622,0,38,"VIC","Regional","6:00 AM - 12:00 PM",1,1,0,3,66,1,4,10,10,20
1728,181,0,181,1,52,"SA","Urban","6:00 PM - 12:00 AM",1,1,1,3,138,1,2,7,6,13
1189,260,0,260,0,23,"VIC","Remote","6:00 AM - 12:00 PM",0,1,0,1,138,1,4,10,10,20
1762,4144,2208,1936,0,47,"TAS","Urban","6:00 PM - 12:00 AM",0,0,0,3,60,4,3,5,7,12
1951,1437,1110,327,1,26,"NSW","Urban","6:00 PM - 12:00 AM",1,0,1,3,150,1,4,3,6,9
306,1799,1430,369,1,31,"WA","Regional","6:00 PM - 12:00 AM",1,1,0,2,66,1,3,7,6,13
1827,3678,2126,1552,1,56,"NT","Urban","6:00 PM - 12:00 AM",1,0,1,3,12,1,2,0,0,0
675,4223,2058,2165,1,55,"SA","Urban","6:00 PM - 12:00 AM",0,0,1,1,126,3,3,8,7,15
327,181,0,181,0,25,"VIC","Urban","6:00 PM - 12:00 AM",1,1,1,2,96,1,2,7,8,15
1249,158,0,158,0,60,"NSW","Urban","6:00 AM - 12:00 PM",1,1,1,2,156,1,2,4,4,8
1528,788,0,788,0,24,"NSW","Regional","6:00 AM - 12:00 PM",1,1,0,3,84,1,3,8,7,15
442,1951,1466,485,0,44,"QLD","Urban","6:00 PM - 12:00 AM",1,1,1,3,96,2,2,9,9,18
1684,3121,1780,1341,0,56,"NSW","Urban","6:00 PM - 12:00 AM",0,0,1,3,114,4,4,8,10,18
1888,4166,2218,1948,0,54,"QLD","Regional","6:00 PM - 12:00 AM",1,0,0,3,42,3,3,1,5,6
943,667,0,667,1,34,"VIC","Urban","6:00 AM - 12:00 PM",1,1,0,3,90,1,3,10,10,20
1754,143,0,143,1,59,"QLD","Urban","6:00 PM - 12:00 AM",0,1,0,2,66,1,3,8,10,18
30,1404,1175,229,1,35,"SA","Urban","12:00 AM - 6:00 AM",1,1,0,3,102,2,2,6,10,16
1386,1657,1311,346,1,28,"QLD","Urban","6:00 AM - 12:00 PM",0,1,1,3,48,2,3,0,4,4
1753,4525,2318,2207,0,49,"ACT","Remote","6:00 PM - 12:00 AM",0,0,1,2,174,4,3,7,6,13
915,2015,1640,375,0,40,"VIC","Urban","6:00 AM - 12:00 PM",1,1,1,2,156,1,3,9,9,18
1333,249,0,249,1,22,"NSW","Urban","6:00 AM - 12:00 PM",1,1,0,2,48,2,1,2,1,3
856,3518,1860,1658,0,55,"NSW","Regional","6:00 PM - 12:00 AM",0,1,1,2,12,2,2,4,3,7
1708,1434,1073,361,1,36,"NSW","Urban","6:00 PM - 12:00 AM",1,1,1,3,48,2,4,7,7,14
698,293,0,293,0,35,"ACT","Regional","6:00 PM - 12:00 AM",0,0,0,2,36,1,3,2,2,4
1290,603,0,603,0,30,"VIC","Urban","6:00 AM - 12:00 PM",0,1,1,3,168,2,4,6,7,13
1909,1049,0,1049,0,37,"NSW","Regional","6:00 PM - 12:00 AM",1,0,0,1,24,1,3,7,5,12
1480,205,0,205,0,21,"WA","Urban","12:00 PM - 6:00 PM",0,1,0,1,150,1,3,3,3,6
1402,533,0,533,1,39,"NSW","Urban","12:00 PM - 6:00 PM",0,1,0,3,66,1,5,7,10,17
740,198,0,198,1,30,"NT","Regional","6:00 PM - 12:00 AM",0,1,0,3,120,1,3,8,7,15
1179,359,0,359,1,26,"NSW","Urban","6:00 AM - 12:00 PM",1,1,1,1,144,1,1,4,3,7
1726,957,0,957,0,35,"NSW","Urban","6:00 PM - 12:00 AM",0,1,1,1,150,2,3,1,4,5
397,3313,1210,2103,1,59,"VIC","Urban","6:00 PM - 12:00 AM",0,0,0,1,12,3,3,4,0,4
1955,4314,2260,2054,1,43,"NSW","Regional","6:00 PM - 12:00 AM",0,0,0,2,84,3,2,9,10,19
640,4160,2216,1944,0,45,"NSW","Urban","6:00 PM - 12:00 AM",0,0,0,3,36,4,4,8,7,15
830,185,0,185,0,33,"VIC","Urban","6:00 PM - 12:00 AM",1,1,0,3,30,1,3,5,4,9
1973,327,0,327,0,21,"NSW","Urban","6:00 PM - 12:00 AM",1,1,0,3,180,2,2,0,0,0
487,373,0,373,1,28,"VIC","Remote","6:00 PM - 12:00 AM",1,1,1,3,132,2,4,9,9,18
1548,4025,1950,2075,1,49,"NSW","Urban","6:00 AM - 12:00 PM",0,0,0,3,72,2,2,10,10,20
634,3234,1607,1627,1,56,"WA","Urban","6:00 PM - 12:00 AM",0,0,1,3,180,1,4,6,9,15
958,364,0,364,0,22,"SA","Remote","6:00 AM - 12:00 PM",1,1,1,2,126,1,2,6,5,11
716,285,0,285,1,56,"SA","Urban","6:00 PM - 12:00 AM",0,1,1,3,24,1,4,0,0,0
1671,4215,2317,1898,1,57,"ACT","Urban","6:00 PM - 12:00 AM",0,0,0,3,42,2,4,6,6,12
757,3827,2001,1826,1,46,"QLD","Urban","12:00 PM - 6:00 PM",1,0,1,1,180,2,3,6,5,11
674,243,0,243,1,58,"NSW","Urban","6:00 PM - 12:00 AM",1,0,0,3,54,1,3,5,7,12
125,462,0,462,0,39,"NSW","Remote","12:00 PM - 6:00 PM",1,1,1,2,90,1,3,6,3,9
196,1257,0,1257,0,30,"TAS","Regional","12:00 AM - 6:00 AM",1,1,1,3,150,1,2,1,5,6
773,2068,1748,320,1,35,"NT","Urban","6:00 PM - 12:00 AM",1,1,1,3,150,1,3,10,6,16
1041,153,0,153,1,29,"VIC","Regional","6:00 AM - 12:00 PM",1,1,0,3,42,1,2,4,3,7
45,3127,1714,1413,1,55,"NSW","Urban","12:00 AM - 6:00 AM",1,0,0,1,174,1,3,0,0,0
1660,3257,1975,1282,1,48,"VIC","Urban","6:00 PM - 12:00 AM",0,0,1,2,126,2,2,9,6,15
1948,427,0,427,1,25,"SA","Urban","6:00 PM - 12:00 AM",0,0,0,3,24,1,2,2,1,3
203,1375,0,1375,1,39,"VIC","Urban","12:00 AM - 6:00 AM",1,1,0,2,30,1,4,1,0,1
1329,382,0,382,1,21,"NSW","Regional","6:00 AM - 12:00 PM",1,1,0,3,54,2,3,6,5,11
917,1317,0,1317,1,47,"VIC","Urban","6:00 AM - 12:00 PM",0,0,1,3,174,2,4,7,4,11
831,3246,1739,1507,1,44,"SA","Urban","6:00 PM - 12:00 AM",0,0,1,2,96,3,4,10,10,20
1770,942,0,942,1,33,"NSW","Urban","6:00 PM - 12:00 AM",0,1,0,3,168,1,3,3,0,3
1479,2573,1536,1037,0,38,"VIC","Regional","6:00 AM - 12:00 PM",1,0,0,3,66,2,3,5,2,7
329,195,0,195,0,20,"VIC","Urban","6:00 PM - 12:00 AM",1,1,1,2,174,1,3,0,1,1
148,3785,2091,1694,1,46,"QLD","Urban","12:00 AM - 6:00 AM",0,0,0,2,180,2,2,2,0,2
109,3547,1822,1725,0,52,"TAS","Urban","12:00 AM - 6:00 AM",1,0,1,3,174,1,3,2,1,3
1781,3160,1800,1360,1,57,"NSW","Urban","6:00 PM - 12:00 AM",1,0,0,2,30,1,4,7,6,13
18,919,0,919,1,33,"WA","Urban","12:00 AM - 6:00 AM",1,1,0,1,180,1,2,0,0,0
1220,1570,1385,185,1,33,"NSW","Regional","6:00 AM - 12:00 PM",1,1,0,1,120,2,2,10,10,20
920,2744,1376,1368,1,57,"VIC","Urban","6:00 AM - 12:00 PM",0,1,0,3,168,3,3,6,5,11
1370,579,0,579,1,36,"QLD","Urban","6:00 AM - 12:00 PM",1,1,0,3,162,1,4,3,5,8
623,218,0,218,0,24,"NSW","Urban","6:00 PM - 12:00 AM",1,1,0,3,126,1,4,9,7,16
256,1968,1692,276,1,39,"NSW","Urban","12:00 AM - 6:00 AM",1,1,1,3,42,1,4,9,7,16
1032,1218,0,1218,0,49,"VIC","Urban","6:00 AM - 12:00 PM",1,1,1,3,150,1,3,2,1,3
1813,3126,1635,1491,1,48,"NSW","Regional","12:00 PM - 6:00 PM",0,0,0,3,96,2,4,8,4,12
1222,3969,2057,1912,0,49,"NSW","Urban","6:00 AM - 12:00 PM",1,0,0,2,102,3,2,6,8,14
1230,216,0,216,0,38,"NSW","Remote","6:00 AM - 12:00 PM",1,1,1,2,108,1,2,4,4,8
1047,358,0,358,1,21,"VIC","Urban","6:00 AM - 12:00 PM",1,1,1,3,36,1,4,6,3,9
634,3234,1607,1627,1,56,"WA","Urban","6:00 PM - 12:00 AM",0,0,1,3,180,1,4,6,9,15
939,1653,1513,140,1,27,"NSW","Regional","6:00 AM - 12:00 PM",1,1,1,3,138,2,3,10,10,20
1772,2829,1777,1052,1,47,"VIC","Remote","6:00 PM - 12:00 AM",0,0,0,1,108,3,3,8,8,16
1792,279,0,279,1,22,"SA","Regional","6:00 PM - 12:00 AM",0,1,0,3,60,1,2,2,2,4
1194,4267,2263,2004,0,51,"NSW","Urban","6:00 AM - 12:00 PM",0,0,0,3,102,3,3,7,7,14
131,1010,0,1010,0,31,"WA","Regional","12:00 AM - 6:00 AM",1,0,0,3,132,1,4,8,5,13
723,2853,1666,1187,1,49,"QLD","Urban","6:00 PM - 12:00 AM",0,1,0,3,42,3,2,7,3,10
1172,4462,2053,2409,0,59,"VIC","Regional","6:00 AM - 12:00 PM",0,0,0,3,24,3,4,6,2,8
646,183,0,183,0,40,"NSW","Regional","12:00 PM - 6:00 PM",1,1,0,3,156,1,1,8,7,15
879,1060,0,1060,1,44,"TAS","Urban","12:00 PM - 6:00 PM",0,1,0,3,180,1,3,4,4,8
1477,193,0,193,0,39,"NSW","Urban","6:00 AM - 12:00 PM",1,0,0,1,72,1,3,7,2,9
597,518,0,518,1,31,"NSW","Urban","6:00 PM - 12:00 AM",0,1,0,3,90,1,2,10,10,20
1977,444,0,444,1,20,"VIC","Remote","6:00 PM - 12:00 AM",1,1,0,2,114,2,4,10,5,15
798,214,0,214,1,51,"VIC","Urban","6:00 PM - 12:00 AM",1,0,0,3,120,1,3,6,5,11
355,3412,1973,1439,1,60,"VIC","Regional","6:00 PM - 12:00 AM",0,0,1,1,102,4,2,7,4,11
606,3778,1859,1919,1,55,"QLD","Regional","6:00 PM - 12:00 AM",0,0,0,1,84,4,2,10,10,20
1203,351,0,351,0,24,"SA","Regional","6:00 AM - 12:00 PM",0,1,0,3,108,2,5,7,6,13
1011,1422,0,1422,0,58,"NT","Urban","6:00 AM - 12:00 PM",0,1,1,3,24,1,3,5,8,13
1737,655,0,655,0,34,"QLD","Urban","6:00 PM - 12:00 AM",0,1,0,3,132,2,1,10,9,19
1764,1471,1225,246,1,38,"VIC","Urban","6:00 PM - 12:00 AM",1,1,1,2,30,2,2,7,7,14
1408,1540,1234,306,1,27,"ACT","Regional","6:00 AM - 12:00 PM",1,0,0,3,84,2,4,3,5,8
1254,266,0,266,0,24,"NSW","Urban","6:00 AM - 12:00 PM",1,1,0,1,30,1,2,1,2,3
559,216,0,216,1,20,"NSW","Urban","6:00 PM - 12:00 AM",0,1,0,3,162,1,2,8,8,16
590,4396,2155,2241,1,56,"ACT","Urban","6:00 PM - 12:00 AM",1,0,0,3,150,4,3,5,4,9
1077,465,0,465,1,29,"NSW","Urban","6:00 AM - 12:00 PM",1,1,0,2,60,2,3,6,5,11
1919,3920,2409,1511,0,46,"VIC","Urban","6:00 PM - 12:00 AM",0,0,0,3,96,1,4,9,10,19
1990,346,0,346,0,21,"WA","Urban","12:00 PM - 6:00 PM",0,1,1,3,84,1,4,8,10,18
127,2236,1637,599,0,40,"NSW","Urban","12:00 AM - 6:00 AM",1,0,0,3,162,1,3,4,2,6
1489,4181,2112,2069,0,53,"TAS","Urban","6:00 AM - 12:00 PM",0,0,1,2,174,1,1,4,5,9
607,248,0,248,1,60,"NT","Urban","6:00 PM - 12:00 AM",0,1,0,3,150,1,3,5,7,12
1627,245,0,245,0,24,"QLD","Urban","6:00 PM - 12:00 AM",1,1,1,2,96,1,5,7,7,14
186,2968,1748,1220,1,43,"SA","Urban","12:00 AM - 6:00 AM",0,0,1,3,168,4,5,5,5,10
603,400,0,400,1,28,"NSW","Urban","6:00 PM - 12:00 AM",0,1,0,3,66,1,3,7,7,14
1067,1295,0,1295,1,54,"VIC","Urban","6:00 AM - 12:00 PM",1,1,1,3,174,1,2,1,0,1
696,1508,1398,110,0,29,"TAS","Urban","6:00 PM - 12:00 AM",0,1,0,3,132,2,5,10,7,17
391,4015,2283,1732,0,49,"WA","Urban","12:00 PM - 6:00 PM",0,0,1,2,84,2,3,10,10,20
1810,1423,0,1423,0,41,"ACT","Urban","6:00 PM - 12:00 AM",0,1,1,3,30,2,4,6,10,16
61,3325,1928,1397,1,57,"VIC","Urban","12:00 AM - 6:00 AM",1,0,1,3,24,1,3,0,0,0
838,3018,1762,1256,0,50,"TAS","Urban","6:00 PM - 12:00 AM",0,0,1,3,78,4,3,5,5,10
1262,905,0,905,1,37,"NSW","Urban","6:00 AM - 12:00 PM",0,1,0,3,144,1,1,7,7,14
946,3043,1558,1485,1,51,"VIC","Urban","12:00 PM - 6:00 PM",1,0,1,2,174,1,3,1,0,1
1069,2095,1792,303,0,52,"NSW","Remote","6:00 AM - 12:00 PM",0,0,0,3,108,1,1,10,9,19
1252,4312,2383,1929,0,55,"NSW","Urban","6:00 AM - 12:00 PM",0,0,0,1,102,4,5,9,8,17
975,1571,1330,241,0,26,"ACT","Urban","6:00 AM - 12:00 PM",1,1,1,2,42,1,3,0,4,4
1156,303,0,303,1,24,"NSW","Regional","6:00 AM - 12:00 PM",0,1,1,3,72,2,2,5,5,10
431,1020,0,1020,1,40,"NT","Urban","6:00 PM - 12:00 AM",1,1,0,3,72,1,3,7,7,14
714,1392,0,1392,0,36,"QLD","Regional","6:00 PM - 12:00 AM",0,0,1,3,24,1,3,1,1,2
1022,504,0,504,1,34,"VIC","Remote","6:00 AM - 12:00 PM",1,1,1,3,18,2,3,0,0,0
819,205,0,205,0,50,"NSW","Urban","6:00 PM - 12:00 AM",1,0,0,3,30,1,5,8,8,16
1027,580,0,580,0,33,"VIC","Regional","6:00 AM - 12:00 PM",1,1,1,1,60,2,4,9,9,18
101,1721,1573,148,1,27,"VIC","Urban","12:00 AM - 6:00 AM",0,0,1,3,120,2,5,9,7,16
403,3159,1678,1481,0,57,"VIC","Urban","6:00 PM - 12:00 AM",0,1,0,2,120,2,1,10,10,20
1031,273,0,273,1,50,"VIC","Urban","6:00 AM - 12:00 PM",1,1,0,3,114,1,3,10,10,20
777,544,0,544,0,26,"NSW","Regional","6:00 PM - 12:00 AM",1,1,1,3,126,1,2,8,5,13
1985,1048,0,1048,0,39,"NSW","Urban","6:00 PM - 12:00 AM",1,1,1,3,48,2,2,4,4,8
1212,217,0,217,0,56,"NSW","Remote","6:00 AM - 12:00 PM",1,1,0,3,102,1,2,6,6,12
1211,744,0,744,0,29,"VIC","Urban","6:00 AM - 12:00 PM",0,1,0,3,84,2,4,10,10,20
204,1077,0,1077,1,37,"NSW","Remote","12:00 AM - 6:00 AM",1,1,0,3,132,2,5,10,10,20
7,3886,2152,1734,0,50,"SA","Urban","12:00 AM - 6:00 AM",1,0,1,3,120,3,3,4,3,7
56,4141,2691,1450,1,58,"NSW","Urban","12:00 AM - 6:00 AM",1,0,1,3,108,4,2,10,9,19
1215,4223,2280,1943,1,46,"VIC","Urban","6:00 AM - 12:00 PM",1,0,0,3,132,3,3,7,4,11
1504,3967,2123,1844,1,49,"WA","Remote","6:00 AM - 12:00 PM",0,0,0,2,30,2,4,7,6,13
641,3569,1994,1575,1,44,"NSW","Remote","6:00 PM - 12:00 AM",0,0,1,3,66,4,3,7,4,11
29,3636,2163,1473,0,46,"NSW","Regional","12:00 AM - 6:00 AM",0,0,1,3,54,4,2,8,7,15
192,1334,0,1334,0,35,"WA","Urban","12:00 AM - 6:00 AM",1,1,1,3,96,2,3,7,10,17
324,1412,1177,235,0,38,"NSW","Urban","12:00 PM - 6:00 PM",1,1,1,2,132,1,3,9,10,19
297,3977,2220,1757,0,59,"NSW","Urban","12:00 AM - 6:00 AM",0,1,0,1,126,4,3,10,9,19
298,194,0,194,1,34,"NSW","Urban","12:00 AM - 6:00 AM",1,0,0,2,66,1,3,5,4,9
824,4159,1829,2330,1,57,"NSW","Urban","12:00 PM - 6:00 PM",1,0,0,1,60,4,4,7,6,13
458,4534,2616,1918,1,54,"NSW","Urban","12:00 PM - 6:00 PM",0,0,0,3,132,2,2,4,6,10
999,1349,1147,202,0,24,"VIC","Urban","6:00 AM - 12:00 PM",1,1,1,3,174,1,4,2,0,2
861,850,0,850,1,24,"NSW","Regional","6:00 PM - 12:00 AM",1,0,0,2,150,2,4,7,7,14
1972,3570,2119,1451,0,41,"QLD","Regional","6:00 PM - 12:00 AM",0,0,1,3,42,3,4,3,6,9
1866,3541,2038,1503,1,44,"QLD","Urban","6:00 PM - 12:00 AM",0,0,1,3,102,4,2,7,8,15
158,304,0,304,0,18,"NSW","Urban","12:00 PM - 6:00 PM",1,1,0,2,126,1,3,9,7,16
1869,2602,1503,1099,0,45,"NSW","Regional","6:00 PM - 12:00 AM",0,1,0,2,120,3,3,10,8,18
1259,218,0,218,0,58,"NSW","Remote","6:00 AM - 12:00 PM",1,1,1,2,108,1,3,7,3,10
316,1266,0,1266,1,42,"ACT","Urban","6:00 PM - 12:00 AM",1,1,1,3,150,2,4,10,8,18
966,306,0,306,1,24,"VIC","Regional","6:00 AM - 12:00 PM",1,1,1,2,84,2,3,9,5,14
699,1597,1380,217,1,29,"SA","Urban","6:00 PM - 12:00 AM",1,0,1,1,42,2,4,4,3,7
123,885,0,885,1,29,"NSW","Urban","12:00 AM - 6:00 AM",1,1,1,3,126,2,4,4,8,12
764,2970,1740,1230,1,45,"NSW","Urban","6:00 PM - 12:00 AM",0,0,1,2,156,4,3,4,3,7
1947,177,0,177,1,21,"NSW","Urban","6:00 PM - 12:00 AM",1,1,1,3,180,1,4,0,2,2
150,3948,1961,1987,1,47,"ACT","Urban","12:00 AM - 6:00 AM",0,1,1,2,138,4,3,8,7,15
586,479,0,479,0,35,"NSW","Urban","6:00 PM - 12:00 AM",1,1,0,3,66,2,2,3,2,5
400,222,0,222,1,21,"NSW","Regional","6:00 PM - 12:00 AM",1,1,0,3,72,1,3,4,5,9
1392,501,0,501,0,39,"VIC","Urban","6:00 AM - 12:00 PM",1,1,0,3,60,1,3,1,5,6
235,1709,1490,219,0,34,"NT","Urban","12:00 AM - 6:00 AM",1,0,0,3,24,2,2,5,5,10
1176,2823,1627,1196,0,56,"QLD","Urban","6:00 AM - 12:00 PM",1,0,0,3,162,2,3,7,7,14
1798,196,0,196,1,24,"NSW","Regional","6:00 PM - 12:00 AM",1,1,1,1,126,1,4,8,5,13
770,3906,2260,1646,0,57,"WA","Remote","6:00 PM - 12:00 AM",0,0,0,3,114,1,4,9,8,17
631,3121,1762,1359,0,56,"WA","Urban","6:00 PM - 12:00 AM",1,0,0,3,144,2,2,2,2,4
1756,4141,2183,1958,1,54,"NSW","Urban","6:00 PM - 12:00 AM",1,0,0,3,48,3,3,8,3,11
282,3499,1921,1578,0,45,"NT","Urban","12:00 AM - 6:00 AM",0,1,0,2,66,3,3,6,5,11
1490,841,0,841,0,28,"VIC","Remote","6:00 AM - 12:00 PM",1,1,0,3,174,2,4,5,3,8
1218,375,0,375,1,29,"NSW","Regional","6:00 AM - 12:00 PM",1,1,0,3,156,2,2,10,7,17
1782,515,0,515,1,37,"NSW","Urban","6:00 PM - 12:00 AM",0,1,0,1,144,2,4,10,10,20
1863,659,0,659,1,34,"NSW","Urban","6:00 PM - 12:00 AM",0,1,1,1,120,2,3,8,8,16
897,743,0,743,0,24,"WA","Remote","6:00 AM - 12:00 PM",1,1,1,3,102,1,3,6,6,12
766,1718,1311,407,1,38,"NSW","Urban","6:00 PM - 12:00 AM",1,1,0,1,126,2,1,2,2,4
113,360,0,360,0,30,"SA","Regional","12:00 PM - 6:00 PM",1,1,0,3,96,1,1,8,10,18
1697,258,0,258,1,38,"VIC","Regional","6:00 PM - 12:00 AM",1,1,1,3,132,1,3,9,9,18
1079,4649,2790,1859,1,55,"NSW","Regional","12:00 PM - 6:00 PM",1,0,0,3,156,4,4,3,4,7
1189,260,0,260,0,23,"VIC","Remote","6:00 AM - 12:00 PM",0,1,0,1,138,1,4,10,10,20
780,2127,1838,289,0,41,"NT","Regional","12:00 PM - 6:00 PM",0,1,0,3,66,1,3,3,7,10
1850,4457,2359,2098,0,49,"NSW","Urban","6:00 PM - 12:00 AM",0,0,0,3,12,1,3,5,4,9
630,1257,0,1257,1,42,"NSW","Urban","6:00 PM - 12:00 AM",0,1,0,3,90,1,3,2,5,7
1520,1494,1378,116,1,26,"WA","Urban","6:00 AM - 12:00 PM",1,1,0,3,132,1,2,2,2,4
965,234,0,234,1,39,"VIC","Regional","6:00 AM - 12:00 PM",1,1,0,1,174,1,2,2,3,5
1100,1784,1304,480,1,45,"NSW","Urban","6:00 AM - 12:00 PM",1,1,1,3,54,1,4,8,7,15
623,218,0,218,0,24,"NSW","Urban","6:00 PM - 12:00 AM",1,1,0,3,126,1,4,9,7,16
372,380,0,380,1,26,"NSW","Remote","6:00 PM - 12:00 AM",1,1,1,3,42,1,3,8,8,16
1758,483,0,483,1,30,"VIC","Urban","6:00 PM - 12:00 AM",0,1,0,3,30,2,4,3,0,3
1804,3426,2016,1410,0,48,"QLD","Regional","6:00 PM - 12:00 AM",0,0,1,3,174,4,3,6,9,15
1028,1859,1664,195,0,51,"WA","Urban","6:00 AM - 12:00 PM",0,1,0,3,18,1,1,5,5,10
76,603,0,603,1,26,"NSW","Regional","12:00 AM - 6:00 AM",0,1,1,1,12,1,3,0,0,0
1926,2046,1821,225,0,36,"SA","Urban","6:00 PM - 12:00 AM",0,0,0,1,96,1,3,7,6,13
356,1510,1321,189,1,40,"VIC","Urban","6:00 PM - 12:00 AM",1,1,0,3,114,1,2,10,7,17
157,1001,0,1001,0,24,"WA","Urban","12:00 AM - 6:00 AM",1,1,0,3,138,1,2,6,5,11
1948,427,0,427,1,25,"SA","Urban","6:00 PM - 12:00 AM",0,0,0,3,24,1,2,2,1,3
1789,4071,2249,1822,1,49,"VIC","Urban","6:00 PM - 12:00 AM",1,0,1,3,48,4,4,5,4,9
591,1521,1279,242,0,38,"SA","Urban","12:00 PM - 6:00 PM",0,1,1,3,96,2,4,10,10,20
320,3354,1954,1400,1,53,"VIC","Urban","6:00 PM - 12:00 AM",0,0,1,3,162,1,3,8,10,18
957,4168,2354,1814,1,53,"QLD","Urban","12:00 PM - 6:00 PM",0,0,0,3,150,2,2,10,9,19
423,381,0,381,1,26,"VIC","Urban","6:00 PM - 12:00 AM",0,1,0,1,48,1,2,3,3,6
1217,751,0,751,0,37,"QLD","Urban","6:00 AM - 12:00 PM",1,1,1,1,126,1,4,5,5,10
441,3179,1599,1580,0,52,"NSW","Urban","6:00 PM - 12:00 AM",0,0,1,2,54,2,3,4,4,8
1011,1422,0,1422,0,58,"NT","Urban","6:00 AM - 12:00 PM",0,1,1,3,24,1,3,5,8,13
1955,4314,2260,2054,1,43,"NSW","Regional","6:00 PM - 12:00 AM",0,0,0,2,84,3,2,9,10,19
963,335,0,335,0,20,"VIC","Urban","6:00 AM - 12:00 PM",1,1,1,3,174,2,4,7,2,9
884,1847,1441,406,0,27,"VIC","Urban","6:00 AM - 12:00 PM",0,1,0,3,72,1,3,4,3,7
714,1392,0,1392,0,36,"QLD","Regional","6:00 PM - 12:00 AM",0,0,1,3,24,1,3,1,1,2
270,1283,0,1283,0,38,"SA","Urban","12:00 AM - 6:00 AM",1,0,0,3,84,2,2,10,10,20
1711,213,0,213,0,27,"NSW","Urban","6:00 PM - 12:00 AM",0,1,1,2,42,1,2,5,1,6
1736,327,0,327,1,28,"NSW","Urban","6:00 PM - 12:00 AM",1,1,0,1,36,2,2,0,0,0
1107,3031,1782,1249,1,58,"NSW","Urban","6:00 AM - 12:00 PM",0,0,0,3,30,3,3,6,1,7
1741,4363,2318,2045,0,58,"NSW","Regional","6:00 PM - 12:00 AM",1,0,0,1,162,1,3,2,0,2
175,1964,1670,294,0,33,"NSW","Urban","12:00 AM - 6:00 AM",1,1,0,2,162,2,2,9,5,14
1271,277,0,277,0,21,"SA","Regional","6:00 AM - 12:00 PM",1,1,1,3,18,1,3,0,0,0
109,3547,1822,1725,0,52,"TAS","Urban","12:00 AM - 6:00 AM",1,0,1,3,174,1,3,2,1,3
1225,641,0,641,0,37,"WA","Urban","12:00 PM - 6:00 PM",1,1,1,1,108,1,4,4,7,11
324,1412,1177,235,0,38,"NSW","Urban","12:00 PM - 6:00 PM",1,1,1,2,132,1,3,9,10,19
1820,1197,0,1197,1,43,"NSW","Urban","6:00 PM - 12:00 AM",0,1,0,3,96,1,3,6,8,14
1827,3678,2126,1552,1,56,"NT","Urban","6:00 PM - 12:00 AM",1,0,1,3,12,1,2,0,0,0
801,252,0,252,0,51,"VIC","Urban","6:00 PM - 12:00 AM",1,0,1,3,180,1,4,1,1,2
1009,909,0,909,0,45,"VIC","Urban","6:00 AM - 12:00 PM",1,1,0,3,78,2,3,6,5,11
717,440,0,440,0,20,"NSW","Regional","6:00 PM - 12:00 AM",0,0,1,2,72,1,3,10,8,18
1291,240,0,240,1,39,"NSW","Urban","12:00 PM - 6:00 PM",0,1,0,3,42,1,3,10,7,17
1554,3561,1676,1885,1,44,"VIC","Urban","6:00 AM - 12:00 PM",0,0,1,2,120,3,4,8,8,16
627,732,0,732,0,34,"NSW","Urban","6:00 PM - 12:00 AM",1,1,0,2,162,2,3,6,6,12
1213,315,0,315,1,22,"NSW","Urban","12:00 PM - 6:00 PM",1,1,0,2,174,2,3,4,8,12
199,3440,2326,1114,0,56,"SA","Urban","12:00 AM - 6:00 AM",0,0,0,1,156,4,2,8,6,14
1239,322,0,322,0,23,"SA","Urban","6:00 AM - 12:00 PM",0,1,0,3,138,1,3,7,6,13
1482,1557,0,1557,0,31,"QLD","Regional","6:00 AM - 12:00 PM",1,0,0,3,96,2,2,7,2,9
1768,1625,1267,358,1,42,"SA","Urban","12:00 PM - 6:00 PM",1,1,1,3,138,1,3,4,3,7
471,3013,1747,1266,0,56,"NSW","Urban","6:00 PM - 12:00 AM",1,0,0,2,156,2,3,1,5,6
1793,1654,1447,207,1,33,"NSW","Remote","6:00 PM - 12:00 AM",0,1,1,3,54,2,3,10,10,20
416,1302,0,1302,1,40,"ACT","Urban","6:00 PM - 12:00 AM",0,1,1,3,42,1,4,10,6,16
1148,307,0,307,0,20,"NSW","Remote","6:00 AM - 12:00 PM",0,1,0,1,180,2,3,0,3,3
470,4393,2168,2225,0,50,"QLD","Remote","6:00 PM - 12:00 AM",1,0,0,3,66,3,4,10,10,20
1162,370,0,370,1,20,"ACT","Regional","6:00 AM - 12:00 PM",1,1,0,2,84,1,2,9,9,18
1898,192,0,192,0,47,"NT","Urban","6:00 PM - 12:00 AM",0,0,0,1,78,1,3,10,10,20
1963,1227,0,1227,1,33,"NSW","Urban","6:00 PM - 12:00 AM",1,1,0,2,84,1,4,7,6,13
1996,3285,1968,1317,0,42,"TAS","Urban","6:00 PM - 12:00 AM",0,0,0,1,168,1,3,6,10,16
835,223,0,223,1,30,"TAS","Urban","12:00 PM - 6:00 PM",0,1,0,1,12,1,3,1,5,6
299,2361,1362,999,1,40,"ACT","Regional","12:00 AM - 6:00 AM",1,0,0,2,72,2,4,4,4,8
1397,1917,1555,362,1,30,"NSW","Remote","6:00 AM - 12:00 PM",0,0,0,1,144,2,4,9,10,19
1539,3986,2002,1984,0,50,"ACT","Urban","6:00 AM - 12:00 PM",0,0,0,3,138,1,2,8,10,18
434,416,0,416,1,24,"NSW","Urban","6:00 PM - 12:00 AM",0,1,1,2,48,2,2,5,3,8
689,4711,2478,2233,1,59,"NSW","Urban","6:00 PM - 12:00 AM",0,0,1,2,18,2,2,0,1,1
1937,1774,1401,373,1,39,"TAS","Urban","6:00 PM - 12:00 AM",0,0,0,3,60,2,4,10,8,18
861,850,0,850,1,24,"NSW","Regional","6:00 PM - 12:00 AM",1,0,0,2,150,2,4,7,7,14
1231,3191,1833,1358,0,48,"NSW","Urban","6:00 AM - 12:00 PM",1,0,0,3,180,2,4,4,4,8
1837,414,0,414,0,20,"NT","Urban","6:00 PM - 12:00 AM",1,1,0,2,18,2,4,4,1,5
83,363,0,363,1,20,"NSW","Regional","12:00 AM - 6:00 AM",0,1,0,3,102,1,2,6,2,8
197,446,0,446,0,21,"ACT","Urban","12:00 AM - 6:00 AM",1,1,1,1,126,1,2,5,5,10
1405,420,0,420,0,20,"NSW","Urban","6:00 AM - 12:00 PM",0,0,0,2,30,1,3,5,7,12
54,1175,0,1175,1,28,"NT","Remote","12:00 AM - 6:00 AM",0,1,0,1,66,2,2,5,2,7
465,3448,1628,1820,0,50,"NSW","Urban","6:00 PM - 12:00 AM",0,0,1,3,90,2,3,10,10,20
1334,2732,1730,1002,0,42,"NT","Remote","6:00 AM - 12:00 PM",1,1,0,3,24,1,4,4,4,8
399,1048,0,1048,1,43,"ACT","Regional","6:00 PM - 12:00 AM",1,1,1,1,18,2,2,0,0,0
1906,4768,2673,2095,1,56,"NSW","Remote","6:00 PM - 12:00 AM",1,0,0,3,180,1,4,0,0,0
5,265,0,265,1,25,"NSW","Remote","12:00 AM - 6:00 AM",0,1,0,3,42,2,3,4,8,12
1378,361,0,361,0,21,"NSW","Urban","6:00 AM - 12:00 PM",1,1,0,2,72,2,2,7,7,14
855,1820,1493,327,0,26,"QLD","Regional","6:00 PM - 12:00 AM",1,0,0,2,78,1,1,10,10,20
1244,770,0,770,1,38,"ACT","Urban","6:00 AM - 12:00 PM",1,1,1,1,150,2,3,9,9,18
412,278,0,278,0,24,"NSW","Regional","6:00 PM - 12:00 AM",1,1,1,1,150,2,3,6,6,12
1721,140,0,140,0,31,"NT","Urban","6:00 PM - 12:00 AM",1,1,0,1,96,1,2,9,9,18
975,1571,1330,241,0,26,"ACT","Urban","6:00 AM - 12:00 PM",1,1,1,2,42,1,3,0,4,4
1991,2267,2031,236,0,36,"WA","Urban","6:00 PM - 12:00 AM",1,1,0,2,96,2,3,3,4,7
625,3729,2113,1616,0,47,"NSW","Urban","6:00 PM - 12:00 AM",1,0,1,3,132,2,3,9,9,18
1046,329,0,329,0,22,"ACT","Urban","12:00 PM - 6:00 PM",1,1,1,3,24,1,2,2,0,2
502,390,0,390,0,24,"NSW","Urban","12:00 PM - 6:00 PM",0,1,0,3,42,1,3,3,0,3
1171,4588,2484,2104,1,53,"QLD","Urban","6:00 AM - 12:00 PM",1,0,0,2,108,2,3,6,7,13
1756,4141,2183,1958,1,54,"NSW","Urban","6:00 PM - 12:00 AM",1,0,0,3,48,3,3,8,3,11
455,490,0,490,1,26,"ACT","Urban","6:00 PM - 12:00 AM",1,1,0,1,180,2,4,3,3,6
22,242,0,242,0,21,"SA","Urban","12:00 AM - 6:00 AM",1,1,0,3,150,1,2,3,3,6
822,868,0,868,1,29,"NSW","Regional","6:00 PM - 12:00 AM",1,1,0,3,108,2,3,7,2,9
1514,669,0,669,0,27,"TAS","Remote","6:00 AM - 12:00 PM",1,1,1,3,12,1,2,6,2,8
1418,4224,1990,2234,0,49,"SA","Urban","6:00 AM - 12:00 PM",0,0,0,3,180,3,4,6,6,12
115,3119,1791,1328,1,51,"NSW","Remote","12:00 AM - 6:00 AM",0,0,0,1,150,2,3,7,5,12
448,3772,2042,1730,1,58,"NT","Urban","6:00 PM - 12:00 AM",0,0,0,3,24,1,2,2,6,8
988,400,0,400,0,24,"VIC","Regional","6:00 AM - 12:00 PM",1,1,1,3,150,1,4,10,10,20
1687,3658,2111,1547,0,57,"NSW","Regional","6:00 PM - 12:00 AM",1,0,0,2,150,3,2,4,4,8
1474,446,0,446,1,24,"NSW","Urban","6:00 AM - 12:00 PM",1,0,0,2,120,1,3,7,8,15
248,1030,0,1030,1,31,"QLD","Regional","12:00 AM - 6:00 AM",1,0,0,3,66,1,2,7,6,13
725,3234,1997,1237,0,49,"NSW","Urban","6:00 PM - 12:00 AM",0,0,1,3,12,4,2,0,0,0
1141,304,0,304,1,24,"NSW","Remote","6:00 AM - 12:00 PM",0,1,1,3,96,1,2,6,5,11
1473,4592,2290,2302,0,56,"TAS","Urban","6:00 AM - 12:00 PM",1,0,1,3,78,3,3,9,8,17
9,203,0,203,0,21,"NSW","Urban","12:00 AM - 6:00 AM",0,1,0,1,42,1,2,6,9,15
341,1311,1166,145,0,25,"ACT","Regional","6:00 PM - 12:00 AM",1,1,0,3,36,1,1,8,6,14
139,1309,1165,144,0,20,"QLD","Urban","12:00 AM - 6:00 AM",1,0,0,3,108,1,4,9,10,19
426,417,0,417,0,26,"NT","Regional","6:00 PM - 12:00 AM",1,1,0,1,156,1,3,6,6,12
7,3886,2152,1734,0,50,"SA","Urban","12:00 AM - 6:00 AM",1,0,1,3,120,3,3,4,3,7
1844,212,0,212,0,41,"QLD","Remote","6:00 PM - 12:00 AM",1,1,0,2,72,1,2,4,1,5
1240,1198,0,1198,0,39,"TAS","Urban","6:00 AM - 12:00 PM",0,1,1,3,78,2,3,8,10,18
1677,4823,2792,2031,0,59,"WA","Urban","6:00 PM - 12:00 AM",0,0,1,2,66,2,2,7,6,13
1669,3946,1877,2069,0,55,"NSW","Regional","12:00 PM - 6:00 PM",0,0,0,2,132,2,3,8,6,14
1223,289,0,289,0,24,"NSW","Regional","6:00 AM - 12:00 PM",0,1,0,2,30,1,2,1,0,1
1392,501,0,501,0,39,"VIC","Urban","6:00 AM - 12:00 PM",1,1,0,3,60,1,3,1,5,6
140,203,0,203,0,47,"SA","Urban","12:00 AM - 6:00 AM",0,1,0,1,42,1,3,5,0,5
1689,2937,1707,1230,1,46,"NSW","Regional","6:00 PM - 12:00 AM",1,0,0,2,18,1,3,0,1,1
1045,217,0,217,1,38,"VIC","Urban","6:00 AM - 12:00 PM",1,1,0,1,150,1,4,5,4,9
1633,749,0,749,1,35,"VIC","Urban","6:00 PM - 12:00 AM",1,1,0,3,54,2,3,3,3,6
376,2958,1767,1191,0,58,"TAS","Urban","6:00 PM - 12:00 AM",0,1,1,2,72,3,3,6,3,9
1762,4144,2208,1936,0,47,"TAS","Urban","6:00 PM - 12:00 AM",0,0,0,3,60,4,3,5,7,12
1616,150,0,150,0,42,"WA","Regional","6:00 PM - 12:00 AM",1,1,0,3,12,1,4,1,4,5
1715,710,0,710,0,31,"WA","Urban","6:00 PM - 12:00 AM",1,1,0,3,66,1,4,5,4,9
1129,825,0,825,0,39,"QLD","Urban","6:00 AM - 12:00 PM",1,1,0,3,174,1,3,7,6,13
1596,679,0,679,0,22,"ACT","Regional","6:00 AM - 12:00 PM",1,0,1,3,150,2,5,10,10,20
1213,315,0,315,1,22,"NSW","Urban","12:00 PM - 6:00 PM",1,1,0,2,174,2,3,4,8,12
1536,4579,2334,2245,0,41,"NSW","Urban","6:00 AM - 12:00 PM",0,0,0,2,12,3,2,3,2,5
419,169,0,169,1,26,"SA","Remote","6:00 PM - 12:00 AM",1,1,1,3,90,1,2,10,10,20
1765,291,0,291,1,20,"NSW","Urban","6:00 PM - 12:00 AM",1,1,1,3,138,1,3,8,8,16
1826,2902,1699,1203,1,50,"ACT","Urban","6:00 PM - 12:00 AM",1,0,0,3,96,3,3,10,10,20
1143,151,0,151,0,25,"NSW","Urban","6:00 AM - 12:00 PM",0,1,1,2,174,1,3,5,8,13
264,3586,2147,1439,0,52,"NT","Regional","12:00 AM - 6:00 AM",0,0,0,1,48,2,5,10,10,20
535,259,0,259,0,21,"ACT","Regional","12:00 PM - 6:00 PM",0,1,0,3,12,2,3,3,2,5
1463,3110,1698,1412,1,59,"SA","Regional","6:00 AM - 12:00 PM",0,0,0,3,138,3,3,10,6,16
441,3179,1599,1580,0,52,"NSW","Urban","6:00 PM - 12:00 AM",0,0,1,2,54,2,3,4,4,8
1645,1101,0,1101,1,45,"VIC","Urban","6:00 PM - 12:00 AM",1,1,0,1,54,1,1,8,8,16
304,1268,0,1268,1,25,"WA","Urban","6:00 PM - 12:00 AM",0,0,1,3,96,1,3,7,10,17
87,268,0,268,1,28,"VIC","Regional","12:00 AM - 6:00 AM",1,0,1,3,72,1,4,7,7,14
1579,1234,0,1234,1,39,"NSW","Regional","6:00 AM - 12:00 PM",1,1,0,2,48,1,2,3,3,6
112,197,0,197,1,54,"NSW","Urban","12:00 AM - 6:00 AM",0,0,1,3,144,1,2,6,5,11
1235,210,0,210,1,24,"NSW","Remote","6:00 AM - 12:00 PM",1,1,0,2,126,1,4,4,8,12
1079,4649,2790,1859,1,55,"NSW","Regional","12:00 PM - 6:00 PM",1,0,0,3,156,4,4,3,4,7
951,702,0,702,1,37,"NSW","Regional","6:00 AM - 12:00 PM",1,1,0,2,168,2,3,3,2,5
1366,511,0,511,1,22,"NSW","Urban","6:00 AM - 12:00 PM",0,1,1,3,12,2,1,1,1,2
488,1223,0,1223,1,40,"NSW","Urban","6:00 PM - 12:00 AM",1,1,0,2,138,2,3,10,10,20
134,3978,2217,1761,1,48,"NT","Remote","12:00 AM - 6:00 AM",1,0,1,3,66,4,2,4,4,8
1059,1609,0,1609,0,60,"QLD","Urban","6:00 AM - 12:00 PM",1,1,1,3,132,1,2,6,1,7
1153,337,0,337,1,21,"WA","Urban","6:00 AM - 12:00 PM",1,1,0,3,96,2,2,9,9,18
1149,2679,1656,1023,0,40,"WA","Regional","6:00 AM - 12:00 PM",1,1,0,3,90,3,3,7,7,14
1497,3208,1921,1287,1,48,"NSW","Urban","6:00 AM - 12:00 PM",0,0,1,3,150,2,3,10,9,19
467,4606,2444,2162,1,46,"QLD","Regional","6:00 PM - 12:00 AM",1,0,1,1,30,2,4,3,3,6
1800,416,0,416,0,29,"VIC","Regional","6:00 PM - 12:00 AM",1,1,1,2,42,1,4,3,3,6
1630,3830,1978,1852,1,55,"NT","Urban","6:00 PM - 12:00 AM",0,0,0,3,156,3,3,5,5,10
23,3153,1905,1248,1,59,"NSW","Urban","12:00 AM - 6:00 AM",0,0,1,1,174,3,3,3,3,6
1034,489,0,489,0,37,"VIC","Urban","6:00 AM - 12:00 PM",1,1,0,2,30,2,2,7,5,12
566,997,0,997,1,45,"VIC","Urban","6:00 PM - 12:00 AM",0,1,0,3,174,2,3,3,2,5
305,3536,1852,1684,0,59,"WA","Urban","6:00 PM - 12:00 AM",0,0,0,3,48,3,1,5,3,8
1181,3757,1973,1784,1,46,"QLD","Regional","6:00 AM - 12:00 PM",1,0,0,3,66,1,3,3,5,8
546,1548,0,1548,1,50,"ACT","Regional","12:00 PM - 6:00 PM",0,0,0,3,174,4,2,2,1,3
1723,206,0,206,1,31,"NSW","Urban","6:00 PM - 12:00 AM",1,1,1,3,150,1,3,4,6,10
18,919,0,919,1,33,"WA","Urban","12:00 AM - 6:00 AM",1,1,0,1,180,1,2,0,0,0
560,3066,1659,1407,0,49,"SA","Urban","6:00 PM - 12:00 AM",1,0,0,2,138,3,5,8,4,12
1579,1234,0,1234,1,39,"NSW","Regional","6:00 AM - 12:00 PM",1,1,0,2,48,1,2,3,3,6
225,237,0,237,1,21,"NSW","Urban","12:00 PM - 6:00 PM",1,1,1,3,144,1,3,4,4,8
1840,436,0,436,0,28,"QLD","Regional","6:00 PM - 12:00 AM",1,1,1,2,96,1,2,6,6,12
1023,246,0,246,1,55,"VIC","Urban","6:00 AM - 12:00 PM",1,1,1,2,36,1,5,2,2,4
1774,1612,1366,246,0,45,"NSW","Urban","6:00 PM - 12:00 AM",1,1,0,1,84,2,2,9,10,19
1535,4305,2300,2005,0,58,"QLD","Remote","12:00 PM - 6:00 PM",0,0,0,3,90,2,3,5,8,13
1431,2492,1519,973,1,35,"VIC","Urban","6:00 AM - 12:00 PM",1,0,0,3,168,2,3,2,5,7
372,380,0,380,1,26,"NSW","Remote","6:00 PM - 12:00 AM",1,1,1,3,42,1,3,8,8,16
1923,4233,2236,1997,1,47,"NSW","Urban","6:00 PM - 12:00 AM",0,0,1,3,12,4,4,4,2,6
1458,4443,2230,2213,0,51,"SA","Urban","12:00 PM - 6:00 PM",1,0,0,1,60,4,3,10,5,15
64,130,0,130,1,22,"VIC","Urban","12:00 AM - 6:00 AM",0,1,0,3,174,1,2,2,1,3
431,1020,0,1020,1,40,"NT","Urban","6:00 PM - 12:00 AM",1,1,0,3,72,1,3,7,7,14
1476,1241,0,1241,0,33,"NSW","Regional","6:00 AM - 12:00 PM",1,0,1,3,150,1,2,9,8,17
50,194,0,194,0,38,"VIC","Regional","12:00 AM - 6:00 AM",0,1,0,2,48,1,4,4,5,9
449,1729,1410,319,1,40,"NT","Urban","6:00 PM - 12:00 AM",1,1,0,3,72,1,5,6,5,11
108,1020,0,1020,1,33,"NSW","Regional","12:00 AM - 6:00 AM",1,0,0,2,84,1,3,5,7,12
626,3837,2069,1768,1,52,"NSW","Regional","6:00 PM - 12:00 AM",1,0,0,3,72,1,2,6,3,9
1554,3561,1676,1885,1,44,"VIC","Urban","6:00 AM - 12:00 PM",0,0,1,2,120,3,4,8,8,16
1863,659,0,659,1,34,"NSW","Urban","6:00 PM - 12:00 AM",0,1,1,1,120,2,3,8,8,16
1113,2419,1238,1181,0,54,"WA","Regional","12:00 PM - 6:00 PM",1,1,0,3,72,1,2,9,8,17
326,990,0,990,0,44,"QLD","Remote","6:00 PM - 12:00 AM",1,1,0,3,12,1,3,3,2,5
1518,292,0,292,1,46,"WA","Urban","6:00 AM - 12:00 PM",1,0,0,2,96,1,2,6,6,12
1472,2497,1510,987,1,40,"NSW","Urban","6:00 AM - 12:00 PM",1,1,1,3,90,4,5,8,8,16
936,1738,1364,374,1,41,"WA","Urban","6:00 AM - 12:00 PM",1,1,0,3,168,1,2,7,7,14
1312,1830,1368,462,1,43,"NSW","Regional","6:00 AM - 12:00 PM",1,1,1,1,174,1,4,5,4,9
239,1485,1348,137,1,26,"WA","Urban","12:00 AM - 6:00 AM",1,0,0,2,144,2,3,5,5,10
583,214,0,214,1,34,"NSW","Urban","6:00 PM - 12:00 AM",0,1,0,2,132,1,3,4,3,7
1912,375,0,375,0,24,"NSW","Urban","6:00 PM - 12:00 AM",1,0,0,2,30,1,4,2,3,5
1091,989,0,989,0,39,"NSW","Remote","6:00 AM - 12:00 PM",1,1,1,3,138,1,3,9,8,17
1509,3499,1971,1528,0,52,"VIC","Urban","6:00 AM - 12:00 PM",0,0,0,3,72,2,4,6,5,11
639,4369,2247,2122,1,55,"NSW","Urban","6:00 PM - 12:00 AM",1,0,1,3,24,2,5,8,8,16
1557,415,0,415,1,31,"VIC","Urban","12:00 PM - 6:00 PM",1,1,0,3,78,1,2,9,7,16
1989,447,0,447,1,20,"ACT","Urban","6:00 PM - 12:00 AM",1,1,1,3,126,2,5,6,4,10
146,1656,1491,165,1,28,"QLD","Urban","12:00 AM - 6:00 AM",1,1,0,3,90,2,3,10,6,16
207,1046,0,1046,1,39,"WA","Urban","12:00 AM - 6:00 AM",1,1,1,3,78,1,5,7,6,13
1682,1682,1306,376,0,39,"WA","Urban","6:00 PM - 12:00 AM",1,1,1,3,162,1,3,8,3,11
1198,993,0,993,0,43,"NSW","Urban","6:00 AM - 12:00 PM",1,1,1,3,36,1,3,5,3,8
1761,4545,2567,1978,0,57,"NSW","Urban","6:00 PM - 12:00 AM",0,0,0,3,54,4,1,9,9,18
399,1048,0,1048,1,43,"ACT","Regional","6:00 PM - 12:00 AM",1,1,1,1,18,2,2,0,0,0
1620,2437,2143,294,1,51,"TAS","Remote","6:00 PM - 12:00 AM",0,0,1,3,84,1,3,10,10,20
1796,4034,2045,1989,1,60,"VIC","Remote","6:00 PM - 12:00 AM",0,0,0,2,36,3,3,5,1,6
1793,1654,1447,207,1,33,"NSW","Remote","6:00 PM - 12:00 AM",0,1,1,3,54,2,3,10,10,20
1513,413,0,413,1,26,"QLD","Urban","12:00 PM - 6:00 PM",1,1,1,2,84,2,3,4,3,7
1635,3835,1965,1870,0,49,"NSW","Regional","12:00 PM - 6:00 PM",0,0,1,2,162,1,3,4,1,5
807,421,0,421,0,24,"NSW","Regional","6:00 PM - 12:00 AM",1,1,1,2,156,2,1,10,6,16
1356,212,0,212,0,28,"NSW","Urban","6:00 AM - 12:00 PM",0,1,0,3,168,1,3,2,1,3
1758,483,0,483,1,30,"VIC","Urban","6:00 PM - 12:00 AM",0,1,0,3,30,2,4,3,0,3
2,1469,0,1469,1,39,"VIC","Urban","12:00 PM - 6:00 PM",1,1,1,3,24,1,3,6,2,8
439,4782,2342,2440,1,57,"NSW","Urban","6:00 PM - 12:00 AM",1,0,1,2,126,4,2,8,3,11
1461,1230,1046,184,1,23,"NSW","Regional","6:00 AM - 12:00 PM",0,0,0,3,150,1,2,10,10,20
399,1048,0,1048,1,43,"ACT","Regional","6:00 PM - 12:00 AM",1,1,1,1,18,2,2,0,0,0
1094,4059,2256,1803,0,49,"NSW","Urban","6:00 AM - 12:00 PM",0,0,1,2,114,1,2,10,10,20
370,158,0,158,0,27,"VIC","Urban","6:00 PM - 12:00 AM",1,1,1,3,90,1,4,4,7,11
1488,217,0,217,0,21,"ACT","Regional","6:00 AM - 12:00 PM",1,1,1,3,108,1,2,10,8,18
566,997,0,997,1,45,"VIC","Urban","6:00 PM - 12:00 AM",0,1,0,3,174,2,3,3,2,5
405,224,0,224,1,36,"NSW","Remote","6:00 PM - 12:00 AM",1,1,0,3,162,1,2,4,7,11
1949,3045,1540,1505,0,45,"VIC","Urban","6:00 PM - 12:00 AM",0,1,0,1,42,4,4,7,5,12
1238,1129,0,1129,0,43,"NSW","Regional","6:00 AM - 12:00 PM",1,1,0,1,36,2,2,8,5,13
1763,2071,1556,515,1,44,"NSW","Remote","6:00 PM - 12:00 AM",1,1,0,3,168,1,3,10,5,15
1665,329,0,329,0,23,"ACT","Urban","6:00 PM - 12:00 AM",1,1,0,3,126,2,4,6,8,14
1187,3998,2232,1766,0,53,"TAS","Urban","6:00 AM - 12:00 PM",0,0,0,3,102,4,4,10,10,20
530,725,0,725,1,33,"NSW","Regional","6:00 PM - 12:00 AM",1,1,0,2,48,2,3,6,5,11
1180,326,0,326,0,21,"SA","Regional","12:00 PM - 6:00 PM",0,1,1,2,120,2,3,10,10,20
665,934,0,934,0,24,"NSW","Urban","6:00 PM - 12:00 AM",0,0,1,2,138,2,2,7,9,16
1533,1606,1305,301,0,26,"NSW","Remote","6:00 AM - 12:00 PM",1,1,0,3,48,2,3,5,4,9
624,4465,2054,2411,1,55,"NSW","Regional","12:00 PM - 6:00 PM",0,0,0,3,54,3,4,5,5,10
570,4367,2174,2193,1,48,"VIC","Urban","6:00 PM - 12:00 AM",0,0,0,3,30,2,3,6,7,13
1314,4263,2502,1761,1,57,"VIC","Urban","6:00 AM - 12:00 PM",1,0,0,3,144,1,3,8,3,11
107,221,0,221,0,55,"ACT","Urban","12:00 AM - 6:00 AM",0,1,0,3,78,1,2,5,4,9
955,306,0,306,1,22,"NSW","Regional","6:00 AM - 12:00 PM",1,1,1,3,66,1,2,5,9,14
904,511,0,511,1,23,"WA","Regional","6:00 AM - 12:00 PM",1,1,0,2,96,2,3,8,7,15
1173,519,0,519,1,28,"TAS","Urban","6:00 AM - 12:00 PM",1,1,1,3,162,2,2,0,2,2
1774,1612,1366,246,0,45,"NSW","Urban","6:00 PM - 12:00 AM",1,1,0,1,84,2,2,9,10,19
376,2958,1767,1191,0,58,"TAS","Urban","6:00 PM - 12:00 AM",0,1,1,2,72,3,3,6,3,9
1748,1540,1337,203,0,27,"NT","Urban","6:00 PM - 12:00 AM",0,1,1,1,84,1,2,5,6,11
1682,1682,1306,376,0,39,"WA","Urban","6:00 PM - 12:00 AM",1,1,1,3,162,1,3,8,3,11
121,1345,0,1345,0,39,"VIC","Urban","12:00 AM - 6:00 AM",0,0,0,2,72,1,3,9,9,18
900,1425,0,1425,1,50,"WA","Urban","6:00 AM - 12:00 PM",0,0,1,3,156,1,2,9,4,13
738,3174,1675,1499,1,60,"SA","Urban","6:00 PM - 12:00 AM",1,0,0,2,84,4,3,10,7,17
1544,4137,2304,1833,0,55,"ACT","Urban","6:00 AM - 12:00 PM",0,0,1,2,180,2,3,6,7,13
545,1167,0,1167,1,36,"SA","Urban","6:00 PM - 12:00 AM",1,1,0,1,24,2,3,0,0,0
1715,710,0,710,0,31,"WA","Urban","6:00 PM - 12:00 AM",1,1,0,3,66,1,4,5,4,9
1121,199,0,199,1,24,"NT","Regional","6:00 AM - 12:00 PM",1,1,0,3,144,1,3,4,4,8
123,885,0,885,1,29,"NSW","Urban","12:00 AM - 6:00 AM",1,1,1,3,126,2,4,4,8,12
515,262,0,262,0,22,"NSW","Urban","6:00 PM - 12:00 AM",0,1,0,3,18,1,4,6,6,12
862,230,0,230,1,34,"SA","Remote","6:00 PM - 12:00 AM",1,0,1,3,114,1,3,9,10,19
773,2068,1748,320,1,35,"NT","Urban","6:00 PM - 12:00 AM",1,1,1,3,150,1,3,10,6,16
683,4119,2222,1897,0,56,"QLD","Regional","6:00 PM - 12:00 AM",0,0,1,1,156,4,1,8,7,15
1732,3481,1736,1745,1,59,"SA","Urban","6:00 PM - 12:00 AM",1,0,0,3,72,4,3,7,9,16
1204,3600,1742,1858,0,47,"NSW","Urban","6:00 AM - 12:00 PM",0,0,1,2,138,1,5,10,10,20
1873,2667,1718,949,1,33,"WA","Urban","6:00 PM - 12:00 AM",0,0,0,1,132,1,4,10,8,18
1995,2916,1731,1185,1,59,"NSW","Remote","6:00 PM - 12:00 AM",0,0,0,1,96,1,3,10,10,20
659,3274,1692,1582,1,47,"VIC","Remote","6:00 PM - 12:00 AM",0,1,0,3,174,4,3,5,4,9
906,2261,2133,128,1,53,"TAS","Urban","6:00 AM - 12:00 PM",0,0,0,3,24,2,2,8,3,11
129,336,0,336,0,20,"WA","Urban","12:00 AM - 6:00 AM",1,0,1,2,114,1,1,4,3,7
812,4229,2287,1942,0,49,"NSW","Regional","6:00 PM - 12:00 AM",0,0,0,1,168,4,4,9,9,18
1816,3985,2285,1700,1,53,"NT","Urban","6:00 PM - 12:00 AM",0,0,0,1,180,2,4,5,9,14
119,660,0,660,1,24,"TAS","Urban","12:00 AM - 6:00 AM",0,0,1,2,60,1,1,3,5,8
1077,465,0,465,1,29,"NSW","Urban","6:00 AM - 12:00 PM",1,1,0,2,60,2,3,6,5,11
1246,323,0,323,0,20,"WA","Urban","6:00 AM - 12:00 PM",0,1,1,1,12,1,1,2,0,2
235,1709,1490,219,0,34,"NT","Urban","12:00 AM - 6:00 AM",1,0,0,3,24,2,2,5,5,10
364,1471,1306,165,1,20,"NT","Regional","6:00 PM - 12:00 AM",1,1,1,2,162,2,4,6,10,16
1622,1441,0,1441,0,48,"VIC","Urban","6:00 PM - 12:00 AM",0,0,0,3,66,1,3,10,10,20
318,3657,2101,1556,1,47,"SA","Regional","6:00 PM - 12:00 AM",0,0,0,3,132,3,3,10,9,19
424,612,0,612,0,38,"SA","Urban","12:00 PM - 6:00 PM",1,1,1,3,162,1,4,3,3,6
695,4178,1990,2188,0,55,"NSW","Regional","6:00 PM - 12:00 AM",1,0,0,2,96,2,3,8,10,18
1474,446,0,446,1,24,"NSW","Urban","6:00 AM - 12:00 PM",1,0,0,2,120,1,3,7,8,15
1750,4200,2103,2097,0,59,"NSW","Remote","6:00 PM - 12:00 AM",1,0,0,3,168,1,4,5,6,11
703,1157,0,1157,1,30,"SA","Urban","6:00 PM - 12:00 AM",1,1,1,2,126,2,1,4,4,8
942,2076,1525,551,0,49,"VIC","Regional","6:00 AM - 12:00 PM",1,1,0,3,90,1,3,6,6,12
1068,3857,1989,1868,1,53,"VIC","Remote","12:00 PM - 6:00 PM",0,0,1,1,42,4,4,3,5,8
600,413,0,413,0,24,"NSW","Remote","6:00 PM - 12:00 AM",0,1,0,3,96,1,2,6,6,12
62,619,0,619,0,38,"VIC","Urban","12:00 AM - 6:00 AM",1,1,1,3,114,1,3,7,5,12
6,500,0,500,0,33,"SA","Urban","12:00 AM - 6:00 AM",1,1,0,3,150,1,3,2,5,7
688,3384,1934,1450,1,55,"SA","Regional","6:00 PM - 12:00 AM",0,0,0,1,120,2,2,8,4,12
1111,3945,1992,1953,0,57,"WA","Urban","6:00 AM - 12:00 PM",0,0,1,2,66,1,4,10,10,20
796,4279,2349,1930,0,47,"WA","Urban","6:00 PM - 12:00 AM",0,0,0,2,66,3,3,10,10,20
815,1076,0,1076,0,33,"ACT","Regional","6:00 PM - 12:00 AM",1,0,0,3,72,1,3,5,5,10
445,3920,1950,1970,1,46,"SA","Regional","6:00 PM - 12:00 AM",1,0,0,2,162,2,3,2,6,8
233,2915,1953,962,1,55,"VIC","Urban","12:00 AM - 6:00 AM",0,0,0,3,24,3,2,5,8,13
245,238,0,238,0,35,"VIC","Urban","12:00 AM - 6:00 AM",1,0,1,1,78,1,4,6,8,14
1945,4365,2491,1874,0,51,"NSW","Regional","6:00 PM - 12:00 AM",0,0,1,2,138,4,3,9,10,19
120,694,0,694,1,22,"VIC","Regional","12:00 AM - 6:00 AM",0,0,0,3,18,1,2,0,2,2
1675,854,0,854,1,39,"NSW","Urban","6:00 PM - 12:00 AM",1,1,1,1,168,2,3,2,5,7
70,425,0,425,1,23,"VIC","Urban","12:00 AM - 6:00 AM",0,1,1,2,132,1,3,5,9,14
1016,1400,1079,321,1,39,"ACT","Urban","6:00 AM - 12:00 PM",1,1,0,3,90,2,2,10,8,18
1554,3561,1676,1885,1,44,"VIC","Urban","6:00 AM - 12:00 PM",0,0,1,2,120,3,4,8,8,16
1178,510,0,510,0,34,"VIC","Urban","6:00 AM - 12:00 PM",0,1,1,3,90,1,3,4,7,11
1054,319,0,319,1,21,"VIC","Regional","6:00 AM - 12:00 PM",1,1,1,1,66,1,2,7,4,11
1349,224,0,224,1,25,"NSW","Urban","6:00 AM - 12:00 PM",0,1,0,2,90,2,4,8,7,15
1274,1523,1396,127,0,28,"VIC","Urban","6:00 AM - 12:00 PM",1,1,0,3,72,2,2,5,5,10
1716,1328,0,1328,1,41,"NSW","Urban","6:00 PM - 12:00 AM",0,1,0,3,90,1,2,10,10,20
503,3556,1846,1710,0,55,"VIC","Urban","6:00 PM - 12:00 AM",0,0,0,3,18,4,3,0,0,0
559,216,0,216,1,20,"NSW","Urban","6:00 PM - 12:00 AM",0,1,0,3,162,1,2,8,8,16
21,581,0,581,1,31,"TAS","Regional","12:00 AM - 6:00 AM",1,1,1,3,132,2,3,3,2,5
287,217,0,217,1,29,"NSW","Regional","12:00 AM - 6:00 AM",1,0,1,1,102,1,3,10,5,15
655,175,0,175,1,56,"ACT","Urban","6:00 PM - 12:00 AM",0,1,1,2,42,1,3,2,1,3
1775,245,0,245,1,38,"NSW","Urban","6:00 PM - 12:00 AM",1,1,0,3,114,1,2,8,7,15
628,2307,1656,651,1,43,"VIC","Urban","6:00 PM - 12:00 AM",1,1,1,3,162,2,3,8,5,13
1830,3642,1979,1663,1,48,"NSW","Urban","6:00 PM - 12:00 AM",0,0,1,3,102,2,3,7,6,13
312,1465,1114,351,1,37,"VIC","Regional","6:00 PM - 12:00 AM",1,1,0,3,36,2,3,5,1,6
857,3759,2216,1543,1,53,"QLD","Urban","12:00 PM - 6:00 PM",1,0,1,2,132,3,3,10,9,19
1743,1414,0,1414,1,41,"ACT","Urban","6:00 PM - 12:00 AM",1,1,0,3,156,4,2,2,2,4
150,3948,1961,1987,1,47,"ACT","Urban","12:00 AM - 6:00 AM",0,1,1,2,138,4,3,8,7,15
411,796,0,796,1,26,"NSW","Regional","6:00 PM - 12:00 AM",1,1,1,1,150,1,4,6,5,11
1623,1954,1543,411,0,52,"VIC","Regional","6:00 PM - 12:00 AM",0,0,1,1,114,2,3,9,10,19
273,3301,1992,1309,1,40,"NT","Urban","12:00 AM - 6:00 AM",0,0,1,3,72,2,4,5,5,10
662,3218,1741,1477,0,52,"NSW","Urban","6:00 PM - 12:00 AM",1,1,0,3,120,3,3,5,4,9
329,195,0,195,0,20,"VIC","Urban","6:00 PM - 12:00 AM",1,1,1,2,174,1,3,0,1,1
334,3589,2011,1578,0,49,"WA","Regional","6:00 PM - 12:00 AM",0,0,1,3,102,3,3,9,8,17
161,926,0,926,0,38,"NSW","Urban","12:00 AM - 6:00 AM",1,1,1,3,18,1,3,4,4,8
1927,1601,1382,219,1,28,"NSW","Urban","6:00 PM - 12:00 AM",0,1,0,1,54,2,4,8,8,16
363,174,0,174,1,33,"VIC","Regional","6:00 PM - 12:00 AM",1,1,0,2,168,1,3,2,1,3
1061,2441,1595,846,1,56,"TAS","Urban","6:00 AM - 12:00 PM",0,1,1,3,174,2,2,3,6,9
240,3127,1987,1140,0,42,"NSW","Urban","12:00 AM - 6:00 AM",0,0,0,3,90,4,3,8,7,15
582,1819,1598,221,0,40,"WA","Urban","6:00 PM - 12:00 AM",1,1,0,1,36,1,2,0,2,2
131,1010,0,1010,0,31,"WA","Regional","12:00 AM - 6:00 AM",1,0,0,3,132,1,4,8,5,13
471,3013,1747,1266,0,56,"NSW","Urban","6:00 PM - 12:00 AM",1,0,0,2,156,2,3,1,5,6
528,593,0,593,1,34,"NT","Urban","6:00 PM - 12:00 AM",0,1,1,3,42,1,2,10,5,15
1301,3579,1751,1828,1,58,"NSW","Urban","6:00 AM - 12:00 PM",0,0,0,3,138,2,3,6,3,9
252,3073,1705,1368,1,48,"NT","Regional","12:00 AM - 6:00 AM",0,0,0,3,42,2,3,8,8,16
1175,3715,1779,1936,0,55,"VIC","Urban","6:00 AM - 12:00 PM",1,0,1,3,30,1,4,5,4,9
424,612,0,612,0,38,"SA","Urban","12:00 PM - 6:00 PM",1,1,1,3,162,1,4,3,3,6
1153,337,0,337,1,21,"WA","Urban","6:00 AM - 12:00 PM",1,1,0,3,96,2,2,9,9,18
350,722,0,722,1,25,"VIC","Urban","6:00 PM - 12:00 AM",1,1,1,1,120,1,3,10,9,19
934,903,0,903,0,24,"SA","Urban","6:00 AM - 12:00 PM",1,1,0,1,24,1,2,4,3,7
1636,2339,1910,429,0,51,"VIC","Urban","6:00 PM - 12:00 AM",0,0,0,1,66,2,3,6,7,13
1912,375,0,375,0,24,"NSW","Urban","6:00 PM - 12:00 AM",1,0,0,2,30,1,4,2,3,5
1668,2197,1228,969,0,50,"VIC","Regional","12:00 PM - 6:00 PM",0,0,1,2,120,2,3,10,8,18
512,184,0,184,1,58,"ACT","Urban","6:00 PM - 12:00 AM",0,1,0,1,168,1,4,2,2,4
1742,4407,2410,1997,0,46,"VIC","Urban","6:00 PM - 12:00 AM",0,0,0,3,174,4,4,5,4,9
1676,1456,1286,170,1,37,"NSW","Remote","6:00 PM - 12:00 AM",1,1,1,3,144,2,4,8,9,17
770,3906,2260,1646,0,57,"WA","Remote","6:00 PM - 12:00 AM",0,0,0,3,114,1,4,9,8,17
1483,358,0,358,1,22,"NSW","Urban","6:00 AM - 12:00 PM",1,0,0,3,66,2,4,4,4,8
1449,4140,2395,1745,0,52,"QLD","Urban","6:00 AM - 12:00 PM",0,0,0,3,120,3,2,7,7,14
1729,493,0,493,1,39,"NSW","Urban","6:00 PM - 12:00 AM",1,1,0,3,48,2,3,5,4,9
1327,894,0,894,1,36,"NSW","Regional","6:00 AM - 12:00 PM",1,1,0,3,96,1,4,10,6,16
1801,3276,1859,1417,0,55,"NSW","Urban","6:00 PM - 12:00 AM",1,0,0,3,156,3,3,6,10,16
613,4653,2192,2461,1,54,"NSW","Urban","12:00 PM - 6:00 PM",0,0,1,3,78,2,4,7,6,13
1149,2679,1656,1023,0,40,"WA","Regional","6:00 AM - 12:00 PM",1,1,0,3,90,3,3,7,7,14
73,1324,1144,180,1,23,"NSW","Regional","12:00 AM - 6:00 AM",1,1,1,3,102,2,5,9,10,19
138,4079,2215,1864,1,43,"NSW","Urban","12:00 AM - 6:00 AM",1,0,1,2,108,1,5,7,9,16
1512,200,0,200,0,24,"VIC","Urban","6:00 AM - 12:00 PM",1,1,0,1,18,1,3,0,0,0
530,725,0,725,1,33,"NSW","Regional","6:00 PM - 12:00 AM",1,1,0,2,48,2,3,6,5,11
1427,2901,1617,1284,1,55,"NSW","Regional","6:00 AM - 12:00 PM",0,1,1,3,162,4,2,5,4,9
6,500,0,500,0,33,"SA","Urban","12:00 AM - 6:00 AM",1,1,0,3,150,1,3,2,5,7
61,3325,1928,1397,1,57,"VIC","Urban","12:00 AM - 6:00 AM",1,0,1,3,24,1,3,0,0,0
23,3153,1905,1248,1,59,"NSW","Urban","12:00 AM - 6:00 AM",0,0,1,1,174,3,3,3,3,6
1400,188,0,188,0,42,"NSW","Urban","6:00 AM - 12:00 PM",1,0,0,2,108,1,5,8,5,13
1244,770,0,770,1,38,"ACT","Urban","6:00 AM - 12:00 PM",1,1,1,1,150,2,3,9,9,18
1107,3031,1782,1249,1,58,"NSW","Urban","6:00 AM - 12:00 PM",0,0,0,3,30,3,3,6,1,7
1235,210,0,210,1,24,"NSW","Remote","6:00 AM - 12:00 PM",1,1,0,2,126,1,4,4,8,12
1772,2829,1777,1052,1,47,"VIC","Remote","6:00 PM - 12:00 AM",0,0,0,1,108,3,3,8,8,16
1739,365,0,365,1,29,"WA","Regional","6:00 PM - 12:00 AM",0,1,0,3,168,2,3,6,6,12
714,1392,0,1392,0,36,"QLD","Regional","6:00 PM - 12:00 AM",0,0,1,3,24,1,3,1,1,2
674,243,0,243,1,58,"NSW","Urban","6:00 PM - 12:00 AM",1,0,0,3,54,1,3,5,7,12
1743,1414,0,1414,1,41,"ACT","Urban","6:00 PM - 12:00 AM",1,1,0,3,156,4,2,2,2,4
688,3384,1934,1450,1,55,"SA","Regional","6:00 PM - 12:00 AM",0,0,0,1,120,2,2,8,4,12
678,227,0,227,0,51,"NSW","Urban","6:00 PM - 12:00 AM",0,1,1,3,84,1,4,10,10,20
125,462,0,462,0,39,"NSW","Remote","12:00 PM - 6:00 PM",1,1,1,2,90,1,3,6,3,9
1949,3045,1540,1505,0,45,"VIC","Urban","6:00 PM - 12:00 AM",0,1,0,1,42,4,4,7,5,12
739,413,0,413,1,23,"NSW","Urban","6:00 PM - 12:00 AM",1,0,0,2,126,2,3,8,3,11
1750,4200,2103,2097,0,59,"NSW","Remote","6:00 PM - 12:00 AM",1,0,0,3,168,1,4,5,6,11
1509,3499,1971,1528,0,52,"VIC","Urban","6:00 AM - 12:00 PM",0,0,0,3,72,2,4,6,5,11
7,3886,2152,1734,0,50,"SA","Urban","12:00 AM - 6:00 AM",1,0,1,3,120,3,3,4,3,7
1610,2131,1667,464,0,33,"NSW","Urban","6:00 AM - 12:00 PM",1,0,1,1,156,2,2,5,5,10
1164,4427,2694,1733,1,48,"NSW","Regional","6:00 AM - 12:00 PM",0,0,1,2,180,4,4,9,7,16
1695,340,0,340,0,20,"WA","Regional","6:00 PM - 12:00 AM",1,1,1,2,108,1,4,10,9,19
1779,343,0,343,0,34,"VIC","Urban","12:00 PM - 6:00 PM",1,1,1,3,174,2,4,6,6,12
283,1468,0,1468,0,35,"QLD","Regional","12:00 AM - 6:00 AM",0,1,0,3,120,1,3,9,9,18
1163,924,0,924,1,31,"NSW","Regional","6:00 AM - 12:00 PM",0,1,1,3,12,2,4,6,6,12
384,4208,2092,2116,1,55,"NSW","Urban","6:00 PM - 12:00 AM",0,0,0,2,132,2,2,6,5,11
405,224,0,224,1,36,"NSW","Remote","6:00 PM - 12:00 AM",1,1,0,3,162,1,2,4,7,11
1068,3857,1989,1868,1,53,"VIC","Remote","12:00 PM - 6:00 PM",0,0,1,1,42,4,4,3,5,8
1214,264,0,264,0,24,"VIC","Urban","6:00 AM - 12:00 PM",0,1,1,2,66,1,3,6,5,11
1373,223,0,223,0,28,"NSW","Urban","6:00 AM - 12:00 PM",1,1,0,3,138,1,2,3,2,5
1290,603,0,603,0,30,"VIC","Urban","6:00 AM - 12:00 PM",0,1,1,3,168,2,4,6,7,13
1316,3594,1905,1689,1,50,"TAS","Urban","6:00 AM - 12:00 PM",0,0,1,3,42,3,3,5,9,14
923,903,0,903,1,29,"QLD","Urban","6:00 AM - 12:00 PM",1,1,0,2,174,2,4,5,7,12
330,607,0,607,0,21,"VIC","Regional","6:00 PM - 12:00 AM",1,1,1,2,78,2,4,7,2,9
1788,3757,2137,1620,1,50,"NT","Remote","6:00 PM - 12:00 AM",1,0,1,3,54,4,3,8,10,18
1789,4071,2249,1822,1,49,"VIC","Urban","6:00 PM - 12:00 AM",1,0,1,3,48,4,4,5,4,9
595,3163,1796,1367,1,53,"NSW","Regional","6:00 PM - 12:00 AM",0,0,0,3,132,3,4,10,10,20
426,417,0,417,0,26,"NT","Regional","6:00 PM - 12:00 AM",1,1,0,1,156,1,3,6,6,12
1052,2449,1500,949,1,47,"TAS","Regional","6:00 AM - 12:00 PM",0,1,0,3,96,3,3,6,6,12
1805,234,0,234,0,35,"NSW","Urban","6:00 PM - 12:00 AM",1,1,1,3,24,1,4,4,0,4
1134,142,0,142,1,26,"TAS","Remote","6:00 AM - 12:00 PM",1,1,0,2,180,1,2,3,6,9
1788,3757,2137,1620,1,50,"NT","Remote","6:00 PM - 12:00 AM",1,0,1,3,54,4,3,8,10,18
292,498,0,498,1,24,"NT","Urban","12:00 AM - 6:00 AM",1,0,0,3,36,1,4,4,6,10
1085,1997,1572,425,0,41,"VIC","Urban","6:00 AM - 12:00 PM",1,1,0,3,96,2,2,6,7,13
1593,2936,1721,1215,0,47,"NSW","Urban","6:00 AM - 12:00 PM",0,1,0,3,168,2,3,3,0,3
219,3973,1995,1978,1,55,"VIC","Regional","12:00 AM - 6:00 AM",0,0,0,3,12,1,1,1,0,1
441,3179,1599,1580,0,52,"NSW","Urban","6:00 PM - 12:00 AM",0,0,1,2,54,2,3,4,4,8
848,352,0,352,0,22,"SA","Remote","6:00 PM - 12:00 AM",1,0,1,3,42,2,4,2,2,4
1654,2870,1607,1263,0,51,"NSW","Urban","6:00 PM - 12:00 AM",0,0,0,3,114,4,2,4,8,12
1529,4371,2411,1960,0,44,"NT","Urban","6:00 AM - 12:00 PM",0,0,0,2,102,3,4,10,9,19
86,1353,1106,247,1,22,"NSW","Urban","12:00 AM - 6:00 AM",0,1,0,1,48,2,4,6,2,8
686,2227,1854,373,1,39,"NT","Urban","6:00 PM - 12:00 AM",1,0,0,1,180,3,4,3,3,6
864,4434,2090,2344,0,48,"QLD","Urban","6:00 PM - 12:00 AM",0,1,0,3,162,4,3,4,8,12
1385,384,0,384,0,23,"NSW","Urban","6:00 AM - 12:00 PM",1,1,0,3,12,1,4,1,0,1
1166,2910,1494,1416,1,50,"TAS","Urban","6:00 AM - 12:00 PM",1,0,1,3,42,1,2,9,5,14
5,265,0,265,1,25,"NSW","Remote","12:00 AM - 6:00 AM",0,1,0,3,42,2,3,4,8,12
1278,3421,1946,1475,1,46,"NSW","Urban","6:00 AM - 12:00 PM",0,0,0,3,12,2,3,0,4,4
886,197,0,197,0,37,"VIC","Urban","6:00 AM - 12:00 PM",1,1,0,1,120,1,3,7,2,9
1757,271,0,271,1,23,"SA","Regional","12:00 PM - 6:00 PM",0,1,1,3,132,1,3,10,9,19
1063,1358,0,1358,1,55,"QLD","Regional","6:00 AM - 12:00 PM",0,1,0,3,54,1,3,9,6,15
395,1446,1241,205,0,34,"NSW","Remote","6:00 PM - 12:00 AM",1,1,0,2,72,2,2,1,4,5
1218,375,0,375,1,29,"NSW","Regional","6:00 AM - 12:00 PM",1,1,0,3,156,2,2,10,7,17
889,2475,1425,1050,1,54,"QLD","Urban","6:00 AM - 12:00 PM",0,0,0,2,132,2,2,10,10,20
1191,1266,1114,152,1,21,"SA","Urban","12:00 PM - 6:00 PM",0,1,0,3,12,2,1,2,0,2
384,4208,2092,2116,1,55,"NSW","Urban","6:00 PM - 12:00 AM",0,0,0,2,132,2,2,6,5,11
452,716,0,716,0,44,"VIC","Urban","6:00 PM - 12:00 AM",1,1,1,3,108,1,2,6,8,14
1478,3236,1554,1682,1,54,"VIC","Urban","6:00 AM - 12:00 PM",0,0,0,1,108,1,5,5,6,11
669,1617,1297,320,1,43,"NSW","Urban","12:00 PM - 6:00 PM",1,1,0,2,144,2,3,4,4,8
1669,3946,1877,2069,0,55,"NSW","Regional","12:00 PM - 6:00 PM",0,0,0,2,132,2,3,8,6,14
1053,1411,1258,153,1,45,"VIC","Regional","6:00 AM - 12:00 PM",1,1,1,1,150,1,3,5,1,6
995,350,0,350,1,22,"VIC","Urban","6:00 AM - 12:00 PM",1,1,1,3,30,2,4,6,8,14
106,1872,1637,235,1,30,"NSW","Urban","12:00 AM - 6:00 AM",1,0,0,1,168,1,4,9,8,17
902,1472,1181,291,0,36,"NSW","Urban","12:00 PM - 6:00 PM",1,1,1,3,18,2,2,5,5,10
1472,2497,1510,987,1,40,"NSW","Urban","6:00 AM - 12:00 PM",1,1,1,3,90,4,5,8,8,16
147,165,0,165,0,28,"NSW","Urban","12:00 PM - 6:00 PM",1,1,1,3,12,1,2,0,0,0
943,667,0,667,1,34,"VIC","Urban","6:00 AM - 12:00 PM",1,1,0,3,90,1,3,10,10,20
742,428,0,428,0,22,"QLD","Urban","6:00 PM - 12:00 AM",1,0,0,3,120,2,2,10,10,20
1278,3421,1946,1475,1,46,"NSW","Urban","6:00 AM - 12:00 PM",0,0,0,3,12,2,3,0,4,4
1001,1388,1185,203,1,44,"VIC","Regional","12:00 PM - 6:00 PM",1,1,1,3,150,1,3,9,8,17
1742,4407,2410,1997,0,46,"VIC","Urban","6:00 PM - 12:00 AM",0,0,0,3,174,4,4,5,4,9
1895,3423,2086,1337,1,42,"NSW","Urban","6:00 PM - 12:00 AM",0,1,0,1,42,3,3,4,0,4
111,2447,1669,778,0,38,"TAS","Urban","12:00 AM - 6:00 AM",0,1,0,3,108,1,3,10,9,19
1243,267,0,267,0,24,"NT","Remote","6:00 AM - 12:00 PM",1,1,1,2,156,1,2,0,4,4
419,169,0,169,1,26,"SA","Remote","6:00 PM - 12:00 AM",1,1,1,3,90,1,2,10,10,20
347,2026,1806,220,0,41,"NSW","Urban","12:00 PM - 6:00 PM",1,1,1,2,132,1,4,9,10,19
802,353,0,353,0,24,"TAS","Urban","12:00 PM - 6:00 PM",0,1,0,3,90,2,4,5,4,9
1782,515,0,515,1,37,"NSW","Urban","6:00 PM - 12:00 AM",0,1,0,1,144,2,4,10,10,20
1170,2093,1598,495,0,44,"QLD","Remote","6:00 AM - 12:00 PM",1,1,1,2,120,1,4,9,10,19
1547,184,0,184,0,60,"NSW","Regional","6:00 AM - 12:00 PM",1,0,0,1,48,1,3,6,3,9
523,328,0,328,0,29,"NSW","Urban","6:00 PM - 12:00 AM",1,1,0,3,162,2,2,3,6,9
1374,2763,1765,998,1,56,"NT","Urban","6:00 AM - 12:00 PM",1,1,1,2,30,3,2,2,1,3
1073,310,0,310,0,20,"SA","Remote","6:00 AM - 12:00 PM",1,1,0,3,84,1,5,7,4,11
269,184,0,184,1,21,"NT","Urban","12:00 PM - 6:00 PM",1,1,0,1,72,1,3,3,2,5
1006,263,0,263,1,25,"TAS","Urban","6:00 AM - 12:00 PM",1,1,0,2,96,2,4,10,10,20
133,219,0,219,0,52,"SA","Regional","12:00 AM - 6:00 AM",0,0,1,3,42,1,1,8,8,16
1283,1053,0,1053,0,44,"NSW","Urban","6:00 AM - 12:00 PM",1,1,0,2,54,1,1,7,10,17
1174,906,0,906,0,31,"VIC","Regional","6:00 AM - 12:00 PM",1,1,1,3,150,1,2,9,9,18
687,349,0,349,0,25,"NSW","Regional","6:00 PM - 12:00 AM",1,0,1,1,108,1,5,6,6,12
1296,691,0,691,0,24,"NSW","Urban","6:00 AM - 12:00 PM",0,1,0,2,72,1,1,7,6,13
1836,328,0,328,1,24,"NSW","Urban","6:00 PM - 12:00 AM",1,1,1,3,18,1,4,1,0,1
794,929,0,929,1,36,"QLD","Urban","6:00 PM - 12:00 AM",1,1,1,2,126,2,1,8,10,18
1793,1654,1447,207,1,33,"NSW","Remote","6:00 PM - 12:00 AM",0,1,1,3,54,2,3,10,10,20
1437,3510,1852,1658,0,54,"VIC","Urban","6:00 AM - 12:00 PM",0,0,1,3,72,4,5,10,10,20
1132,4259,2246,2013,0,55,"NSW","Urban","6:00 AM - 12:00 PM",0,0,1,2,174,2,2,1,0,1
309,647,0,647,1,45,"VIC","Urban","6:00 PM - 12:00 AM",1,1,1,3,138,1,4,6,5,11
1899,1457,1269,188,1,27,"NT","Remote","6:00 PM - 12:00 AM",1,0,0,3,90,1,4,10,9,19
1820,1197,0,1197,1,43,"NSW","Urban","6:00 PM - 12:00 AM",0,1,0,3,96,1,3,6,8,14
1959,2826,1450,1376,1,34,"NSW","Urban","6:00 PM - 12:00 AM",1,0,0,1,138,3,4,7,7,14
350,722,0,722,1,25,"VIC","Urban","6:00 PM - 12:00 AM",1,1,1,1,120,1,3,10,9,19
1605,2956,1694,1262,0,42,"NSW","Regional","6:00 AM - 12:00 PM",0,0,0,2,12,1,5,6,6,12
22,242,0,242,0,21,"SA","Urban","12:00 AM - 6:00 AM",1,1,0,3,150,1,2,3,3,6
1613,1613,1280,333,0,35,"TAS","Urban","12:00 PM - 6:00 PM",0,1,0,3,108,2,5,8,8,16
1796,4034,2045,1989,1,60,"VIC","Remote","6:00 PM - 12:00 AM",0,0,0,2,36,3,3,5,1,6
519,3346,1905,1441,0,53,"QLD","Urban","6:00 PM - 12:00 AM",0,0,1,3,132,2,5,9,5,14
883,1530,1174,356,0,44,"SA","Urban","6:00 AM - 12:00 PM",1,1,1,3,60,1,3,6,10,16
679,3598,1872,1726,0,60,"WA","Urban","6:00 PM - 12:00 AM",1,0,0,2,42,2,1,1,1,2
965,234,0,234,1,39,"VIC","Regional","6:00 AM - 12:00 PM",1,1,0,1,174,1,2,2,3,5
1836,328,0,328,1,24,"NSW","Urban","6:00 PM - 12:00 AM",1,1,1,3,18,1,4,1,0,1
480,349,0,349,0,26,"VIC","Regional","12:00 PM - 6:00 PM",1,1,1,3,72,2,2,4,3,7
1440,2973,1626,1347,1,54,"NSW","Urban","6:00 AM - 12:00 PM",0,1,0,3,168,2,2,6,6,12
351,1339,1064,275,0,42,"WA","Urban","6:00 PM - 12:00 AM",1,1,0,1,90,1,2,3,3,6
1908,1495,0,1495,1,36,"QLD","Urban","6:00 PM - 12:00 AM",1,0,0,3,90,1,4,5,5,10
945,2401,2145,256,1,59,"VIC","Urban","6:00 AM - 12:00 PM",0,1,1,1,78,1,3,9,8,17
1624,962,0,962,1,34,"TAS","Urban","12:00 PM - 6:00 PM",0,1,0,2,162,1,2,7,6,13
1172,4462,2053,2409,0,59,"VIC","Regional","6:00 AM - 12:00 PM",0,0,0,3,24,3,4,6,2,8
448,3772,2042,1730,1,58,"NT","Urban","6:00 PM - 12:00 AM",0,0,0,3,24,1,2,2,6,8
983,878,0,878,0,35,"VIC","Urban","6:00 AM - 12:00 PM",1,1,1,3,138,1,2,10,10,20
1427,2901,1617,1284,1,55,"NSW","Regional","6:00 AM - 12:00 PM",0,1,1,3,162,4,2,5,4,9
759,218,0,218,1,21,"ACT","Regional","6:00 PM - 12:00 AM",1,1,1,3,48,1,4,3,3,6
83,363,0,363,1,20,"NSW","Regional","12:00 AM - 6:00 AM",0,1,0,3,102,1,2,6,2,8
549,155,0,155,0,25,"QLD","Remote","6:00 PM - 12:00 AM",0,1,0,3,132,1,2,8,8,16
1493,610,0,610,1,26,"NSW","Urban","6:00 AM - 12:00 PM",1,1,1,1,126,2,2,7,7,14
530,725,0,725,1,33,"NSW","Regional","6:00 PM - 12:00 AM",1,1,0,2,48,2,3,6,5,11
1661,4274,2021,2253,0,55,"NSW","Regional","6:00 PM - 12:00 AM",0,0,0,3,138,1,3,4,4,8
30,1404,1175,229,1,35,"SA","Urban","12:00 AM - 6:00 AM",1,1,0,3,102,2,2,6,10,16
1021,251,0,251,0,23,"TAS","Urban","6:00 AM - 12:00 PM",1,1,1,3,30,1,4,8,8,16
1929,4346,2401,1945,1,44,"NT","Urban","6:00 PM - 12:00 AM",1,0,0,3,132,4,4,8,7,15
1519,1741,1574,167,0,27,"QLD","Regional","6:00 AM - 12:00 PM",1,1,0,3,12,2,2,0,0,0
250,1440,1322,118,1,28,"VIC","Regional","12:00 AM - 6:00 AM",1,0,0,3,78,2,2,6,10,16
1967,3158,1979,1179,1,54,"NSW","Urban","6:00 PM - 12:00 AM",0,0,1,3,120,3,3,5,3,8
194,367,0,367,1,23,"NSW","Regional","12:00 AM - 6:00 AM",1,1,0,3,144,2,3,9,6,15
125,462,0,462,0,39,"NSW","Remote","12:00 PM - 6:00 PM",1,1,1,2,90,1,3,6,3,9
1573,3215,1706,1509,0,45,"VIC","Urban","6:00 AM - 12:00 PM",0,0,0,3,162,2,4,9,5,14
333,1600,0,1600,0,50,"VIC","Urban","6:00 PM - 12:00 AM",1,1,0,3,114,3,2,7,6,13
1756,4141,2183,1958,1,54,"NSW","Urban","6:00 PM - 12:00 AM",1,0,0,3,48,3,3,8,3,11
815,1076,0,1076,0,33,"ACT","Regional","6:00 PM - 12:00 AM",1,0,0,3,72,1,3,5,5,10
303,542,0,542,0,29,"VIC","Urban","6:00 PM - 12:00 AM",1,1,1,3,138,1,3,4,2,6
355,3412,1973,1439,1,60,"VIC","Regional","6:00 PM - 12:00 AM",0,0,1,1,102,4,2,7,4,11
770,3906,2260,1646,0,57,"WA","Remote","6:00 PM - 12:00 AM",0,0,0,3,114,1,4,9,8,17
1817,247,0,247,0,23,"NT","Urban","6:00 PM - 12:00 AM",1,1,0,3,78,1,4,8,10,18
1262,905,0,905,1,37,"NSW","Urban","6:00 AM - 12:00 PM",0,1,0,3,144,1,1,7,7,14
1643,200,0,200,0,53,"ACT","Remote","6:00 PM - 12:00 AM",1,1,0,2,126,1,1,9,8,17
79,342,0,342,0,20,"NSW","Urban","12:00 AM - 6:00 AM",0,1,0,2,84,2,5,8,7,15
157,1001,0,1001,0,24,"WA","Urban","12:00 AM - 6:00 AM",1,1,0,3,138,1,2,6,5,11
104,3671,2193,1478,0,48,"NSW","Urban","12:00 AM - 6:00 AM",0,1,1,3,168,2,2,3,6,9
1992,1988,1804,184,0,38,"SA","Urban","6:00 PM - 12:00 AM",1,1,0,3,156,2,4,5,7,12
824,4159,1829,2330,1,57,"NSW","Urban","12:00 PM - 6:00 PM",1,0,0,1,60,4,4,7,6,13
454,4403,2335,2068,0,49,"NSW","Regional","6:00 PM - 12:00 AM",1,0,1,3,102,1,3,8,8,16
1590,3751,2214,1537,1,51,"VIC","Urban","6:00 AM - 12:00 PM",0,0,0,3,108,2,2,9,10,19
1952,1044,0,1044,1,38,"NSW","Urban","6:00 PM - 12:00 AM",1,0,0,3,90,2,4,8,10,18
1153,337,0,337,1,21,"WA","Urban","6:00 AM - 12:00 PM",1,1,0,3,96,2,2,9,9,18
1623,1954,1543,411,0,52,"VIC","Regional","6:00 PM - 12:00 AM",0,0,1,1,114,2,3,9,10,19
867,2624,1453,1171,1,45,"TAS","Urban","6:00 PM - 12:00 AM",0,0,1,3,138,1,4,4,7,11
1678,3788,2127,1661,1,49,"NSW","Regional","6:00 PM - 12:00 AM",0,0,0,3,96,3,3,8,10,18
1440,2973,1626,1347,1,54,"NSW","Urban","6:00 AM - 12:00 PM",0,1,0,3,168,2,2,6,6,12
1504,3967,2123,1844,1,49,"WA","Remote","6:00 AM - 12:00 PM",0,0,0,2,30,2,4,7,6,13
263,2675,1488,1187,0,49,"VIC","Urban","12:00 AM - 6:00 AM",0,0,0,3,144,1,3,4,2,6
910,2141,1363,778,0,59,"WA","Remote","6:00 AM - 12:00 PM",0,0,0,2,30,1,5,7,7,14
306,1799,1430,369,1,31,"WA","Regional","6:00 PM - 12:00 AM",1,1,0,2,66,1,3,7,6,13
138,4079,2215,1864,1,43,"NSW","Urban","12:00 AM - 6:00 AM",1,0,1,2,108,1,5,7,9,16
1680,948,0,948,1,30,"QLD","Urban","12:00 PM - 6:00 PM",0,1,1,3,174,2,2,4,2,6
484,197,0,197,0,59,"NT","Urban","6:00 PM - 12:00 AM",0,1,0,3,144,1,4,5,8,13
1941,3957,2094,1863,1,47,"NSW","Urban","6:00 PM - 12:00 AM",1,1,0,3,42,2,2,1,0,1
1451,726,0,726,1,24,"QLD","Urban","6:00 AM - 12:00 PM",1,0,0,3,72,1,3,6,10,16
912,2140,1655,485,0,60,"VIC","Urban","6:00 AM - 12:00 PM",0,0,0,3,96,1,3,6,6,12
1325,3393,2030,1363,0,57,"NSW","Urban","6:00 AM - 12:00 PM",1,0,0,3,54,1,4,1,4,5
484,197,0,197,0,59,"NT","Urban","6:00 PM - 12:00 AM",0,1,0,3,144,1,4,5,8,13
1893,2005,1558,447,0,38,"NSW","Regional","6:00 PM - 12:00 AM",0,0,0,1,102,1,3,10,10,20
455,490,0,490,1,26,"ACT","Urban","6:00 PM - 12:00 AM",1,1,0,1,180,2,4,3,3,6
910,2141,1363,778,0,59,"WA","Remote","6:00 AM - 12:00 PM",0,0,0,2,30,1,5,7,7,14
696,1508,1398,110,0,29,"TAS","Urban","6:00 PM - 12:00 AM",0,1,0,3,132,2,5,10,7,17
59,967,0,967,0,45,"WA","Urban","12:00 AM - 6:00 AM",0,1,0,3,72,2,2,7,3,10
1249,158,0,158,0,60,"NSW","Urban","6:00 AM - 12:00 PM",1,1,1,2,156,1,2,4,4,8
1953,3065,1909,1156,0,53,"WA","Urban","6:00 PM - 12:00 AM",0,1,0,2,72,2,3,3,2,5
308,921,0,921,1,40,"TAS","Urban","6:00 PM - 12:00 AM",1,1,1,3,84,2,4,8,8,16
1608,1172,0,1172,1,37,"NSW","Urban","6:00 AM - 12:00 PM",1,0,0,3,168,2,2,7,6,13
1442,4432,2390,2042,0,47,"VIC","Urban","6:00 AM - 12:00 PM",1,0,0,3,48,3,4,0,4,4
785,196,0,196,1,54,"VIC","Regional","6:00 PM - 12:00 AM",1,0,1,3,174,1,2,5,5,10
934,903,0,903,0,24,"SA","Urban","6:00 AM - 12:00 PM",1,1,0,1,24,1,2,4,3,7
1388,2735,1586,1149,1,59,"QLD","Urban","6:00 AM - 12:00 PM",0,1,0,3,180,1,4,0,0,0
161,926,0,926,0,38,"NSW","Urban","12:00 AM - 6:00 AM",1,1,1,3,18,1,3,4,4,8
796,4279,2349,1930,0,47,"WA","Urban","6:00 PM - 12:00 AM",0,0,0,2,66,3,3,10,10,20
895,206,0,206,0,39,"WA","Remote","6:00 AM - 12:00 PM",1,1,0,3,30,1,4,4,6,10
372,380,0,380,1,26,"NSW","Remote","6:00 PM - 12:00 AM",1,1,1,3,42,1,3,8,8,16
1214,264,0,264,0,24,"VIC","Urban","6:00 AM - 12:00 PM",0,1,1,2,66,1,3,6,5,11
1822,312,0,312,1,23,"QLD","Urban","6:00 PM - 12:00 AM",1,1,0,3,96,2,3,10,10,20
104,3671,2193,1478,0,48,"NSW","Urban","12:00 AM - 6:00 AM",0,1,1,3,168,2,2,3,6,9
803,178,0,178,1,40,"VIC","Regional","6:00 PM - 12:00 AM",1,1,0,3,138,1,3,5,5,10
1196,206,0,206,0,60,"NSW","Urban","6:00 AM - 12:00 PM",1,1,1,2,96,1,3,5,5,10
1146,3416,2123,1293,1,51,"NSW","Urban","6:00 AM - 12:00 PM",1,0,1,3,36,3,3,6,5,11
1963,1227,0,1227,1,33,"NSW","Urban","6:00 PM - 12:00 AM",1,1,0,2,84,1,4,7,6,13
291,237,0,237,1,21,"VIC","Urban","12:00 PM - 6:00 PM",1,1,0,1,18,1,2,2,0,2
1014,2208,1824,384,1,53,"VIC","Urban","6:00 AM - 12:00 PM",0,1,0,3,78,1,2,1,4,5
548,285,0,285,1,24,"ACT","Urban","6:00 PM - 12:00 AM",1,1,0,2,30,2,3,0,0,0
597,518,0,518,1,31,"NSW","Urban","6:00 PM - 12:00 AM",0,1,0,3,90,1,2,10,10,20
764,2970,1740,1230,1,45,"NSW","Urban","6:00 PM - 12:00 AM",0,0,1,2,156,4,3,4,3,7
718,1929,1685,244,0,31,"WA","Regional","6:00 PM - 12:00 AM",0,1,1,2,90,1,3,7,7,14
1181,3757,1973,1784,1,46,"QLD","Regional","6:00 AM - 12:00 PM",1,0,0,3,66,1,3,3,5,8
612,301,0,301,1,20,"WA","Urban","6:00 PM - 12:00 AM",0,1,0,1,60,2,3,5,8,13
931,1729,1454,275,1,40,"VIC","Urban","6:00 AM - 12:00 PM",1,1,1,3,90,1,3,10,10,20
1369,3552,1808,1744,0,50,"VIC","Urban","12:00 PM - 6:00 PM",0,0,0,1,84,3,2,8,8,16
1160,4289,2521,1768,0,47,"ACT","Regional","6:00 AM - 12:00 PM",0,0,1,1,174,4,2,8,7,15
810,4277,2357,1920,0,46,"NT","Regional","6:00 PM - 12:00 AM",0,0,0,3,174,2,3,7,6,13
138,4079,2215,1864,1,43,"NSW","Urban","12:00 AM - 6:00 AM",1,0,1,2,108,1,5,7,9,16
545,1167,0,1167,1,36,"SA","Urban","6:00 PM - 12:00 AM",1,1,0,1,24,2,3,0,0,0
1754,143,0,143,1,59,"QLD","Urban","6:00 PM - 12:00 AM",0,1,0,2,66,1,3,8,10,18
1286,816,0,816,0,38,"NT","Urban","6:00 AM - 12:00 PM",0,1,0,3,120,1,3,4,4,8
1034,489,0,489,0,37,"VIC","Urban","6:00 AM - 12:00 PM",1,1,0,2,30,2,2,7,5,12
1005,224,0,224,1,35,"VIC","Urban","6:00 AM - 12:00 PM",1,1,0,1,168,1,4,9,4,13
1739,365,0,365,1,29,"WA","Regional","6:00 PM - 12:00 AM",0,1,0,3,168,2,3,6,6,12
204,1077,0,1077,1,37,"NSW","Remote","12:00 AM - 6:00 AM",1,1,0,3,132,2,5,10,10,20
1272,1308,0,1308,1,42,"QLD","Urban","6:00 AM - 12:00 PM",1,1,0,3,84,2,3,9,9,18
229,1751,1450,301,1,31,"NSW","Remote","12:00 AM - 6:00 AM",1,0,0,2,132,2,4,9,8,17
1631,379,0,379,0,28,"VIC","Urban","6:00 PM - 12:00 AM",1,1,0,2,54,1,2,3,2,5
1770,942,0,942,1,33,"NSW","Urban","6:00 PM - 12:00 AM",0,1,0,3,168,1,3,3,0,3
1990,346,0,346,0,21,"WA","Urban","12:00 PM - 6:00 PM",0,1,1,3,84,1,4,8,10,18
592,4117,1884,2233,0,57,"VIC","Urban","6:00 PM - 12:00 AM",0,0,0,3,156,2,2,2,6,8
1403,490,0,490,0,23,"NT","Urban","6:00 AM - 12:00 PM",1,0,1,3,30,1,5,2,2,4
1577,3470,2007,1463,1,57,"NSW","Urban","6:00 AM - 12:00 PM",0,0,1,1,84,4,3,10,9,19
1477,193,0,193,0,39,"NSW","Urban","6:00 AM - 12:00 PM",1,0,0,1,72,1,3,7,2,9
532,268,0,268,1,53,"VIC","Regional","6:00 PM - 12:00 AM",0,1,0,3,174,1,3,0,0,0
210,4214,2285,1929,0,52,"NSW","Regional","12:00 AM - 6:00 AM",0,0,0,3,150,4,3,9,8,17
1388,2735,1586,1149,1,59,"QLD","Urban","6:00 AM - 12:00 PM",0,1,0,3,180,1,4,0,0,0
732,4141,2422,1719,1,57,"NSW","Remote","6:00 PM - 12:00 AM",1,1,0,3,144,2,3,9,9,18
760,170,0,170,1,38,"TAS","Urban","6:00 PM - 12:00 AM",1,1,1,3,120,1,4,8,7,15
1720,1561,1301,260,1,26,"NT","Urban","6:00 PM - 12:00 AM",0,1,0,3,90,1,4,9,10,19
613,4653,2192,2461,1,54,"NSW","Urban","12:00 PM - 6:00 PM",0,0,1,3,78,2,4,7,6,13
1993,734,0,734,1,28,"QLD","Regional","6:00 PM - 12:00 AM",1,1,0,1,168,2,3,7,4,11
1025,2404,1450,954,1,55,"VIC","Regional","6:00 AM - 12:00 PM",0,1,1,2,108,3,2,5,9,14
870,3238,1933,1305,0,41,"NSW","Urban","6:00 PM - 12:00 AM",0,0,1,3,144,1,2,10,10,20
1815,446,0,446,0,27,"ACT","Urban","6:00 PM - 12:00 AM",0,1,1,2,132,1,4,10,10,20
1187,3998,2232,1766,0,53,"TAS","Urban","6:00 AM - 12:00 PM",0,0,0,3,102,4,4,10,10,20
451,702,0,702,1,36,"NSW","Urban","6:00 PM - 12:00 AM",1,1,0,3,162,2,3,1,1,2
518,4039,2305,1734,1,60,"TAS","Urban","6:00 PM - 12:00 AM",1,0,0,3,120,1,3,3,4,7
1363,868,0,868,0,38,"NSW","Regional","6:00 AM - 12:00 PM",1,1,1,3,126,1,3,5,9,14
745,1039,0,1039,0,29,"NSW","Regional","6:00 PM - 12:00 AM",1,0,0,1,144,2,3,6,5,11
1516,329,0,329,0,24,"VIC","Urban","6:00 AM - 12:00 PM",1,1,1,1,78,2,3,9,9,18
1803,1888,1634,254,1,37,"VIC","Urban","6:00 PM - 12:00 AM",0,1,0,3,84,2,4,10,10,20
1327,894,0,894,1,36,"NSW","Regional","6:00 AM - 12:00 PM",1,1,0,3,96,1,4,10,6,16
125,462,0,462,0,39,"NSW","Remote","12:00 PM - 6:00 PM",1,1,1,2,90,1,3,6,3,9
163,1712,1325,387,0,26,"TAS","Regional","12:00 AM - 6:00 AM",1,1,0,2,132,2,4,8,5,13
763,774,0,774,0,27,"QLD","Regional","6:00 PM - 12:00 AM",1,1,0,3,114,1,3,10,10,20
454,4403,2335,2068,0,49,"NSW","Regional","6:00 PM - 12:00 AM",1,0,1,3,102,1,3,8,8,16
443,4651,2450,2201,0,46,"SA","Remote","6:00 PM - 12:00 AM",0,0,0,1,156,4,2,5,5,10
485,352,0,352,1,24,"QLD","Urban","6:00 PM - 12:00 AM",0,1,1,3,48,1,4,7,6,13
1760,3746,2021,1725,1,54,"QLD","Regional","6:00 PM - 12:00 AM",0,0,0,3,132,4,3,9,10,19
1267,284,0,284,0,22,"SA","Regional","6:00 AM - 12:00 PM",0,1,0,3,168,2,2,4,5,9
798,214,0,214,1,51,"VIC","Urban","6:00 PM - 12:00 AM",1,0,0,3,120,1,3,6,5,11
1189,260,0,260,0,23,"VIC","Remote","6:00 AM - 12:00 PM",0,1,0,1,138,1,4,10,10,20
408,1107,0,1107,1,40,"NSW","Urban","6:00 PM - 12:00 AM",1,1,0,3,108,2,3,7,6,13
279,4347,1858,2489,1,51,"NSW","Regional","12:00 AM - 6:00 AM",0,1,0,3,60,3,2,8,8,16
1651,1378,0,1378,1,59,"SA","Remote","6:00 PM - 12:00 AM",1,1,1,3,36,1,2,1,1,2
1592,1950,1433,517,0,33,"QLD","Regional","6:00 AM - 12:00 PM",1,0,1,3,126,1,3,8,10,18
343,2106,1616,490,0,44,"VIC","Urban","6:00 PM - 12:00 AM",1,1,0,3,180,2,2,2,3,5
1906,4768,2673,2095,1,56,"NSW","Remote","6:00 PM - 12:00 AM",1,0,0,3,180,1,4,0,0,0
1458,4443,2230,2213,0,51,"SA","Urban","12:00 PM - 6:00 PM",1,0,0,1,60,4,3,10,5,15
194,367,0,367,1,23,"NSW","Regional","12:00 AM - 6:00 AM",1,1,0,3,144,2,3,9,6,15
1021,251,0,251,0,23,"TAS","Urban","6:00 AM - 12:00 PM",1,1,1,3,30,1,4,8,8,16
954,942,0,942,1,40,"VIC","Regional","6:00 AM - 12:00 PM",1,1,0,3,156,2,2,5,8,13
1704,294,0,294,0,23,"NSW","Urban","6:00 PM - 12:00 AM",0,1,1,3,102,1,2,4,5,9
425,337,0,337,0,28,"NSW","Urban","6:00 PM - 12:00 AM",1,1,0,2,114,1,3,10,10,20
452,716,0,716,0,44,"VIC","Urban","6:00 PM - 12:00 AM",1,1,1,3,108,1,2,6,8,14
47,1030,0,1030,1,31,"VIC","Urban","12:00 PM - 6:00 PM",1,1,0,2,162,2,2,4,7,11
408,1107,0,1107,1,40,"NSW","Urban","6:00 PM - 12:00 AM",1,1,0,3,108,2,3,7,6,13
1710,2290,1999,291,0,44,"QLD","Regional","6:00 PM - 12:00 AM",0,1,1,3,138,3,3,9,9,18
859,360,0,360,1,22,"WA","Urban","6:00 PM - 12:00 AM",1,0,1,3,150,2,2,7,3,10
725,3234,1997,1237,0,49,"NSW","Urban","6:00 PM - 12:00 AM",0,0,1,3,12,4,2,0,0,0
1397,1917,1555,362,1,30,"NSW","Remote","6:00 AM - 12:00 PM",0,0,0,1,144,2,4,9,10,19
1688,208,0,208,1,43,"SA","Urban","6:00 PM - 12:00 AM",1,1,1,2,30,1,4,6,8,14
331,284,0,284,1,24,"QLD","Urban","6:00 PM - 12:00 AM",1,1,0,1,156,2,2,5,4,9
1294,3328,2004,1324,1,49,"TAS","Urban","6:00 AM - 12:00 PM",0,0,0,3,114,1,4,8,8,16
1727,3813,1790,2023,1,54,"TAS","Urban","6:00 PM - 12:00 AM",1,0,0,3,90,2,2,4,3,7
1729,493,0,493,1,39,"NSW","Urban","6:00 PM - 12:00 AM",1,1,0,3,48,2,3,5,4,9
1423,3445,1937,1508,0,54,"QLD","Regional","6:00 AM - 12:00 PM",0,0,0,3,150,3,2,5,4,9
1273,194,0,194,0,47,"VIC","Urban","6:00 AM - 12:00 PM",1,1,1,2,18,1,4,0,0,0
19,3387,2250,1137,0,58,"NSW","Urban","12:00 AM - 6:00 AM",1,0,0,1,60,4,3,4,5,9
1927,1601,1382,219,1,28,"NSW","Urban","6:00 PM - 12:00 AM",0,1,0,1,54,2,4,8,8,16
1735,4322,2176,2146,0,53,"NT","Urban","12:00 PM - 6:00 PM",0,0,1,3,132,2,3,10,10,20
1117,685,0,685,0,39,"QLD","Urban","6:00 AM - 12:00 PM",1,1,0,2,144,1,3,10,8,18
1824,3735,2055,1680,1,52,"QLD","Urban","12:00 PM - 6:00 PM",1,0,1,3,126,4,3,8,10,18
1289,4260,2006,2254,0,47,"WA","Remote","6:00 AM - 12:00 PM",0,0,1,3,102,4,4,4,7,11
1208,4243,2253,1990,0,56,"NSW","Urban","6:00 AM - 12:00 PM",1,0,1,3,162,1,3,2,1,3
1024,1561,1275,286,1,37,"NT","Urban","12:00 PM - 6:00 PM",0,1,1,3,12,1,3,1,0,1
1500,769,0,769,1,26,"VIC","Urban","6:00 AM - 12:00 PM",1,1,1,1,96,1,3,6,6,12
886,197,0,197,0,37,"VIC","Urban","6:00 AM - 12:00 PM",1,1,0,1,120,1,3,7,2,9
557,1369,0,1369,0,30,"VIC","Regional","12:00 PM - 6:00 PM",1,1,1,3,24,1,2,3,0,3
391,4015,2283,1732,0,49,"WA","Urban","12:00 PM - 6:00 PM",0,0,1,2,84,2,3,10,10,20
641,3569,1994,1575,1,44,"NSW","Remote","6:00 PM - 12:00 AM",0,0,1,3,66,4,3,7,4,11
1916,3536,1833,1703,1,54,"NT","Urban","6:00 PM - 12:00 AM",0,1,0,3,24,1,2,4,8,12
477,266,0,266,1,24,"NSW","Regional","6:00 PM - 12:00 AM",0,1,1,1,126,1,3,10,10,20
1311,428,0,428,1,28,"NT","Urban","6:00 AM - 12:00 PM",1,1,0,2,138,1,2,3,5,8
1563,1659,1378,281,1,30,"QLD","Urban","6:00 AM - 12:00 PM",1,1,1,3,120,1,2,4,3,7
937,2754,1518,1236,0,54,"VIC","Urban","6:00 AM - 12:00 PM",0,0,0,1,66,2,3,5,4,9
1641,1774,0,1774,1,51,"VIC","Regional","6:00 PM - 12:00 AM",1,1,1,3,90,3,3,10,9,19
799,145,0,145,1,21,"NSW","Urban","6:00 PM - 12:00 AM",1,1,0,3,156,1,3,5,4,9
480,349,0,349,0,26,"VIC","Regional","12:00 PM - 6:00 PM",1,1,1,3,72,2,2,4,3,7
29,3636,2163,1473,0,46,"NSW","Regional","12:00 AM - 6:00 AM",0,0,1,3,54,4,2,8,7,15
830,185,0,185,0,33,"VIC","Urban","6:00 PM - 12:00 AM",1,1,0,3,30,1,3,5,4,9
124,811,0,811,1,29,"SA","Urban","12:00 AM - 6:00 AM",1,0,0,3,156,1,4,7,6,13
1130,971,0,971,0,40,"SA","Regional","6:00 AM - 12:00 PM",1,1,1,1,156,1,3,7,10,17
729,4214,2619,1595,0,59,"SA","Urban","6:00 PM - 12:00 AM",1,0,1,2,90,3,4,8,10,18
1371,361,0,361,0,23,"NT","Urban","6:00 AM - 12:00 PM",0,1,0,3,84,2,3,9,9,18
1402,533,0,533,1,39,"NSW","Urban","12:00 PM - 6:00 PM",0,1,0,3,66,1,5,7,10,17
723,2853,1666,1187,1,49,"QLD","Urban","6:00 PM - 12:00 AM",0,1,0,3,42,3,2,7,3,10
1318,4237,2361,1876,1,59,"SA","Urban","6:00 AM - 12:00 PM",1,0,1,2,150,2,3,8,6,14
893,1465,0,1465,1,43,"QLD","Urban","6:00 AM - 12:00 PM",1,1,0,1,126,4,2,6,4,10
591,1521,1279,242,0,38,"SA","Urban","12:00 PM - 6:00 PM",0,1,1,3,96,2,4,10,10,20
1767,1688,1350,338,1,31,"NSW","Urban","6:00 PM - 12:00 AM",0,1,1,3,120,2,3,8,10,18
993,1516,1336,180,0,40,"VIC","Urban","6:00 AM - 12:00 PM",1,1,1,1,12,2,3,4,6,10
1711,213,0,213,0,27,"NSW","Urban","6:00 PM - 12:00 AM",0,1,1,2,42,1,2,5,1,6
1126,375,0,375,1,24,"TAS","Urban","6:00 AM - 12:00 PM",1,1,0,3,78,1,4,9,7,16
1332,3473,2072,1401,1,59,"TAS","Urban","6:00 AM - 12:00 PM",0,0,1,3,60,2,2,6,8,14
1440,2973,1626,1347,1,54,"NSW","Urban","6:00 AM - 12:00 PM",0,1,0,3,168,2,2,6,6,12
1165,1349,0,1349,1,41,"NSW","Urban","6:00 AM - 12:00 PM",0,1,1,3,78,2,3,10,9,19
19,3387,2250,1137,0,58,"NSW","Urban","12:00 AM - 6:00 AM",1,0,0,1,60,4,3,4,5,9
931,1729,1454,275,1,40,"VIC","Urban","6:00 AM - 12:00 PM",1,1,1,3,90,1,3,10,10,20
730,226,0,226,0,46,"NSW","Regional","6:00 PM - 12:00 AM",1,1,0,2,150,1,3,8,7,15
1461,1230,1046,184,1,23,"NSW","Regional","6:00 AM - 12:00 PM",0,0,0,3,150,1,2,10,10,20
1153,337,0,337,1,21,"WA","Urban","6:00 AM - 12:00 PM",1,1,0,3,96,2,2,9,9,18
932,1516,0,1516,1,51,"SA","Regional","6:00 AM - 12:00 PM",0,0,1,1,102,1,2,10,10,20
1636,2339,1910,429,0,51,"VIC","Urban","6:00 PM - 12:00 AM",0,0,0,1,66,2,3,6,7,13
85,324,0,324,1,22,"TAS","Urban","12:00 AM - 6:00 AM",1,0,1,1,42,2,3,9,5,14
578,413,0,413,1,29,"NSW","Urban","6:00 PM - 12:00 AM",1,1,1,2,156,1,2,9,4,13
544,3925,1813,2112,1,56,"NSW","Regional","6:00 PM - 12:00 AM",0,0,0,3,162,4,1,4,1,5
1038,961,0,961,1,33,"VIC","Regional","6:00 AM - 12:00 PM",1,1,0,3,162,2,3,9,7,16
875,3631,2010,1621,1,59,"NSW","Regional","6:00 PM - 12:00 AM",0,0,0,3,150,1,5,7,7,14
815,1076,0,1076,0,33,"ACT","Regional","6:00 PM - 12:00 AM",1,0,0,3,72,1,3,5,5,10
320,3354,1954,1400,1,53,"VIC","Urban","6:00 PM - 12:00 AM",0,0,1,3,162,1,3,8,10,18
1031,273,0,273,1,50,"VIC","Urban","6:00 AM - 12:00 PM",1,1,0,3,114,1,3,10,10,20
