"ID","TotalSpending","InternationalSpend","DomesticSpend","Female","Age","HomeState","HomeRegion","BookingTime","DeviceTypeMobileTablet","Windows.Android","PromotionsUsed","EaseOfUse","UsageDuration","BookingCount","AvailableFlights","Satisfaction","NetPromoterScore","TotalSatisfaction"
1655,614,0,614,0,28,"VIC","Urban","6:00 PM - 12:00 AM",1,1,0,3,36,1,3,4,4,8
1789,4071,2249,1822,1,49,"VIC","Urban","6:00 PM - 12:00 AM",1,0,1,3,48,4,4,5,4,9
1399,3516,1929,1587,1,47,"QLD","Urban","6:00 AM - 12:00 PM",0,1,0,3,78,2,2,6,3,9
1882,1110,0,1110,0,31,"NSW","Urban","6:00 PM - 12:00 AM",0,0,1,3,42,2,3,4,4,8
489,4007,2348,1659,0,53,"QLD","Regional","6:00 PM - 12:00 AM",1,0,0,3,84,4,4,9,10,19
153,3414,1763,1651,0,49,"NSW","Urban","12:00 AM - 6:00 AM",0,0,0,3,120,1,1,10,10,20
25,918,0,918,1,36,"VIC","Urban","12:00 PM - 6:00 PM",1,1,0,1,42,1,3,4,3,7
1343,1394,1092,302,1,37,"NT","Urban","6:00 AM - 12:00 PM",1,1,0,2,84,1,4,7,3,10
1498,3366,1551,1815,0,49,"TAS","Remote","6:00 AM - 12:00 PM",0,0,0,3,126,2,4,10,9,19
1186,3527,2010,1517,0,48,"VIC","Urban","6:00 AM - 12:00 PM",0,0,1,1,156,1,3,7,4,11
95,438,0,438,1,21,"NSW","Urban","12:00 AM - 6:00 AM",1,0,0,3,168,2,3,3,2,5
1050,661,0,661,1,41,"VIC","Urban","6:00 AM - 12:00 PM",1,1,0,3,30,1,4,5,4,9
1606,1913,1645,268,1,37,"VIC","Urban","6:00 AM - 12:00 PM",1,1,1,3,96,2,2,6,7,13
1146,3416,2123,1293,1,51,"NSW","Urban","6:00 AM - 12:00 PM",1,0,1,3,36,3,3,6,5,11
311,3411,2049,1362,1,52,"WA","Urban","6:00 PM - 12:00 AM",0,0,0,1,36,3,2,8,7,15
649,207,0,207,1,46,"NSW","Urban","6:00 PM - 12:00 AM",0,1,0,1,168,1,2,9,4,13
1780,268,0,268,1,22,"QLD","Urban","12:00 PM - 6:00 PM",1,1,1,3,90,1,3,8,8,16
1897,218,0,218,0,55,"SA","Urban","6:00 PM - 12:00 AM",0,0,0,1,120,1,3,10,10,20
848,352,0,352,0,22,"SA","Remote","6:00 PM - 12:00 AM",1,0,1,3,42,2,4,2,2,4
1249,158,0,158,0,60,"NSW","Urban","6:00 AM - 12:00 PM",1,1,1,2,156,1,2,4,4,8
1941,3957,2094,1863,1,47,"NSW","Urban","6:00 PM - 12:00 AM",1,1,0,3,42,2,2,1,0,1
103,404,0,404,1,21,"NT","Urban","12:00 AM - 6:00 AM",0,1,0,1,180,1,3,0,0,0
1020,250,0,250,1,53,"VIC","Urban","6:00 AM - 12:00 PM",1,1,0,3,30,1,2,6,1,7
668,1540,1328,212,0,30,"SA","Urban","12:00 PM - 6:00 PM",1,1,0,3,138,1,2,3,6,9
677,1058,0,1058,1,34,"NSW","Regional","6:00 PM - 12:00 AM",1,0,0,2,132,2,1,2,2,4
1475,4011,2053,1958,0,57,"TAS","Urban","6:00 AM - 12:00 PM",1,0,1,3,84,4,5,10,10,20
833,183,0,183,0,37,"VIC","Urban","6:00 PM - 12:00 AM",1,0,1,2,66,1,3,9,8,17
1593,2936,1721,1215,0,47,"NSW","Urban","6:00 AM - 12:00 PM",0,1,0,3,168,2,3,3,0,3
1441,2011,1718,293,0,39,"NSW","Urban","6:00 AM - 12:00 PM",0,0,0,3,180,1,3,7,4,11
238,345,0,345,1,25,"NSW","Urban","12:00 AM - 6:00 AM",1,0,0,3,84,1,3,7,2,9
866,814,0,814,1,24,"NSW","Urban","6:00 PM - 12:00 AM",1,0,0,3,126,2,2,5,5,10
531,3924,1807,2117,1,60,"VIC","Urban","6:00 PM - 12:00 AM",0,0,1,2,162,3,3,3,2,5
862,230,0,230,1,34,"SA","Remote","6:00 PM - 12:00 AM",1,0,1,3,114,1,3,9,10,19
1881,2967,1773,1194,0,50,"SA","Regional","6:00 PM - 12:00 AM",0,0,0,3,138,2,2,10,10,20
1445,1865,1760,105,1,28,"ACT","Urban","6:00 AM - 12:00 PM",0,1,1,1,156,1,4,4,3,7
58,368,0,368,1,25,"NT","Regional","12:00 PM - 6:00 PM",1,1,1,3,138,2,3,8,10,18
182,3196,1715,1481,1,47,"WA","Urban","12:00 AM - 6:00 AM",0,0,0,3,48,2,3,9,9,18
674,243,0,243,1,58,"NSW","Urban","6:00 PM - 12:00 AM",1,0,0,3,54,1,3,5,7,12
139,1309,1165,144,0,20,"QLD","Urban","12:00 AM - 6:00 AM",1,0,0,3,108,1,4,9,10,19
110,3680,2191,1489,0,55,"NSW","Urban","12:00 AM - 6:00 AM",1,1,0,3,180,2,2,7,2,9
520,872,0,872,1,34,"NSW","Urban","6:00 PM - 12:00 AM",1,1,0,3,72,2,3,10,10,20
535,259,0,259,0,21,"ACT","Regional","12:00 PM - 6:00 PM",0,1,0,3,12,2,3,3,2,5
1343,1394,1092,302,1,37,"NT","Urban","6:00 AM - 12:00 PM",1,1,0,2,84,1,4,7,3,10
1431,2492,1519,973,1,35,"VIC","Urban","6:00 AM - 12:00 PM",1,0,0,3,168,2,3,2,5,7
518,4039,2305,1734,1,60,"TAS","Urban","6:00 PM - 12:00 AM",1,0,0,3,120,1,3,3,4,7
1115,4562,2640,1922,0,54,"WA","Urban","6:00 AM - 12:00 PM",0,0,0,3,156,2,3,3,3,6
966,306,0,306,1,24,"VIC","Regional","6:00 AM - 12:00 PM",1,1,1,2,84,2,3,9,5,14
555,3586,1941,1645,1,46,"QLD","Urban","6:00 PM - 12:00 AM",0,0,0,3,36,4,3,2,2,4
413,4344,2448,1896,1,57,"VIC","Regional","12:00 PM - 6:00 PM",0,0,0,2,84,2,4,10,10,20
1869,2602,1503,1099,0,45,"NSW","Regional","6:00 PM - 12:00 AM",0,1,0,2,120,3,3,10,8,18
396,3683,2037,1646,0,47,"NSW","Urban","6:00 PM - 12:00 AM",0,0,1,2,162,3,2,7,5,12
188,257,0,257,0,38,"NSW","Urban","12:00 AM - 6:00 AM",1,1,1,3,174,1,2,7,7,14
925,1007,0,1007,0,42,"VIC","Remote","6:00 AM - 12:00 PM",1,1,0,3,66,2,2,10,5,15
1688,208,0,208,1,43,"SA","Urban","6:00 PM - 12:00 AM",1,1,1,2,30,1,4,6,8,14
1601,1710,1437,273,1,37,"TAS","Urban","6:00 AM - 12:00 PM",1,0,0,3,174,1,2,5,2,7
1411,328,0,328,0,22,"TAS","Urban","6:00 AM - 12:00 PM",1,1,0,3,84,1,4,6,7,13
398,645,0,645,1,45,"SA","Urban","6:00 PM - 12:00 AM",1,1,0,3,72,2,2,4,3,7
1509,3499,1971,1528,0,52,"VIC","Urban","6:00 AM - 12:00 PM",0,0,0,3,72,2,4,6,5,11
1930,1779,1560,219,1,33,"NSW","Urban","6:00 PM - 12:00 AM",0,0,1,3,24,2,3,6,5,11
90,396,0,396,1,23,"SA","Urban","12:00 AM - 6:00 AM",0,0,0,3,132,1,4,8,8,16
1679,184,0,184,1,30,"ACT","Urban","6:00 PM - 12:00 AM",1,1,1,3,180,1,2,5,6,11
1878,3734,2082,1652,1,41,"VIC","Remote","6:00 PM - 12:00 AM",0,1,1,3,138,4,3,8,4,12
423,381,0,381,1,26,"VIC","Urban","6:00 PM - 12:00 AM",0,1,0,1,48,1,2,3,3,6
799,145,0,145,1,21,"NSW","Urban","6:00 PM - 12:00 AM",1,1,0,3,156,1,3,5,4,9
1124,3183,1982,1201,0,59,"QLD","Urban","6:00 AM - 12:00 PM",0,0,0,3,138,4,4,8,10,18
1153,337,0,337,1,21,"WA","Urban","6:00 AM - 12:00 PM",1,1,0,3,96,2,2,9,9,18
941,393,0,393,0,22,"VIC","Urban","6:00 AM - 12:00 PM",1,1,0,2,42,1,5,3,3,6
981,1717,1463,254,0,35,"VIC","Urban","6:00 AM - 12:00 PM",1,1,1,1,12,2,2,0,0,0
1056,2169,1614,555,0,60,"WA","Regional","6:00 AM - 12:00 PM",0,1,1,2,24,1,3,2,0,2
259,3483,2021,1462,1,42,"NSW","Urban","12:00 AM - 6:00 AM",0,1,0,2,84,2,3,4,3,7
508,1594,1300,294,1,31,"TAS","Urban","6:00 PM - 12:00 AM",0,1,0,1,12,2,4,4,1,5
1321,144,0,144,1,21,"NSW","Urban","6:00 AM - 12:00 PM",1,1,1,3,42,1,2,1,2,3
772,3290,1788,1502,0,44,"ACT","Urban","6:00 PM - 12:00 AM",0,0,0,3,30,3,3,4,3,7
1895,3423,2086,1337,1,42,"NSW","Urban","6:00 PM - 12:00 AM",0,1,0,1,42,3,3,4,0,4
1592,1950,1433,517,0,33,"QLD","Regional","6:00 AM - 12:00 PM",1,0,1,3,126,1,3,8,10,18
1951,1437,1110,327,1,26,"NSW","Urban","6:00 PM - 12:00 AM",1,0,1,3,150,1,4,3,6,9
151,3826,1838,1988,0,48,"ACT","Urban","12:00 AM - 6:00 AM",0,0,0,3,54,4,5,10,10,20
1785,3762,2255,1507,0,54,"WA","Regional","6:00 PM - 12:00 AM",1,0,1,1,84,4,3,10,10,20
230,444,0,444,1,28,"VIC","Urban","12:00 AM - 6:00 AM",1,0,1,3,120,1,3,1,5,6
1356,212,0,212,0,28,"NSW","Urban","6:00 AM - 12:00 PM",0,1,0,3,168,1,3,2,1,3
1920,4485,2306,2179,1,54,"NSW","Urban","6:00 PM - 12:00 AM",1,0,0,2,54,4,4,3,3,6
1850,4457,2359,2098,0,49,"NSW","Urban","6:00 PM - 12:00 AM",0,0,0,3,12,1,3,5,4,9
160,3086,1718,1368,0,54,"WA","Urban","12:00 AM - 6:00 AM",0,0,1,3,162,1,2,5,5,10
1994,3336,1798,1538,1,40,"NSW","Urban","6:00 PM - 12:00 AM",0,1,1,2,102,3,3,8,4,12
1577,3470,2007,1463,1,57,"NSW","Urban","6:00 AM - 12:00 PM",0,0,1,1,84,4,3,10,9,19
286,1012,0,1012,0,30,"WA","Urban","12:00 AM - 6:00 AM",1,0,0,3,60,1,4,10,9,19
281,4281,2293,1988,1,49,"NSW","Urban","12:00 AM - 6:00 AM",0,0,0,1,180,3,5,7,5,12
1297,294,0,294,1,23,"NSW","Urban","6:00 AM - 12:00 PM",0,1,0,1,12,1,1,0,0,0
1517,284,0,284,0,54,"VIC","Urban","6:00 AM - 12:00 PM",1,0,1,3,54,1,3,10,5,15
1647,1415,0,1415,1,49,"VIC","Urban","6:00 PM - 12:00 AM",0,1,1,1,156,2,3,2,1,3
1032,1218,0,1218,0,49,"VIC","Urban","6:00 AM - 12:00 PM",1,1,1,3,150,1,3,2,1,3
688,3384,1934,1450,1,55,"SA","Regional","6:00 PM - 12:00 AM",0,0,0,1,120,2,2,8,4,12
1627,245,0,245,0,24,"QLD","Urban","6:00 PM - 12:00 AM",1,1,1,2,96,1,5,7,7,14
1854,4296,2417,1879,0,46,"VIC","Remote","6:00 PM - 12:00 AM",1,0,1,2,150,4,2,9,6,15
1564,294,0,294,1,56,"NSW","Urban","6:00 AM - 12:00 PM",1,0,0,3,66,1,3,10,10,20
1774,1612,1366,246,0,45,"NSW","Urban","6:00 PM - 12:00 AM",1,1,0,1,84,2,2,9,10,19
337,249,0,249,0,35,"VIC","Regional","6:00 PM - 12:00 AM",1,1,0,3,84,1,3,5,3,8
1738,1290,1067,223,1,38,"NSW","Urban","6:00 PM - 12:00 AM",0,1,0,3,66,1,4,10,10,20
1535,4305,2300,2005,0,58,"QLD","Remote","12:00 PM - 6:00 PM",0,0,0,3,90,2,3,5,8,13
184,367,0,367,1,23,"NSW","Urban","12:00 AM - 6:00 AM",1,1,1,3,126,1,3,8,9,17
558,403,0,403,1,26,"NT","Regional","12:00 PM - 6:00 PM",0,1,1,3,162,1,2,2,2,4
1318,4237,2361,1876,1,59,"SA","Urban","6:00 AM - 12:00 PM",1,0,1,2,150,2,3,8,6,14
1646,828,0,828,0,40,"VIC","Urban","12:00 PM - 6:00 PM",0,1,0,3,180,2,4,4,3,7
1399,3516,1929,1587,1,47,"QLD","Urban","6:00 AM - 12:00 PM",0,1,0,3,78,2,2,6,3,9
1556,182,0,182,0,34,"SA","Regional","6:00 AM - 12:00 PM",1,1,0,3,78,1,2,4,4,8
1957,1142,0,1142,0,43,"QLD","Remote","12:00 PM - 6:00 PM",0,1,0,3,114,2,3,4,8,12
969,1817,0,1817,0,56,"VIC","Urban","6:00 AM - 12:00 PM",0,1,0,3,66,1,4,10,10,20
1563,1659,1378,281,1,30,"QLD","Urban","6:00 AM - 12:00 PM",1,1,1,3,120,1,2,4,3,7
595,3163,1796,1367,1,53,"NSW","Regional","6:00 PM - 12:00 AM",0,0,0,3,132,3,4,10,10,20
1850,4457,2359,2098,0,49,"NSW","Urban","6:00 PM - 12:00 AM",0,0,0,3,12,1,3,5,4,9
873,2604,1360,1244,1,54,"WA","Urban","6:00 PM - 12:00 AM",0,0,0,3,48,3,3,4,7,11
778,1096,0,1096,0,35,"NT","Remote","6:00 PM - 12:00 AM",1,1,1,2,12,1,4,7,3,10
1910,219,0,219,1,53,"TAS","Regional","6:00 PM - 12:00 AM",0,0,0,3,102,1,5,10,10,20
1738,1290,1067,223,1,38,"NSW","Urban","6:00 PM - 12:00 AM",0,1,0,3,66,1,4,10,10,20
481,277,0,277,1,21,"NSW","Urban","6:00 PM - 12:00 AM",0,1,0,3,132,2,4,7,4,11
730,226,0,226,0,46,"NSW","Regional","6:00 PM - 12:00 AM",1,1,0,2,150,1,3,8,7,15
403,3159,1678,1481,0,57,"VIC","Urban","6:00 PM - 12:00 AM",0,1,0,2,120,2,1,10,10,20
72,383,0,383,1,24,"QLD","Urban","12:00 AM - 6:00 AM",1,1,0,3,60,1,3,0,4,4
666,2760,1506,1254,1,40,"NSW","Urban","6:00 PM - 12:00 AM",0,1,0,3,84,2,4,7,8,15
1358,313,0,313,0,22,"ACT","Regional","12:00 PM - 6:00 PM",1,1,0,3,114,2,3,7,6,13
861,850,0,850,1,24,"NSW","Regional","6:00 PM - 12:00 AM",1,0,0,2,150,2,4,7,7,14
184,367,0,367,1,23,"NSW","Urban","12:00 AM - 6:00 AM",1,1,1,3,126,1,3,8,9,17
605,4436,2231,2205,1,54,"QLD","Urban","6:00 PM - 12:00 AM",0,0,0,3,78,2,2,9,10,19
1470,3229,1715,1514,1,53,"NSW","Regional","6:00 AM - 12:00 PM",0,0,0,2,60,4,3,10,7,17
1002,965,0,965,0,39,"WA","Urban","12:00 PM - 6:00 PM",0,1,0,3,24,1,3,0,1,1
190,3779,2016,1763,1,60,"NSW","Regional","12:00 AM - 6:00 AM",0,0,0,3,96,2,3,10,10,20
1792,279,0,279,1,22,"SA","Regional","6:00 PM - 12:00 AM",0,1,0,3,60,1,2,2,2,4
1166,2910,1494,1416,1,50,"TAS","Urban","6:00 AM - 12:00 PM",1,0,1,3,42,1,2,9,5,14
401,3479,1683,1796,1,47,"NSW","Urban","6:00 PM - 12:00 AM",0,0,1,3,72,1,3,10,10,20
1116,202,0,202,0,42,"VIC","Urban","6:00 AM - 12:00 PM",1,1,0,1,102,1,2,5,4,9
1782,515,0,515,1,37,"NSW","Urban","6:00 PM - 12:00 AM",0,1,0,1,144,2,4,10,10,20
1617,316,0,316,1,51,"NT","Urban","6:00 PM - 12:00 AM",1,1,0,3,144,2,1,6,9,15
642,3229,1879,1350,1,59,"NSW","Urban","6:00 PM - 12:00 AM",1,1,0,3,132,2,3,8,3,11
36,754,0,754,0,31,"NT","Remote","12:00 PM - 6:00 PM",1,1,0,2,102,1,1,10,9,19
1075,1341,1121,220,1,24,"VIC","Regional","6:00 AM - 12:00 PM",1,1,1,3,36,2,3,5,5,10
1531,3732,2175,1557,0,42,"TAS","Regional","6:00 AM - 12:00 PM",0,0,0,3,24,4,1,5,4,9
226,1855,1547,308,1,31,"NSW","Urban","12:00 AM - 6:00 AM",1,0,1,3,30,1,1,9,5,14
1598,148,0,148,1,58,"NSW","Urban","6:00 AM - 12:00 PM",1,0,1,3,168,1,2,0,2,2
764,2970,1740,1230,1,45,"NSW","Urban","6:00 PM - 12:00 AM",0,0,1,2,156,4,3,4,3,7
201,4456,2135,2321,1,52,"NSW","Urban","12:00 AM - 6:00 AM",0,0,1,1,174,4,3,8,5,13
831,3246,1739,1507,1,44,"SA","Urban","6:00 PM - 12:00 AM",0,0,1,2,96,3,4,10,10,20
1354,264,0,264,1,21,"NT","Urban","6:00 AM - 12:00 PM",0,1,0,2,30,1,4,5,5,10
926,1286,0,1286,1,50,"QLD","Urban","6:00 AM - 12:00 PM",0,1,0,1,90,2,2,7,7,14
766,1718,1311,407,1,38,"NSW","Urban","6:00 PM - 12:00 AM",1,1,0,1,126,2,1,2,2,4
1382,1536,1367,169,1,26,"QLD","Urban","6:00 AM - 12:00 PM",1,1,1,3,42,2,2,0,0,0
742,428,0,428,0,22,"QLD","Urban","6:00 PM - 12:00 AM",1,0,0,3,120,2,2,10,10,20
10,3292,1786,1506,0,58,"WA","Urban","12:00 AM - 6:00 AM",1,0,0,3,48,3,2,8,4,12
1829,3231,1992,1239,0,52,"NT","Urban","6:00 PM - 12:00 AM",1,0,0,1,84,4,2,10,10,20
1200,4647,2638,2009,0,52,"NT","Urban","6:00 AM - 12:00 PM",0,0,1,3,24,1,4,9,8,17
1189,260,0,260,0,23,"VIC","Remote","6:00 AM - 12:00 PM",0,1,0,1,138,1,4,10,10,20
415,1378,1136,242,0,37,"NSW","Urban","6:00 PM - 12:00 AM",0,1,1,3,114,1,3,8,7,15
189,1853,1477,376,0,29,"TAS","Urban","12:00 AM - 6:00 AM",1,1,1,3,138,2,4,9,10,19
1081,458,0,458,0,38,"VIC","Remote","6:00 AM - 12:00 PM",1,1,0,2,78,2,2,8,7,15
1045,217,0,217,1,38,"VIC","Urban","6:00 AM - 12:00 PM",1,1,0,1,150,1,4,5,4,9
1533,1606,1305,301,0,26,"NSW","Remote","6:00 AM - 12:00 PM",1,1,0,3,48,2,3,5,4,9
1391,241,0,241,0,22,"VIC","Urban","12:00 PM - 6:00 PM",1,1,0,2,126,1,5,8,8,16
1908,1495,0,1495,1,36,"QLD","Urban","6:00 PM - 12:00 AM",1,0,0,3,90,1,4,5,5,10
766,1718,1311,407,1,38,"NSW","Urban","6:00 PM - 12:00 AM",1,1,0,1,126,2,1,2,2,4
771,3996,2015,1981,1,47,"ACT","Urban","6:00 PM - 12:00 AM",0,0,1,2,66,4,3,10,9,19
1154,267,0,267,0,23,"TAS","Regional","6:00 AM - 12:00 PM",1,1,0,2,90,1,4,10,10,20
1550,466,0,466,0,20,"WA","Urban","6:00 AM - 12:00 PM",1,1,0,1,126,1,3,5,3,8
1507,4127,2135,1992,0,56,"NSW","Urban","6:00 AM - 12:00 PM",0,0,0,3,174,2,5,7,8,15
342,3539,1977,1562,0,53,"VIC","Regional","6:00 PM - 12:00 AM",0,0,0,2,30,4,4,3,3,6
1728,181,0,181,1,52,"SA","Urban","6:00 PM - 12:00 AM",1,1,1,3,138,1,2,7,6,13
711,187,0,187,1,47,"WA","Urban","6:00 PM - 12:00 AM",0,0,0,3,30,1,4,6,6,12
1620,2437,2143,294,1,51,"TAS","Remote","6:00 PM - 12:00 AM",0,0,1,3,84,1,3,10,10,20
1769,1375,1249,126,0,28,"QLD","Regional","6:00 PM - 12:00 AM",1,1,1,2,60,1,4,4,7,11
1761,4545,2567,1978,0,57,"NSW","Urban","6:00 PM - 12:00 AM",0,0,0,3,54,4,1,9,9,18
698,293,0,293,0,35,"ACT","Regional","6:00 PM - 12:00 AM",0,0,0,2,36,1,3,2,2,4
625,3729,2113,1616,0,47,"NSW","Urban","6:00 PM - 12:00 AM",1,0,1,3,132,2,3,9,9,18
1931,1815,1575,240,0,36,"WA","Urban","6:00 PM - 12:00 AM",1,0,0,3,18,2,4,0,0,0
1870,2962,1678,1284,1,49,"QLD","Urban","6:00 PM - 12:00 AM",1,0,0,3,60,2,4,10,10,20
1753,4525,2318,2207,0,49,"ACT","Remote","6:00 PM - 12:00 AM",0,0,1,2,174,4,3,7,6,13
1428,4284,2202,2082,0,53,"NSW","Urban","6:00 AM - 12:00 PM",0,0,1,3,24,4,2,3,0,3
1492,3574,2305,1269,0,58,"NSW","Regional","6:00 AM - 12:00 PM",0,0,0,3,54,1,2,6,9,15
455,490,0,490,1,26,"ACT","Urban","6:00 PM - 12:00 AM",1,1,0,1,180,2,4,3,3,6
1374,2763,1765,998,1,56,"NT","Urban","6:00 AM - 12:00 PM",1,1,1,2,30,3,2,2,1,3
894,1411,0,1411,1,41,"NT","Urban","6:00 AM - 12:00 PM",0,0,0,1,90,1,3,10,10,20
1246,323,0,323,0,20,"WA","Urban","6:00 AM - 12:00 PM",0,1,1,1,12,1,1,2,0,2
347,2026,1806,220,0,41,"NSW","Urban","12:00 PM - 6:00 PM",1,1,1,2,132,1,4,9,10,19
368,458,0,458,0,28,"ACT","Urban","6:00 PM - 12:00 AM",1,1,1,2,120,1,3,8,8,16
1369,3552,1808,1744,0,50,"VIC","Urban","12:00 PM - 6:00 PM",0,0,0,1,84,3,2,8,8,16
1537,221,0,221,1,56,"NSW","Urban","6:00 AM - 12:00 PM",1,0,0,3,162,1,4,4,4,8
497,606,0,606,1,35,"NSW","Regional","6:00 PM - 12:00 AM",0,1,0,3,120,1,5,9,10,19
1672,479,0,479,0,27,"NSW","Urban","6:00 PM - 12:00 AM",1,1,1,3,60,2,3,9,10,19
117,3071,1802,1269,1,58,"NSW","Urban","12:00 AM - 6:00 AM",0,1,1,3,174,2,3,1,1,2
861,850,0,850,1,24,"NSW","Regional","6:00 PM - 12:00 AM",1,0,0,2,150,2,4,7,7,14
1319,1616,1292,324,1,38,"VIC","Urban","6:00 AM - 12:00 PM",0,1,1,3,84,2,2,4,4,8
1331,984,0,984,0,37,"VIC","Urban","6:00 AM - 12:00 PM",0,1,0,3,150,1,2,10,8,18
477,266,0,266,1,24,"NSW","Regional","6:00 PM - 12:00 AM",0,1,1,1,126,1,3,10,10,20
662,3218,1741,1477,0,52,"NSW","Urban","6:00 PM - 12:00 AM",1,1,0,3,120,3,3,5,4,9
1681,3455,1843,1612,1,50,"NSW","Urban","6:00 PM - 12:00 AM",0,0,0,3,120,4,4,8,6,14
1722,1139,0,1139,1,43,"NSW","Remote","6:00 PM - 12:00 AM",1,1,0,1,54,2,4,7,6,13
403,3159,1678,1481,0,57,"VIC","Urban","6:00 PM - 12:00 AM",0,1,0,2,120,2,1,10,10,20
181,3958,2064,1894,1,57,"ACT","Regional","12:00 AM - 6:00 AM",0,0,1,3,36,1,1,2,3,5
1764,1471,1225,246,1,38,"VIC","Urban","6:00 PM - 12:00 AM",1,1,1,2,30,2,2,7,7,14
843,1317,1160,157,0,28,"NSW","Urban","6:00 PM - 12:00 AM",1,1,0,3,150,2,4,8,8,16
1617,316,0,316,1,51,"NT","Urban","6:00 PM - 12:00 AM",1,1,0,3,144,2,1,6,9,15
190,3779,2016,1763,1,60,"NSW","Regional","12:00 AM - 6:00 AM",0,0,0,3,96,2,3,10,10,20
1061,2441,1595,846,1,56,"TAS","Urban","6:00 AM - 12:00 PM",0,1,1,3,174,2,2,3,6,9
1595,3737,2164,1573,1,53,"TAS","Remote","6:00 AM - 12:00 PM",0,0,0,2,138,2,4,10,7,17
1584,3932,2046,1886,0,57,"TAS","Urban","6:00 AM - 12:00 PM",0,1,0,2,90,3,4,9,8,17
870,3238,1933,1305,0,41,"NSW","Urban","6:00 PM - 12:00 AM",0,0,1,3,144,1,2,10,10,20
894,1411,0,1411,1,41,"NT","Urban","6:00 AM - 12:00 PM",0,0,0,1,90,1,3,10,10,20
872,3381,1813,1568,1,43,"QLD","Urban","6:00 PM - 12:00 AM",0,0,0,3,180,3,3,4,5,9
1765,291,0,291,1,20,"NSW","Urban","6:00 PM - 12:00 AM",1,1,1,3,138,1,3,8,8,16
925,1007,0,1007,0,42,"VIC","Remote","6:00 AM - 12:00 PM",1,1,0,3,66,2,2,10,5,15
1313,1376,0,1376,0,43,"NSW","Regional","12:00 PM - 6:00 PM",1,1,1,1,78,2,4,5,4,9
705,1458,0,1458,0,35,"NSW","Regional","6:00 PM - 12:00 AM",0,1,0,2,24,1,5,0,4,4
772,3290,1788,1502,0,44,"ACT","Urban","6:00 PM - 12:00 AM",0,0,0,3,30,3,3,4,3,7
39,4465,2337,2128,0,55,"NSW","Regional","12:00 AM - 6:00 AM",1,0,0,1,180,3,3,1,2,3
557,1369,0,1369,0,30,"VIC","Regional","12:00 PM - 6:00 PM",1,1,1,3,24,1,2,3,0,3
634,3234,1607,1627,1,56,"WA","Urban","6:00 PM - 12:00 AM",0,0,1,3,180,1,4,6,9,15
1758,483,0,483,1,30,"VIC","Urban","6:00 PM - 12:00 AM",0,1,0,3,30,2,4,3,0,3
1315,4408,2264,2144,0,46,"NSW","Urban","6:00 AM - 12:00 PM",0,0,1,2,114,2,3,5,5,10
249,3037,1592,1445,0,51,"VIC","Urban","12:00 AM - 6:00 AM",0,0,1,3,132,1,2,10,10,20
952,346,0,346,0,25,"VIC","Urban","6:00 AM - 12:00 PM",1,1,0,3,96,1,2,3,3,6
269,184,0,184,1,21,"NT","Urban","12:00 PM - 6:00 PM",1,1,0,1,72,1,3,3,2,5
22,242,0,242,0,21,"SA","Urban","12:00 AM - 6:00 AM",1,1,0,3,150,1,2,3,3,6
123,885,0,885,1,29,"NSW","Urban","12:00 AM - 6:00 AM",1,1,1,3,126,2,4,4,8,12
1592,1950,1433,517,0,33,"QLD","Regional","6:00 AM - 12:00 PM",1,0,1,3,126,1,3,8,10,18
109,3547,1822,1725,0,52,"TAS","Urban","12:00 AM - 6:00 AM",1,0,1,3,174,1,3,2,1,3
1670,1727,1428,299,1,35,"ACT","Urban","6:00 PM - 12:00 AM",1,1,0,1,84,2,2,5,4,9
886,197,0,197,0,37,"VIC","Urban","6:00 AM - 12:00 PM",1,1,0,1,120,1,3,7,2,9
1002,965,0,965,0,39,"WA","Urban","12:00 PM - 6:00 PM",0,1,0,3,24,1,3,0,1,1
1132,4259,2246,2013,0,55,"NSW","Urban","6:00 AM - 12:00 PM",0,0,1,2,174,2,2,1,0,1
1452,4245,2051,2194,1,49,"NSW","Remote","6:00 AM - 12:00 PM",1,1,0,3,42,2,3,3,0,3
1104,941,0,941,0,30,"TAS","Regional","6:00 AM - 12:00 PM",1,1,0,3,120,1,3,3,3,6
432,162,0,162,1,22,"NT","Urban","6:00 PM - 12:00 AM",1,1,0,3,30,1,4,7,6,13
491,1618,0,1618,0,43,"VIC","Remote","12:00 PM - 6:00 PM",0,1,0,3,90,2,3,8,8,16
335,2160,1944,216,1,48,"NT","Urban","12:00 PM - 6:00 PM",0,0,0,3,138,2,4,8,10,18
830,185,0,185,0,33,"VIC","Urban","6:00 PM - 12:00 AM",1,1,0,3,30,1,3,5,4,9
974,2457,2183,274,0,58,"ACT","Remote","6:00 AM - 12:00 PM",0,0,0,1,12,4,3,4,7,11
760,170,0,170,1,38,"TAS","Urban","6:00 PM - 12:00 AM",1,1,1,3,120,1,4,8,7,15
1036,188,0,188,1,54,"WA","Urban","6:00 AM - 12:00 PM",1,1,0,3,156,1,3,3,7,10
369,4152,2281,1871,1,60,"QLD","Urban","12:00 PM - 6:00 PM",0,0,0,2,36,1,3,3,3,6
37,3373,1260,2113,1,57,"VIC","Urban","12:00 AM - 6:00 AM",1,0,1,2,126,3,4,9,10,19
128,2287,1784,503,0,40,"TAS","Remote","12:00 AM - 6:00 AM",1,0,1,1,36,1,4,4,0,4
1798,196,0,196,1,24,"NSW","Regional","6:00 PM - 12:00 AM",1,1,1,1,126,1,4,8,5,13
200,246,0,246,1,48,"NSW","Regional","12:00 AM - 6:00 AM",1,0,1,3,108,1,5,8,4,12
976,1262,0,1262,0,47,"NT","Urban","6:00 AM - 12:00 PM",0,1,1,2,78,2,2,4,4,8
1097,363,0,363,0,24,"NSW","Regional","6:00 AM - 12:00 PM",1,1,1,3,132,2,3,5,7,12
125,462,0,462,0,39,"NSW","Remote","12:00 PM - 6:00 PM",1,1,1,2,90,1,3,6,3,9
757,3827,2001,1826,1,46,"QLD","Urban","12:00 PM - 6:00 PM",1,0,1,1,180,2,3,6,5,11
485,352,0,352,1,24,"QLD","Urban","6:00 PM - 12:00 AM",0,1,1,3,48,1,4,7,6,13
1491,3040,1544,1496,1,58,"VIC","Urban","12:00 PM - 6:00 PM",1,0,1,3,60,4,4,10,10,20
1801,3276,1859,1417,0,55,"NSW","Urban","6:00 PM - 12:00 AM",1,0,0,3,156,3,3,6,10,16
498,4850,2447,2403,0,48,"VIC","Urban","6:00 PM - 12:00 AM",1,0,0,3,126,3,3,2,6,8
1322,245,0,245,0,21,"NSW","Regional","6:00 AM - 12:00 PM",0,1,1,2,30,1,3,0,0,0
1508,2996,1820,1176,1,42,"NSW","Urban","6:00 AM - 12:00 PM",0,0,0,2,108,1,4,10,7,17
78,354,0,354,0,21,"TAS","Urban","12:00 AM - 6:00 AM",0,1,0,3,144,2,4,4,3,7
1121,199,0,199,1,24,"NT","Regional","6:00 AM - 12:00 PM",1,1,0,3,144,1,3,4,4,8
1747,4358,2345,2013,0,60,"QLD","Urban","6:00 PM - 12:00 AM",1,0,1,3,78,4,3,10,10,20
741,1504,0,1504,0,31,"QLD","Urban","6:00 PM - 12:00 AM",0,0,0,1,60,1,3,9,6,15
1315,4408,2264,2144,0,46,"NSW","Urban","6:00 AM - 12:00 PM",0,0,1,2,114,2,3,5,5,10
726,2813,1635,1178,0,48,"VIC","Regional","6:00 PM - 12:00 AM",1,1,0,3,144,4,4,5,5,10
1647,1415,0,1415,1,49,"VIC","Urban","6:00 PM - 12:00 AM",0,1,1,1,156,2,3,2,1,3
840,323,0,323,1,22,"ACT","Urban","6:00 PM - 12:00 AM",1,0,1,2,114,1,1,10,6,16
892,1174,0,1174,1,50,"VIC","Remote","6:00 AM - 12:00 PM",0,0,0,2,180,1,3,3,3,6
1192,436,0,436,1,24,"NSW","Regional","6:00 AM - 12:00 PM",1,1,0,3,150,1,3,3,0,3
1444,3032,1745,1287,1,36,"ACT","Remote","6:00 AM - 12:00 PM",1,1,1,2,114,3,4,7,8,15
1383,1261,1064,197,1,24,"QLD","Urban","6:00 AM - 12:00 PM",1,1,1,3,102,2,3,8,6,14
1445,1865,1760,105,1,28,"ACT","Urban","6:00 AM - 12:00 PM",0,1,1,1,156,1,4,4,3,7
515,262,0,262,0,22,"NSW","Urban","6:00 PM - 12:00 AM",0,1,0,3,18,1,4,6,6,12
1239,322,0,322,0,23,"SA","Urban","6:00 AM - 12:00 PM",0,1,0,3,138,1,3,7,6,13
297,3977,2220,1757,0,59,"NSW","Urban","12:00 AM - 6:00 AM",0,1,0,1,126,4,3,10,9,19
266,396,0,396,1,20,"SA","Regional","12:00 AM - 6:00 AM",1,0,1,3,54,1,4,9,8,17
304,1268,0,1268,1,25,"WA","Urban","6:00 PM - 12:00 AM",0,0,1,3,96,1,3,7,10,17
328,465,0,465,0,34,"VIC","Urban","6:00 PM - 12:00 AM",1,1,1,3,180,2,3,3,2,5
286,1012,0,1012,0,30,"WA","Urban","12:00 AM - 6:00 AM",1,0,0,3,60,1,4,10,9,19
1248,213,0,213,1,24,"NSW","Urban","6:00 AM - 12:00 PM",0,1,0,2,48,1,3,0,2,2
951,702,0,702,1,37,"NSW","Regional","6:00 AM - 12:00 PM",1,1,0,2,168,2,3,3,2,5
324,1412,1177,235,0,38,"NSW","Urban","12:00 PM - 6:00 PM",1,1,1,2,132,1,3,9,10,19
1265,975,0,975,0,39,"NSW","Remote","6:00 AM - 12:00 PM",0,1,0,2,132,2,2,4,2,6
1971,3150,1676,1474,1,48,"SA","Urban","6:00 PM - 12:00 AM",0,0,0,3,36,2,3,2,2,4
253,3791,1756,2035,1,42,"NSW","Remote","12:00 AM - 6:00 AM",0,1,0,2,30,3,3,3,5,8
1138,4713,2072,2641,0,46,"ACT","Urban","6:00 AM - 12:00 PM",0,0,0,2,114,3,2,5,5,10
1750,4200,2103,2097,0,59,"NSW","Remote","6:00 PM - 12:00 AM",1,0,0,3,168,1,4,5,6,11
350,722,0,722,1,25,"VIC","Urban","6:00 PM - 12:00 AM",1,1,1,1,120,1,3,10,9,19
1756,4141,2183,1958,1,54,"NSW","Urban","6:00 PM - 12:00 AM",1,0,0,3,48,3,3,8,3,11
394,4428,2437,1991,1,58,"VIC","Regional","6:00 PM - 12:00 AM",0,0,0,3,132,2,2,9,9,18
864,4434,2090,2344,0,48,"QLD","Urban","6:00 PM - 12:00 AM",0,1,0,3,162,4,3,4,8,12
458,4534,2616,1918,1,54,"NSW","Urban","12:00 PM - 6:00 PM",0,0,0,3,132,2,2,4,6,10
1463,3110,1698,1412,1,59,"SA","Regional","6:00 AM - 12:00 PM",0,0,0,3,138,3,3,10,6,16
1065,1836,1600,236,1,50,"VIC","Urban","6:00 AM - 12:00 PM",0,0,0,1,126,1,2,7,9,16
678,227,0,227,0,51,"NSW","Urban","6:00 PM - 12:00 AM",0,1,1,3,84,1,4,10,10,20
730,226,0,226,0,46,"NSW","Regional","6:00 PM - 12:00 AM",1,1,0,2,150,1,3,8,7,15
714,1392,0,1392,0,36,"QLD","Regional","6:00 PM - 12:00 AM",0,0,1,3,24,1,3,1,1,2
377,3167,1792,1375,0,58,"VIC","Urban","6:00 PM - 12:00 AM",0,1,0,1,132,3,3,4,4,8
453,1555,1228,327,0,40,"QLD","Remote","6:00 PM - 12:00 AM",1,1,1,2,144,1,4,10,10,20
1855,4591,2249,2342,1,51,"NSW","Regional","6:00 PM - 12:00 AM",1,0,0,3,84,4,4,10,10,20
618,213,0,213,0,60,"SA","Urban","6:00 PM - 12:00 AM",1,1,0,3,114,1,3,7,2,9
163,1712,1325,387,0,26,"TAS","Regional","12:00 AM - 6:00 AM",1,1,0,2,132,2,4,8,5,13
701,1077,0,1077,0,31,"NSW","Urban","6:00 PM - 12:00 AM",0,1,1,3,72,2,2,10,9,19
714,1392,0,1392,0,36,"QLD","Regional","6:00 PM - 12:00 AM",0,0,1,3,24,1,3,1,1,2
333,1600,0,1600,0,50,"VIC","Urban","6:00 PM - 12:00 AM",1,1,0,3,114,3,2,7,6,13
605,4436,2231,2205,1,54,"QLD","Urban","6:00 PM - 12:00 AM",0,0,0,3,78,2,2,9,10,19
608,343,0,343,0,24,"VIC","Urban","6:00 PM - 12:00 AM",1,1,0,1,144,2,1,8,8,16
387,3624,2071,1553,0,49,"NSW","Urban","6:00 PM - 12:00 AM",0,0,0,3,36,1,4,8,9,17
64,130,0,130,1,22,"VIC","Urban","12:00 AM - 6:00 AM",0,1,0,3,174,1,2,2,1,3
394,4428,2437,1991,1,58,"VIC","Regional","6:00 PM - 12:00 AM",0,0,0,3,132,2,2,9,9,18
274,545,0,545,0,21,"NSW","Remote","12:00 AM - 6:00 AM",1,1,1,2,36,2,3,3,7,10
781,277,0,277,1,50,"NSW","Urban","6:00 PM - 12:00 AM",1,0,0,3,72,1,3,6,7,13
1415,3168,1786,1382,0,42,"VIC","Urban","6:00 AM - 12:00 PM",1,0,1,2,162,1,2,8,6,14
1027,580,0,580,0,33,"VIC","Regional","6:00 AM - 12:00 PM",1,1,1,1,60,2,4,9,9,18
1510,4274,2427,1847,1,52,"NSW","Urban","6:00 AM - 12:00 PM",0,0,0,3,42,2,4,9,8,17
953,257,0,257,1,18,"TAS","Regional","6:00 AM - 12:00 PM",1,1,0,3,18,1,3,2,1,3
1366,511,0,511,1,22,"NSW","Urban","6:00 AM - 12:00 PM",0,1,1,3,12,2,1,1,1,2
284,3464,1887,1577,1,51,"NT","Remote","12:00 AM - 6:00 AM",0,0,1,3,150,3,3,4,2,6
299,2361,1362,999,1,40,"ACT","Regional","12:00 AM - 6:00 AM",1,0,0,2,72,2,4,4,4,8
749,3363,1764,1599,1,52,"QLD","Urban","6:00 PM - 12:00 AM",0,0,0,2,114,3,2,6,6,12
1570,4038,2211,1827,0,51,"WA","Urban","6:00 AM - 12:00 PM",0,1,0,3,156,1,4,7,9,16
1797,3242,1613,1629,1,59,"SA","Regional","6:00 PM - 12:00 AM",0,0,0,3,168,2,3,2,2,4
1163,924,0,924,1,31,"NSW","Regional","6:00 AM - 12:00 PM",0,1,1,3,12,2,4,6,6,12
1278,3421,1946,1475,1,46,"NSW","Urban","6:00 AM - 12:00 PM",0,0,0,3,12,2,3,0,4,4
1854,4296,2417,1879,0,46,"VIC","Remote","6:00 PM - 12:00 AM",1,0,1,2,150,4,2,9,6,15
569,3527,2169,1358,1,50,"NSW","Regional","12:00 PM - 6:00 PM",0,0,1,2,126,1,4,10,10,20
1290,603,0,603,0,30,"VIC","Urban","6:00 AM - 12:00 PM",0,1,1,3,168,2,4,6,7,13
1188,4319,2352,1967,1,58,"NSW","Remote","6:00 AM - 12:00 PM",0,0,1,3,114,4,3,5,8,13
1535,4305,2300,2005,0,58,"QLD","Remote","12:00 PM - 6:00 PM",0,0,0,3,90,2,3,5,8,13
521,2935,1641,1294,1,44,"QLD","Regional","6:00 PM - 12:00 AM",0,1,0,3,132,2,2,8,7,15
559,216,0,216,1,20,"NSW","Urban","6:00 PM - 12:00 AM",0,1,0,3,162,1,2,8,8,16
1051,1797,0,1797,1,59,"VIC","Regional","6:00 AM - 12:00 PM",0,1,1,3,120,3,2,6,9,15
1774,1612,1366,246,0,45,"NSW","Urban","6:00 PM - 12:00 AM",1,1,0,1,84,2,2,9,10,19
1356,212,0,212,0,28,"NSW","Urban","6:00 AM - 12:00 PM",0,1,0,3,168,1,3,2,1,3
399,1048,0,1048,1,43,"ACT","Regional","6:00 PM - 12:00 AM",1,1,1,1,18,2,2,0,0,0
741,1504,0,1504,0,31,"QLD","Urban","6:00 PM - 12:00 AM",0,0,0,1,60,1,3,9,6,15
1892,1587,1286,301,0,29,"VIC","Urban","6:00 PM - 12:00 AM",1,0,0,3,48,1,4,8,4,12
1477,193,0,193,0,39,"NSW","Urban","6:00 AM - 12:00 PM",1,0,0,1,72,1,3,7,2,9
1812,518,0,518,1,28,"TAS","Urban","6:00 PM - 12:00 AM",0,1,0,1,66,2,3,5,4,9
76,603,0,603,1,26,"NSW","Regional","12:00 AM - 6:00 AM",0,1,1,1,12,1,3,0,0,0
825,3689,2066,1623,0,43,"NSW","Urban","6:00 PM - 12:00 AM",0,0,0,2,12,1,5,0,0,0
768,201,0,201,1,33,"WA","Regional","12:00 PM - 6:00 PM",1,1,1,3,78,1,2,4,3,7
513,3710,2013,1697,0,58,"QLD","Remote","12:00 PM - 6:00 PM",0,0,1,1,48,2,2,9,10,19
1866,3541,2038,1503,1,44,"QLD","Urban","6:00 PM - 12:00 AM",0,0,1,3,102,4,2,7,8,15
1106,239,0,239,0,21,"NSW","Regional","6:00 AM - 12:00 PM",1,1,0,3,96,1,3,10,10,20
352,3223,2019,1204,0,59,"VIC","Remote","6:00 PM - 12:00 AM",0,0,1,1,138,1,3,6,7,13
121,1345,0,1345,0,39,"VIC","Urban","12:00 AM - 6:00 AM",0,0,0,2,72,1,3,9,9,18
1447,270,0,270,1,22,"ACT","Urban","12:00 PM - 6:00 PM",1,1,1,2,24,2,3,4,1,5
1983,195,0,195,1,24,"NSW","Urban","6:00 PM - 12:00 AM",1,1,1,3,66,1,4,6,6,12
1240,1198,0,1198,0,39,"TAS","Urban","6:00 AM - 12:00 PM",0,1,1,3,78,2,3,8,10,18
1168,1401,1121,280,1,31,"QLD","Urban","6:00 AM - 12:00 PM",1,1,1,3,24,2,4,2,0,2
1915,4383,2440,1943,0,43,"SA","Urban","6:00 PM - 12:00 AM",1,0,0,3,84,4,2,10,10,20
206,4426,2547,1879,1,43,"QLD","Urban","12:00 AM - 6:00 AM",0,0,1,3,78,4,4,9,9,18
951,702,0,702,1,37,"NSW","Regional","6:00 AM - 12:00 PM",1,1,0,2,168,2,3,3,2,5
1698,3101,1842,1259,0,60,"SA","Urban","6:00 PM - 12:00 AM",0,0,1,3,36,3,2,10,7,17
287,217,0,217,1,29,"NSW","Regional","12:00 AM - 6:00 AM",1,0,1,1,102,1,3,10,5,15
803,178,0,178,1,40,"VIC","Regional","6:00 PM - 12:00 AM",1,1,0,3,138,1,3,5,5,10
260,2664,1612,1052,1,45,"NSW","Regional","12:00 AM - 6:00 AM",0,0,0,3,30,4,4,10,9,19
986,654,0,654,1,43,"QLD","Regional","6:00 AM - 12:00 PM",1,1,0,3,60,1,2,5,5,10
191,1413,1217,196,1,30,"NT","Urban","12:00 PM - 6:00 PM",1,1,0,3,84,2,2,8,3,11
1163,924,0,924,1,31,"NSW","Regional","6:00 AM - 12:00 PM",0,1,1,3,12,2,4,6,6,12
1812,518,0,518,1,28,"TAS","Urban","6:00 PM - 12:00 AM",0,1,0,1,66,2,3,5,4,9
1770,942,0,942,1,33,"NSW","Urban","6:00 PM - 12:00 AM",0,1,0,3,168,1,3,3,0,3
558,403,0,403,1,26,"NT","Regional","12:00 PM - 6:00 PM",0,1,1,3,162,1,2,2,2,4
344,1726,1381,345,0,42,"QLD","Urban","6:00 PM - 12:00 AM",1,1,0,2,60,2,3,5,5,10
1123,4148,2211,1937,1,57,"NSW","Regional","6:00 AM - 12:00 PM",0,0,1,3,126,1,4,10,10,20
1387,177,0,177,0,49,"SA","Urban","6:00 AM - 12:00 PM",1,1,0,3,150,1,2,5,5,10
1447,270,0,270,1,22,"ACT","Urban","12:00 PM - 6:00 PM",1,1,1,2,24,2,3,4,1,5
1225,641,0,641,0,37,"WA","Urban","12:00 PM - 6:00 PM",1,1,1,1,108,1,4,4,7,11
458,4534,2616,1918,1,54,"NSW","Urban","12:00 PM - 6:00 PM",0,0,0,3,132,2,2,4,6,10
1073,310,0,310,0,20,"SA","Remote","6:00 AM - 12:00 PM",1,1,0,3,84,1,5,7,4,11
1588,3305,1861,1444,0,54,"NSW","Urban","6:00 AM - 12:00 PM",0,1,1,3,54,3,3,3,7,10
318,3657,2101,1556,1,47,"SA","Regional","6:00 PM - 12:00 AM",0,0,0,3,132,3,3,10,9,19
1489,4181,2112,2069,0,53,"TAS","Urban","6:00 AM - 12:00 PM",0,0,1,2,174,1,1,4,5,9
163,1712,1325,387,0,26,"TAS","Regional","12:00 AM - 6:00 AM",1,1,0,2,132,2,4,8,5,13
1169,234,0,234,1,26,"NSW","Urban","12:00 PM - 6:00 PM",0,1,1,3,54,1,4,10,10,20
448,3772,2042,1730,1,58,"NT","Urban","6:00 PM - 12:00 AM",0,0,0,3,24,1,2,2,6,8
473,628,0,628,1,36,"VIC","Urban","6:00 PM - 12:00 AM",0,1,0,2,66,2,4,10,10,20
189,1853,1477,376,0,29,"TAS","Urban","12:00 AM - 6:00 AM",1,1,1,3,138,2,4,9,10,19
1772,2829,1777,1052,1,47,"VIC","Remote","6:00 PM - 12:00 AM",0,0,0,1,108,3,3,8,8,16
1719,2055,1843,212,1,40,"ACT","Urban","6:00 PM - 12:00 AM",1,1,1,3,60,1,3,7,6,13
2000,1884,0,1884,0,56,"TAS","Regional","6:00 PM - 12:00 AM",0,0,0,3,30,2,4,5,5,10
1489,4181,2112,2069,0,53,"TAS","Urban","6:00 AM - 12:00 PM",0,0,1,2,174,1,1,4,5,9
229,1751,1450,301,1,31,"NSW","Remote","12:00 AM - 6:00 AM",1,0,0,2,132,2,4,9,8,17
624,4465,2054,2411,1,55,"NSW","Regional","12:00 PM - 6:00 PM",0,0,0,3,54,3,4,5,5,10
548,285,0,285,1,24,"ACT","Urban","6:00 PM - 12:00 AM",1,1,0,2,30,2,3,0,0,0
1076,247,0,247,1,60,"WA","Regional","6:00 AM - 12:00 PM",1,1,0,1,144,1,2,0,3,3
237,162,0,162,0,27,"NSW","Urban","12:00 AM - 6:00 AM",1,1,1,3,174,1,1,5,7,12
1885,4236,2084,2152,0,46,"VIC","Urban","6:00 PM - 12:00 AM",1,0,0,3,162,2,4,2,0,2
386,848,0,848,0,44,"WA","Urban","6:00 PM - 12:00 AM",1,1,0,3,156,1,2,4,5,9
1662,1113,0,1113,0,41,"VIC","Urban","6:00 PM - 12:00 AM",1,1,1,3,102,1,2,9,9,18
741,1504,0,1504,0,31,"QLD","Urban","6:00 PM - 12:00 AM",0,0,0,1,60,1,3,9,6,15
487,373,0,373,1,28,"VIC","Remote","6:00 PM - 12:00 AM",1,1,1,3,132,2,4,9,9,18
1732,3481,1736,1745,1,59,"SA","Urban","6:00 PM - 12:00 AM",1,0,0,3,72,4,3,7,9,16
1971,3150,1676,1474,1,48,"SA","Urban","6:00 PM - 12:00 AM",0,0,0,3,36,2,3,2,2,4
14,273,0,273,0,24,"VIC","Urban","12:00 PM - 6:00 PM",1,1,0,2,24,1,3,1,4,5
1299,307,0,307,1,22,"NSW","Regional","6:00 AM - 12:00 PM",1,1,0,3,126,1,3,8,8,16
1395,679,0,679,1,34,"VIC","Regional","6:00 AM - 12:00 PM",1,1,1,1,72,1,2,5,5,10
718,1929,1685,244,0,31,"WA","Regional","6:00 PM - 12:00 AM",0,1,1,2,90,1,3,7,7,14
1640,430,0,430,0,23,"ACT","Regional","6:00 PM - 12:00 AM",1,1,1,3,48,1,4,8,10,18
284,3464,1887,1577,1,51,"NT","Remote","12:00 AM - 6:00 AM",0,0,1,3,150,3,3,4,2,6
1609,230,0,230,0,46,"NSW","Regional","6:00 AM - 12:00 PM",1,1,0,3,36,1,2,7,3,10
553,856,0,856,0,27,"ACT","Regional","6:00 PM - 12:00 AM",1,1,0,1,72,1,3,5,6,11
449,1729,1410,319,1,40,"NT","Urban","6:00 PM - 12:00 AM",1,1,0,3,72,1,5,6,5,11
20,217,0,217,1,25,"NSW","Urban","12:00 AM - 6:00 AM",1,1,0,3,174,1,2,6,2,8
21,581,0,581,1,31,"TAS","Regional","12:00 AM - 6:00 AM",1,1,1,3,132,2,3,3,2,5
70,425,0,425,1,23,"VIC","Urban","12:00 AM - 6:00 AM",0,1,1,2,132,1,3,5,9,14
1248,213,0,213,1,24,"NSW","Urban","6:00 AM - 12:00 PM",0,1,0,2,48,1,3,0,2,2
171,601,0,601,0,25,"TAS","Urban","12:00 AM - 6:00 AM",1,1,0,2,36,1,4,3,0,3
161,926,0,926,0,38,"NSW","Urban","12:00 AM - 6:00 AM",1,1,1,3,18,1,3,4,4,8
687,349,0,349,0,25,"NSW","Regional","6:00 PM - 12:00 AM",1,0,1,1,108,1,5,6,6,12
1710,2290,1999,291,0,44,"QLD","Regional","6:00 PM - 12:00 AM",0,1,1,3,138,3,3,9,9,18
1909,1049,0,1049,0,37,"NSW","Regional","6:00 PM - 12:00 AM",1,0,0,1,24,1,3,7,5,12
1079,4649,2790,1859,1,55,"NSW","Regional","12:00 PM - 6:00 PM",1,0,0,3,156,4,4,3,4,7
1957,1142,0,1142,0,43,"QLD","Remote","12:00 PM - 6:00 PM",0,1,0,3,114,2,3,4,8,12
1910,219,0,219,1,53,"TAS","Regional","6:00 PM - 12:00 AM",0,0,0,3,102,1,5,10,10,20
388,179,0,179,0,55,"QLD","Urban","6:00 PM - 12:00 AM",1,1,0,3,18,1,3,0,0,0
1707,3179,1576,1603,1,49,"VIC","Urban","6:00 PM - 12:00 AM",1,0,1,1,66,4,1,7,10,17
1344,529,0,529,0,34,"QLD","Remote","6:00 AM - 12:00 PM",0,1,0,1,78,1,2,7,6,13
1851,531,0,531,1,31,"NSW","Urban","6:00 PM - 12:00 AM",1,1,0,3,30,2,3,0,0,0
1617,316,0,316,1,51,"NT","Urban","6:00 PM - 12:00 AM",1,1,0,3,144,2,1,6,9,15
1605,2956,1694,1262,0,42,"NSW","Regional","6:00 AM - 12:00 PM",0,0,0,2,12,1,5,6,6,12
1390,628,0,628,1,39,"NSW","Urban","6:00 AM - 12:00 PM",1,1,1,3,48,2,2,2,3,5
103,404,0,404,1,21,"NT","Urban","12:00 AM - 6:00 AM",0,1,0,1,180,1,3,0,0,0
1346,1474,1184,290,1,26,"WA","Urban","6:00 AM - 12:00 PM",0,1,1,1,138,2,3,8,7,15
1848,288,0,288,1,27,"NT","Urban","6:00 PM - 12:00 AM",0,1,0,3,108,1,2,7,6,13
297,3977,2220,1757,0,59,"NSW","Urban","12:00 AM - 6:00 AM",0,1,0,1,126,4,3,10,9,19
1270,4187,2300,1887,1,51,"NSW","Regional","6:00 AM - 12:00 PM",1,0,1,1,138,2,3,9,4,13
1815,446,0,446,0,27,"ACT","Urban","6:00 PM - 12:00 AM",0,1,1,2,132,1,4,10,10,20
888,1373,1137,236,1,21,"WA","Urban","6:00 AM - 12:00 PM",1,1,0,3,48,1,3,3,1,4
120,694,0,694,1,22,"VIC","Regional","12:00 AM - 6:00 AM",0,0,0,3,18,1,2,0,2,2
120,694,0,694,1,22,"VIC","Regional","12:00 AM - 6:00 AM",0,0,0,3,18,1,2,0,2,2
1077,465,0,465,1,29,"NSW","Urban","6:00 AM - 12:00 PM",1,1,0,2,60,2,3,6,5,11
1377,742,0,742,1,29,"NSW","Regional","6:00 AM - 12:00 PM",1,1,0,1,126,1,4,4,4,8
554,431,0,431,1,22,"WA","Urban","6:00 PM - 12:00 AM",0,1,0,3,138,2,2,9,8,17
777,544,0,544,0,26,"NSW","Regional","6:00 PM - 12:00 AM",1,1,1,3,126,1,2,8,5,13
798,214,0,214,1,51,"VIC","Urban","6:00 PM - 12:00 AM",1,0,0,3,120,1,3,6,5,11
53,466,0,466,1,29,"WA","Urban","12:00 AM - 6:00 AM",1,1,1,3,138,1,3,10,9,19
847,2179,1923,256,1,38,"NSW","Urban","6:00 PM - 12:00 AM",1,1,1,3,36,2,3,10,6,16
1839,1336,0,1336,1,42,"TAS","Urban","6:00 PM - 12:00 AM",0,1,0,3,30,1,2,1,1,2
187,3816,2198,1618,0,44,"NT","Urban","12:00 AM - 6:00 AM",0,0,0,3,120,1,1,4,4,8
547,170,0,170,0,33,"NSW","Urban","6:00 PM - 12:00 AM",1,1,1,3,168,1,3,7,7,14
1814,1229,0,1229,0,40,"VIC","Remote","6:00 PM - 12:00 AM",1,1,1,3,114,1,4,10,10,20
1343,1394,1092,302,1,37,"NT","Urban","6:00 AM - 12:00 PM",1,1,0,2,84,1,4,7,3,10
1379,1388,1186,202,1,30,"ACT","Urban","6:00 AM - 12:00 PM",0,1,0,2,90,1,3,10,10,20
1986,403,0,403,0,20,"ACT","Regional","6:00 PM - 12:00 AM",1,1,1,3,12,2,2,0,0,0
1796,4034,2045,1989,1,60,"VIC","Remote","6:00 PM - 12:00 AM",0,0,0,2,36,3,3,5,1,6
206,4426,2547,1879,1,43,"QLD","Urban","12:00 AM - 6:00 AM",0,0,1,3,78,4,4,9,9,18
769,4401,2028,2373,1,44,"NSW","Regional","6:00 PM - 12:00 AM",0,0,1,3,30,4,4,5,4,9
320,3354,1954,1400,1,53,"VIC","Urban","6:00 PM - 12:00 AM",0,0,1,3,162,1,3,8,10,18
423,381,0,381,1,26,"VIC","Urban","6:00 PM - 12:00 AM",0,1,0,1,48,1,2,3,3,6
1063,1358,0,1358,1,55,"QLD","Regional","6:00 AM - 12:00 PM",0,1,0,3,54,1,3,9,6,15
1666,281,0,281,0,23,"NSW","Regional","6:00 PM - 12:00 AM",1,1,1,3,36,1,2,8,8,16
1338,132,0,132,0,24,"NSW","Regional","6:00 AM - 12:00 PM",0,1,1,3,24,1,4,4,7,11
1846,484,0,484,0,27,"NSW","Regional","12:00 PM - 6:00 PM",0,1,1,3,90,1,5,10,10,20
1898,192,0,192,0,47,"NT","Urban","6:00 PM - 12:00 AM",0,0,0,1,78,1,3,10,10,20
1063,1358,0,1358,1,55,"QLD","Regional","6:00 AM - 12:00 PM",0,1,0,3,54,1,3,9,6,15
1921,4222,2411,1811,1,43,"TAS","Urban","6:00 PM - 12:00 AM",1,1,1,2,150,1,5,10,10,20
33,1743,1350,393,1,37,"WA","Urban","12:00 AM - 6:00 AM",0,1,0,3,12,2,4,0,0,0
678,227,0,227,0,51,"NSW","Urban","6:00 PM - 12:00 AM",0,1,1,3,84,1,4,10,10,20
1657,936,0,936,1,39,"NSW","Regional","12:00 PM - 6:00 PM",0,1,0,3,114,1,4,9,10,19
1816,3985,2285,1700,1,53,"NT","Urban","6:00 PM - 12:00 AM",0,0,0,1,180,2,4,5,9,14
1631,379,0,379,0,28,"VIC","Urban","6:00 PM - 12:00 AM",1,1,0,2,54,1,2,3,2,5
175,1964,1670,294,0,33,"NSW","Urban","12:00 AM - 6:00 AM",1,1,0,2,162,2,2,9,5,14
965,234,0,234,1,39,"VIC","Regional","6:00 AM - 12:00 PM",1,1,0,1,174,1,2,2,3,5
1254,266,0,266,0,24,"NSW","Urban","6:00 AM - 12:00 PM",1,1,0,1,30,1,2,1,2,3
785,196,0,196,1,54,"VIC","Regional","6:00 PM - 12:00 AM",1,0,1,3,174,1,2,5,5,10
1189,260,0,260,0,23,"VIC","Remote","6:00 AM - 12:00 PM",0,1,0,1,138,1,4,10,10,20
1429,2087,1621,466,0,38,"NSW","Regional","6:00 AM - 12:00 PM",0,0,0,1,18,1,4,8,7,15
1070,2185,1718,467,0,56,"TAS","Urban","6:00 AM - 12:00 PM",0,1,1,3,144,2,4,4,4,8
265,236,0,236,1,59,"TAS","Urban","12:00 AM - 6:00 AM",1,0,0,3,66,1,2,7,7,14
1287,308,0,308,1,22,"ACT","Urban","6:00 AM - 12:00 PM",1,1,0,3,162,1,1,4,3,7
1510,4274,2427,1847,1,52,"NSW","Urban","6:00 AM - 12:00 PM",0,0,0,3,42,2,4,9,8,17
1839,1336,0,1336,1,42,"TAS","Urban","6:00 PM - 12:00 AM",0,1,0,3,30,1,2,1,1,2
36,754,0,754,0,31,"NT","Remote","12:00 PM - 6:00 PM",1,1,0,2,102,1,1,10,9,19
942,2076,1525,551,0,49,"VIC","Regional","6:00 AM - 12:00 PM",1,1,0,3,90,1,3,6,6,12
1221,314,0,314,1,22,"WA","Urban","6:00 AM - 12:00 PM",0,1,0,3,36,2,1,7,3,10
894,1411,0,1411,1,41,"NT","Urban","6:00 AM - 12:00 PM",0,0,0,1,90,1,3,10,10,20
1906,4768,2673,2095,1,56,"NSW","Remote","6:00 PM - 12:00 AM",1,0,0,3,180,1,4,0,0,0
794,929,0,929,1,36,"QLD","Urban","6:00 PM - 12:00 AM",1,1,1,2,126,2,1,8,10,18
471,3013,1747,1266,0,56,"NSW","Urban","6:00 PM - 12:00 AM",1,0,0,2,156,2,3,1,5,6
1915,4383,2440,1943,0,43,"SA","Urban","6:00 PM - 12:00 AM",1,0,0,3,84,4,2,10,10,20
645,216,0,216,0,58,"ACT","Urban","6:00 PM - 12:00 AM",0,1,0,3,78,1,2,4,7,11
59,967,0,967,0,45,"WA","Urban","12:00 AM - 6:00 AM",0,1,0,3,72,2,2,7,3,10
1013,286,0,286,0,20,"NSW","Urban","12:00 PM - 6:00 PM",0,1,1,2,54,2,3,6,5,11
1723,206,0,206,1,31,"NSW","Urban","6:00 PM - 12:00 AM",1,1,1,3,150,1,3,4,6,10
1278,3421,1946,1475,1,46,"NSW","Urban","6:00 AM - 12:00 PM",0,0,0,3,12,2,3,0,4,4
1391,241,0,241,0,22,"VIC","Urban","12:00 PM - 6:00 PM",1,1,0,2,126,1,5,8,8,16
956,486,0,486,1,37,"NT","Remote","6:00 AM - 12:00 PM",1,1,1,3,114,1,3,10,10,20
527,176,0,176,1,46,"TAS","Remote","6:00 PM - 12:00 AM",0,1,1,2,180,1,3,2,0,2
29,3636,2163,1473,0,46,"NSW","Regional","12:00 AM - 6:00 AM",0,0,1,3,54,4,2,8,7,15
46,279,0,279,0,23,"ACT","Urban","12:00 AM - 6:00 AM",1,1,1,3,144,2,4,8,5,13
1480,205,0,205,0,21,"WA","Urban","12:00 PM - 6:00 PM",0,1,0,1,150,1,3,3,3,6
1063,1358,0,1358,1,55,"QLD","Regional","6:00 AM - 12:00 PM",0,1,0,3,54,1,3,9,6,15
1123,4148,2211,1937,1,57,"NSW","Regional","6:00 AM - 12:00 PM",0,0,1,3,126,1,4,10,10,20
763,774,0,774,0,27,"QLD","Regional","6:00 PM - 12:00 AM",1,1,0,3,114,1,3,10,10,20
291,237,0,237,1,21,"VIC","Urban","12:00 PM - 6:00 PM",1,1,0,1,18,1,2,2,0,2
1813,3126,1635,1491,1,48,"NSW","Regional","12:00 PM - 6:00 PM",0,0,0,3,96,2,4,8,4,12
58,368,0,368,1,25,"NT","Regional","12:00 PM - 6:00 PM",1,1,1,3,138,2,3,8,10,18
76,603,0,603,1,26,"NSW","Regional","12:00 AM - 6:00 AM",0,1,1,1,12,1,3,0,0,0
1151,977,0,977,0,29,"VIC","Urban","6:00 AM - 12:00 PM",1,1,0,1,114,1,3,7,2,9
1455,3203,1676,1527,0,59,"NSW","Urban","6:00 AM - 12:00 PM",0,1,1,3,180,2,3,5,0,5
238,345,0,345,1,25,"NSW","Urban","12:00 AM - 6:00 AM",1,0,0,3,84,1,3,7,2,9
1279,3939,2348,1591,0,46,"NSW","Urban","6:00 AM - 12:00 PM",0,0,1,3,60,4,4,6,5,11
487,373,0,373,1,28,"VIC","Remote","6:00 PM - 12:00 AM",1,1,1,3,132,2,4,9,9,18
90,396,0,396,1,23,"SA","Urban","12:00 AM - 6:00 AM",0,0,0,3,132,1,4,8,8,16
588,1082,0,1082,1,35,"WA","Urban","6:00 PM - 12:00 AM",1,1,1,3,174,2,2,0,0,0
706,3357,1946,1411,0,59,"NSW","Remote","6:00 PM - 12:00 AM",0,0,0,3,162,2,2,2,2,4
134,3978,2217,1761,1,48,"NT","Remote","12:00 AM - 6:00 AM",1,0,1,3,66,4,2,4,4,8
1701,1505,1311,194,0,38,"VIC","Urban","6:00 PM - 12:00 AM",1,1,1,3,168,1,4,7,5,12
1947,177,0,177,1,21,"NSW","Urban","6:00 PM - 12:00 AM",1,1,1,3,180,1,4,0,2,2
722,200,0,200,1,41,"ACT","Regional","6:00 PM - 12:00 AM",0,0,0,1,48,1,4,4,4,8
688,3384,1934,1450,1,55,"SA","Regional","6:00 PM - 12:00 AM",0,0,0,1,120,2,2,8,4,12
760,170,0,170,1,38,"TAS","Urban","6:00 PM - 12:00 AM",1,1,1,3,120,1,4,8,7,15
491,1618,0,1618,0,43,"VIC","Remote","12:00 PM - 6:00 PM",0,1,0,3,90,2,3,8,8,16
1390,628,0,628,1,39,"NSW","Urban","6:00 AM - 12:00 PM",1,1,1,3,48,2,2,2,3,5
1703,3670,1813,1857,0,49,"QLD","Urban","6:00 PM - 12:00 AM",1,0,0,3,150,3,2,8,10,18
1414,388,0,388,0,20,"NSW","Regional","6:00 AM - 12:00 PM",1,0,1,2,168,1,2,8,3,11
1381,1102,0,1102,1,26,"NSW","Regional","6:00 AM - 12:00 PM",0,1,1,1,36,1,3,2,0,2
1979,4197,2397,1800,0,47,"NSW","Urban","12:00 PM - 6:00 PM",1,0,1,3,12,2,2,2,6,8
1009,909,0,909,0,45,"VIC","Urban","6:00 AM - 12:00 PM",1,1,0,3,78,2,3,6,5,11
1785,3762,2255,1507,0,54,"WA","Regional","6:00 PM - 12:00 AM",1,0,1,1,84,4,3,10,10,20
1537,221,0,221,1,56,"NSW","Urban","6:00 AM - 12:00 PM",1,0,0,3,162,1,4,4,4,8
1966,4179,2195,1984,1,51,"NSW","Urban","6:00 PM - 12:00 AM",0,0,0,3,90,1,3,4,5,9
415,1378,1136,242,0,37,"NSW","Urban","6:00 PM - 12:00 AM",0,1,1,3,114,1,3,8,7,15
1098,2037,1526,511,1,40,"VIC","Urban","6:00 AM - 12:00 PM",1,1,0,3,162,1,3,0,3,3
202,283,0,283,0,20,"TAS","Urban","12:00 PM - 6:00 PM",1,1,0,3,84,1,3,3,3,6
307,1337,1166,171,1,25,"QLD","Regional","6:00 PM - 12:00 AM",1,1,1,3,168,1,3,0,3,3
603,400,0,400,1,28,"NSW","Urban","6:00 PM - 12:00 AM",0,1,0,3,66,1,3,7,7,14
585,3519,1850,1669,0,59,"NT","Regional","6:00 PM - 12:00 AM",0,0,0,3,24,3,3,6,7,13
1287,308,0,308,1,22,"ACT","Urban","6:00 AM - 12:00 PM",1,1,0,3,162,1,1,4,3,7
1184,327,0,327,1,24,"NSW","Urban","6:00 AM - 12:00 PM",0,1,1,3,24,2,2,1,3,4
1425,3710,2054,1656,0,46,"NT","Regional","6:00 AM - 12:00 PM",1,1,0,2,162,2,4,6,6,12
1150,1745,1494,251,0,42,"QLD","Urban","6:00 AM - 12:00 PM",1,1,1,3,162,1,4,2,1,3
1892,1587,1286,301,0,29,"VIC","Urban","6:00 PM - 12:00 AM",1,0,0,3,48,1,4,8,4,12
19,3387,2250,1137,0,58,"NSW","Urban","12:00 AM - 6:00 AM",1,0,0,1,60,4,3,4,5,9
840,323,0,323,1,22,"ACT","Urban","6:00 PM - 12:00 AM",1,0,1,2,114,1,1,10,6,16
985,161,0,161,1,44,"VIC","Urban","6:00 AM - 12:00 PM",1,1,0,2,168,1,4,5,4,9
126,3009,1762,1247,1,41,"ACT","Urban","12:00 AM - 6:00 AM",0,0,0,3,78,1,3,10,9,19
419,169,0,169,1,26,"SA","Remote","6:00 PM - 12:00 AM",1,1,1,3,90,1,2,10,10,20
82,469,0,469,0,24,"QLD","Urban","12:00 AM - 6:00 AM",0,0,0,3,108,1,1,8,5,13
1943,991,0,991,1,35,"NSW","Urban","6:00 PM - 12:00 AM",0,0,0,3,48,2,3,9,9,18
1822,312,0,312,1,23,"QLD","Urban","6:00 PM - 12:00 AM",1,1,0,3,96,2,3,10,10,20
1073,310,0,310,0,20,"SA","Remote","6:00 AM - 12:00 PM",1,1,0,3,84,1,5,7,4,11
38,209,0,209,1,48,"TAS","Urban","12:00 AM - 6:00 AM",0,1,0,1,150,1,3,8,8,16
1401,373,0,373,1,24,"TAS","Urban","6:00 AM - 12:00 PM",0,0,0,3,120,1,3,7,7,14
201,4456,2135,2321,1,52,"NSW","Urban","12:00 AM - 6:00 AM",0,0,1,1,174,4,3,8,5,13
1786,4822,2593,2229,0,52,"SA","Urban","6:00 PM - 12:00 AM",1,0,0,3,108,1,3,10,10,20
1886,1916,1606,310,1,35,"NSW","Urban","6:00 PM - 12:00 AM",0,1,1,1,96,1,2,8,5,13
696,1508,1398,110,0,29,"TAS","Urban","6:00 PM - 12:00 AM",0,1,0,3,132,2,5,10,7,17
702,4482,2455,2027,0,59,"TAS","Urban","12:00 PM - 6:00 PM",0,0,0,2,66,4,3,8,7,15
1899,1457,1269,188,1,27,"NT","Remote","6:00 PM - 12:00 AM",1,0,0,3,90,1,4,10,9,19
1467,367,0,367,0,21,"NSW","Urban","6:00 AM - 12:00 PM",1,1,1,3,138,2,4,4,7,11
1754,143,0,143,1,59,"QLD","Urban","6:00 PM - 12:00 AM",0,1,0,2,66,1,3,8,10,18
369,4152,2281,1871,1,60,"QLD","Urban","12:00 PM - 6:00 PM",0,0,0,2,36,1,3,3,3,6
271,474,0,474,1,24,"NSW","Regional","12:00 AM - 6:00 AM",1,0,1,3,54,2,4,4,7,11
1003,428,0,428,0,27,"NSW","Urban","6:00 AM - 12:00 PM",1,1,0,3,120,2,4,10,10,20
547,170,0,170,0,33,"NSW","Urban","6:00 PM - 12:00 AM",1,1,1,3,168,1,3,7,7,14
1496,174,0,174,1,56,"NSW","Regional","6:00 AM - 12:00 PM",1,0,1,1,102,1,2,8,8,16
1491,3040,1544,1496,1,58,"VIC","Urban","12:00 PM - 6:00 PM",1,0,1,3,60,4,4,10,10,20
532,268,0,268,1,53,"VIC","Regional","6:00 PM - 12:00 AM",0,1,0,3,174,1,3,0,0,0
439,4782,2342,2440,1,57,"NSW","Urban","6:00 PM - 12:00 AM",1,0,1,2,126,4,2,8,3,11
1389,199,0,199,0,34,"VIC","Regional","6:00 AM - 12:00 PM",1,1,0,3,162,1,2,7,6,13
1345,298,0,298,0,25,"NSW","Urban","6:00 AM - 12:00 PM",1,1,0,3,150,1,3,7,5,12
1316,3594,1905,1689,1,50,"TAS","Urban","6:00 AM - 12:00 PM",0,0,1,3,42,3,3,5,9,14
986,654,0,654,1,43,"QLD","Regional","6:00 AM - 12:00 PM",1,1,0,3,60,1,2,5,5,10
779,1482,1256,226,0,26,"VIC","Urban","12:00 PM - 6:00 PM",1,1,1,1,48,1,3,3,2,5
1866,3541,2038,1503,1,44,"QLD","Urban","6:00 PM - 12:00 AM",0,0,1,3,102,4,2,7,8,15
763,774,0,774,0,27,"QLD","Regional","6:00 PM - 12:00 AM",1,1,0,3,114,1,3,10,10,20
1342,281,0,281,1,24,"TAS","Regional","6:00 AM - 12:00 PM",1,1,0,3,168,1,5,4,2,6
1622,1441,0,1441,0,48,"VIC","Urban","6:00 PM - 12:00 AM",0,0,0,3,66,1,3,10,10,20
190,3779,2016,1763,1,60,"NSW","Regional","12:00 AM - 6:00 AM",0,0,0,3,96,2,3,10,10,20
1643,200,0,200,0,53,"ACT","Remote","6:00 PM - 12:00 AM",1,1,0,2,126,1,1,9,8,17
699,1597,1380,217,1,29,"SA","Urban","6:00 PM - 12:00 AM",1,0,1,1,42,2,4,4,3,7
178,3933,2223,1710,1,53,"NSW","Urban","12:00 AM - 6:00 AM",0,0,1,3,180,2,4,1,1,2
742,428,0,428,0,22,"QLD","Urban","6:00 PM - 12:00 AM",1,0,0,3,120,2,2,10,10,20
1736,327,0,327,1,28,"NSW","Urban","6:00 PM - 12:00 AM",1,1,0,1,36,2,2,0,0,0
312,1465,1114,351,1,37,"VIC","Regional","6:00 PM - 12:00 AM",1,1,0,3,36,2,3,5,1,6
1257,358,0,358,0,24,"NSW","Regional","6:00 AM - 12:00 PM",1,1,0,2,78,2,2,10,9,19
463,1192,0,1192,0,37,"NSW","Urban","6:00 PM - 12:00 AM",0,1,1,2,102,2,4,8,10,18
1637,3506,1861,1645,0,59,"NT","Urban","6:00 PM - 12:00 AM",0,0,1,3,42,2,4,9,9,18
1751,4594,2309,2285,0,57,"VIC","Regional","6:00 PM - 12:00 AM",1,0,0,2,114,1,4,10,10,20
366,1455,1318,137,1,27,"VIC","Remote","6:00 PM - 12:00 AM",1,1,0,2,150,1,2,7,8,15
795,214,0,214,1,40,"TAS","Urban","6:00 PM - 12:00 AM",1,1,0,2,48,1,5,4,7,11
643,4266,2359,1907,0,52,"QLD","Urban","6:00 PM - 12:00 AM",1,0,0,2,24,1,3,4,8,12
1698,3101,1842,1259,0,60,"SA","Urban","6:00 PM - 12:00 AM",0,0,1,3,36,3,2,10,7,17
275,1495,1326,169,1,27,"TAS","Urban","12:00 AM - 6:00 AM",1,0,0,1,138,2,3,7,4,11
1175,3715,1779,1936,0,55,"VIC","Urban","6:00 AM - 12:00 PM",1,0,1,3,30,1,4,5,4,9
923,903,0,903,1,29,"QLD","Urban","6:00 AM - 12:00 PM",1,1,0,2,174,2,4,5,7,12
1241,382,0,382,1,24,"WA","Regional","6:00 AM - 12:00 PM",0,1,0,1,132,2,3,6,1,7
1633,749,0,749,1,35,"VIC","Urban","6:00 PM - 12:00 AM",1,1,0,3,54,2,3,3,3,6
1797,3242,1613,1629,1,59,"SA","Regional","6:00 PM - 12:00 AM",0,0,0,3,168,2,3,2,2,4
1047,358,0,358,1,21,"VIC","Urban","6:00 AM - 12:00 PM",1,1,1,3,36,1,4,6,3,9
1946,207,0,207,0,20,"QLD","Urban","12:00 PM - 6:00 PM",1,1,0,3,90,1,2,5,6,11
495,247,0,247,0,41,"NSW","Urban","6:00 PM - 12:00 AM",0,1,0,3,156,1,2,7,7,14
5,265,0,265,1,25,"NSW","Remote","12:00 AM - 6:00 AM",0,1,0,3,42,2,3,4,8,12
262,2823,1659,1164,1,54,"NSW","Urban","12:00 AM - 6:00 AM",0,1,1,3,162,3,3,1,0,1
896,846,0,846,0,38,"TAS","Urban","6:00 AM - 12:00 PM",1,1,0,3,48,1,2,2,1,3
1146,3416,2123,1293,1,51,"NSW","Urban","6:00 AM - 12:00 PM",1,0,1,3,36,3,3,6,5,11
1311,428,0,428,1,28,"NT","Urban","6:00 AM - 12:00 PM",1,1,0,2,138,1,2,3,5,8
1171,4588,2484,2104,1,53,"QLD","Urban","6:00 AM - 12:00 PM",1,0,0,2,108,2,3,6,7,13
1047,358,0,358,1,21,"VIC","Urban","6:00 AM - 12:00 PM",1,1,1,3,36,1,4,6,3,9
112,197,0,197,1,54,"NSW","Urban","12:00 AM - 6:00 AM",0,0,1,3,144,1,2,6,5,11
1171,4588,2484,2104,1,53,"QLD","Urban","6:00 AM - 12:00 PM",1,0,0,2,108,2,3,6,7,13
123,885,0,885,1,29,"NSW","Urban","12:00 AM - 6:00 AM",1,1,1,3,126,2,4,4,8,12
1400,188,0,188,0,42,"NSW","Urban","6:00 AM - 12:00 PM",1,0,0,2,108,1,5,8,5,13
1244,770,0,770,1,38,"ACT","Urban","6:00 AM - 12:00 PM",1,1,1,1,150,2,3,9,9,18
603,400,0,400,1,28,"NSW","Urban","6:00 PM - 12:00 AM",0,1,0,3,66,1,3,7,7,14
1416,1777,1514,263,0,34,"NSW","Urban","6:00 AM - 12:00 PM",0,0,1,2,66,1,2,10,10,20
1638,181,0,181,1,41,"VIC","Urban","6:00 PM - 12:00 AM",1,1,1,3,90,1,3,10,10,20
1295,3517,1883,1634,1,47,"SA","Urban","6:00 AM - 12:00 PM",1,0,1,2,72,4,4,6,4,10
1691,793,0,793,0,39,"NSW","Regional","12:00 PM - 6:00 PM",0,1,0,2,108,2,2,7,7,14
1562,562,0,562,1,28,"NSW","Regional","6:00 AM - 12:00 PM",1,0,0,3,96,2,2,6,4,10
700,205,0,205,0,34,"ACT","Urban","6:00 PM - 12:00 AM",0,0,0,3,156,1,2,10,8,18
1069,2095,1792,303,0,52,"NSW","Remote","6:00 AM - 12:00 PM",0,0,0,3,108,1,1,10,9,19
1859,4495,2611,1884,0,48,"SA","Urban","6:00 PM - 12:00 AM",0,0,1,2,120,1,3,9,8,17
1720,1561,1301,260,1,26,"NT","Urban","6:00 PM - 12:00 AM",0,1,0,3,90,1,4,9,10,19
599,1681,1448,233,0,35,"VIC","Urban","6:00 PM - 12:00 AM",1,1,1,3,24,2,3,4,5,9
116,751,0,751,0,21,"TAS","Urban","12:00 AM - 6:00 AM",0,1,1,3,54,1,2,10,9,19
449,1729,1410,319,1,40,"NT","Urban","6:00 PM - 12:00 AM",1,1,0,3,72,1,5,6,5,11
357,3602,1853,1749,0,60,"SA","Urban","6:00 PM - 12:00 AM",0,0,0,3,30,1,2,5,7,12
528,593,0,593,1,34,"NT","Urban","6:00 PM - 12:00 AM",0,1,1,3,42,1,2,10,5,15
1961,2684,1598,1086,1,40,"NSW","Remote","6:00 PM - 12:00 AM",0,1,1,2,42,3,4,8,8,16
264,3586,2147,1439,0,52,"NT","Regional","12:00 AM - 6:00 AM",0,0,0,1,48,2,5,10,10,20
906,2261,2133,128,1,53,"TAS","Urban","6:00 AM - 12:00 PM",0,0,0,3,24,2,2,8,3,11
693,2970,1594,1376,0,42,"WA","Urban","6:00 PM - 12:00 AM",1,0,1,3,126,3,2,9,8,17
285,2987,1491,1496,1,48,"VIC","Regional","12:00 AM - 6:00 AM",0,0,0,3,54,3,4,7,6,13
837,3701,2246,1455,1,52,"SA","Regional","6:00 PM - 12:00 AM",0,0,0,3,114,3,3,10,10,20
663,3788,1893,1895,1,42,"QLD","Urban","6:00 PM - 12:00 AM",0,0,1,1,120,1,4,5,5,10
1191,1266,1114,152,1,21,"SA","Urban","12:00 PM - 6:00 PM",0,1,0,3,12,2,1,2,0,2
376,2958,1767,1191,0,58,"TAS","Urban","6:00 PM - 12:00 AM",0,1,1,2,72,3,3,6,3,9
6,500,0,500,0,33,"SA","Urban","12:00 AM - 6:00 AM",1,1,0,3,150,1,3,2,5,7
661,1487,0,1487,1,40,"NSW","Urban","6:00 PM - 12:00 AM",1,1,1,2,162,2,2,6,7,13
627,732,0,732,0,34,"NSW","Urban","6:00 PM - 12:00 AM",1,1,0,2,162,2,3,6,6,12
1463,3110,1698,1412,1,59,"SA","Regional","6:00 AM - 12:00 PM",0,0,0,3,138,3,3,10,6,16
1112,199,0,199,1,56,"VIC","Urban","12:00 PM - 6:00 PM",1,1,0,2,54,1,2,7,8,15
1565,4008,2323,1685,1,45,"NSW","Urban","6:00 AM - 12:00 PM",0,1,0,2,96,4,2,10,10,20
308,921,0,921,1,40,"TAS","Urban","6:00 PM - 12:00 AM",1,1,1,3,84,2,4,8,8,16
825,3689,2066,1623,0,43,"NSW","Urban","6:00 PM - 12:00 AM",0,0,0,2,12,1,5,0,0,0
69,214,0,214,1,18,"NT","Regional","12:00 PM - 6:00 PM",1,1,0,3,126,1,2,7,7,14
963,335,0,335,0,20,"VIC","Urban","6:00 AM - 12:00 PM",1,1,1,3,174,2,4,7,2,9
451,702,0,702,1,36,"NSW","Urban","6:00 PM - 12:00 AM",1,1,0,3,162,2,3,1,1,2
1711,213,0,213,0,27,"NSW","Urban","6:00 PM - 12:00 AM",0,1,1,2,42,1,2,5,1,6
897,743,0,743,0,24,"WA","Remote","6:00 AM - 12:00 PM",1,1,1,3,102,1,3,6,6,12
486,1639,1296,343,1,45,"NSW","Urban","6:00 PM - 12:00 AM",1,1,0,3,84,1,3,5,8,13
554,431,0,431,1,22,"WA","Urban","6:00 PM - 12:00 AM",0,1,0,3,138,2,2,9,8,17
794,929,0,929,1,36,"QLD","Urban","6:00 PM - 12:00 AM",1,1,1,2,126,2,1,8,10,18
1537,221,0,221,1,56,"NSW","Urban","6:00 AM - 12:00 PM",1,0,0,3,162,1,4,4,4,8
553,856,0,856,0,27,"ACT","Regional","6:00 PM - 12:00 AM",1,1,0,1,72,1,3,5,6,11
958,364,0,364,0,22,"SA","Remote","6:00 AM - 12:00 PM",1,1,1,2,126,1,2,6,5,11
1160,4289,2521,1768,0,47,"ACT","Regional","6:00 AM - 12:00 PM",0,0,1,1,174,4,2,8,7,15
862,230,0,230,1,34,"SA","Remote","6:00 PM - 12:00 AM",1,0,1,3,114,1,3,9,10,19
1760,3746,2021,1725,1,54,"QLD","Regional","6:00 PM - 12:00 AM",0,0,0,3,132,4,3,9,10,19
743,1103,0,1103,0,36,"NSW","Remote","6:00 PM - 12:00 AM",1,0,0,3,60,1,3,5,0,5
357,3602,1853,1749,0,60,"SA","Urban","6:00 PM - 12:00 AM",0,0,0,3,30,1,2,5,7,12
1244,770,0,770,1,38,"ACT","Urban","6:00 AM - 12:00 PM",1,1,1,1,150,2,3,9,9,18
746,4795,2651,2144,1,52,"ACT","Urban","12:00 PM - 6:00 PM",1,0,1,3,120,3,4,8,8,16
1984,2822,1487,1335,1,36,"NSW","Urban","6:00 PM - 12:00 AM",0,1,0,3,138,2,2,10,7,17
1529,4371,2411,1960,0,44,"NT","Urban","6:00 AM - 12:00 PM",0,0,0,2,102,3,4,10,9,19
1677,4823,2792,2031,0,59,"WA","Urban","6:00 PM - 12:00 AM",0,0,1,2,66,2,2,7,6,13
1038,961,0,961,1,33,"VIC","Regional","6:00 AM - 12:00 PM",1,1,0,3,162,2,3,9,7,16
664,3730,1828,1902,1,55,"TAS","Urban","6:00 PM - 12:00 AM",0,0,1,3,12,3,2,1,3,4
1422,3665,2071,1594,0,41,"ACT","Remote","6:00 AM - 12:00 PM",0,1,0,3,120,1,3,9,8,17
1092,3004,1760,1244,1,40,"NSW","Urban","6:00 AM - 12:00 PM",0,1,1,2,168,3,4,4,1,5
592,4117,1884,2233,0,57,"VIC","Urban","6:00 PM - 12:00 AM",0,0,0,3,156,2,2,2,6,8
1198,993,0,993,0,43,"NSW","Urban","6:00 AM - 12:00 PM",1,1,1,3,36,1,3,5,3,8
618,213,0,213,0,60,"SA","Urban","6:00 PM - 12:00 AM",1,1,0,3,114,1,3,7,2,9
1565,4008,2323,1685,1,45,"NSW","Urban","6:00 AM - 12:00 PM",0,1,0,2,96,4,2,10,10,20
462,699,0,699,0,30,"ACT","Urban","6:00 PM - 12:00 AM",1,1,0,3,24,1,3,3,3,6
1117,685,0,685,0,39,"QLD","Urban","6:00 AM - 12:00 PM",1,1,0,2,144,1,3,10,8,18
673,182,0,182,0,31,"NT","Urban","6:00 PM - 12:00 AM",0,1,0,3,48,1,3,4,3,7
1559,297,0,297,1,22,"ACT","Urban","6:00 AM - 12:00 PM",1,1,0,3,30,2,4,4,0,4
455,490,0,490,1,26,"ACT","Urban","6:00 PM - 12:00 AM",1,1,0,1,180,2,4,3,3,6
1659,1510,1313,197,1,35,"WA","Urban","6:00 PM - 12:00 AM",1,1,1,3,114,2,2,10,10,20
616,3631,1962,1669,1,54,"NSW","Urban","6:00 PM - 12:00 AM",1,0,1,2,114,1,2,10,10,20
1787,3059,1726,1333,1,46,"NSW","Urban","6:00 PM - 12:00 AM",1,0,1,3,108,2,3,7,6,13
201,4456,2135,2321,1,52,"NSW","Urban","12:00 AM - 6:00 AM",0,0,1,1,174,4,3,8,5,13
177,3531,1873,1658,0,44,"NSW","Urban","12:00 AM - 6:00 AM",0,0,0,3,132,4,4,5,5,10
173,171,0,171,0,57,"QLD","Remote","12:00 AM - 6:00 AM",1,0,0,3,102,1,3,8,5,13
1053,1411,1258,153,1,45,"VIC","Regional","6:00 AM - 12:00 PM",1,1,1,1,150,1,3,5,1,6
1071,1674,0,1674,0,51,"WA","Urban","6:00 AM - 12:00 PM",0,1,0,3,24,2,4,3,4,7
928,138,0,138,1,51,"VIC","Urban","6:00 AM - 12:00 PM",1,1,1,1,78,1,3,5,5,10
1343,1394,1092,302,1,37,"NT","Urban","6:00 AM - 12:00 PM",1,1,0,2,84,1,4,7,3,10
1969,380,0,380,1,23,"QLD","Urban","6:00 PM - 12:00 AM",1,1,1,2,60,1,4,7,7,14
1230,216,0,216,0,38,"NSW","Remote","6:00 AM - 12:00 PM",1,1,1,2,108,1,2,4,4,8
1032,1218,0,1218,0,49,"VIC","Urban","6:00 AM - 12:00 PM",1,1,1,3,150,1,3,2,1,3
1167,1640,1500,140,1,37,"VIC","Regional","6:00 AM - 12:00 PM",0,1,0,3,36,2,2,4,3,7
796,4279,2349,1930,0,47,"WA","Urban","6:00 PM - 12:00 AM",0,0,0,2,66,3,3,10,10,20
1611,432,0,432,1,26,"NSW","Regional","6:00 AM - 12:00 PM",1,1,1,1,102,1,3,10,10,20
851,1352,1180,172,1,21,"NSW","Regional","6:00 PM - 12:00 AM",1,0,1,3,84,1,3,6,5,11
1841,4377,2258,2119,1,47,"NSW","Regional","6:00 PM - 12:00 AM",1,0,0,2,114,4,5,10,10,20
1901,3094,1664,1430,0,47,"ACT","Urban","6:00 PM - 12:00 AM",1,0,1,1,168,4,4,8,7,15
503,3556,1846,1710,0,55,"VIC","Urban","6:00 PM - 12:00 AM",0,0,0,3,18,4,3,0,0,0
1573,3215,1706,1509,0,45,"VIC","Urban","6:00 AM - 12:00 PM",0,0,0,3,162,2,4,9,5,14
735,795,0,795,0,31,"NSW","Regional","12:00 PM - 6:00 PM",1,1,1,3,120,2,4,7,10,17
992,1434,0,1434,0,51,"VIC","Regional","6:00 AM - 12:00 PM",0,1,1,3,84,4,2,9,8,17
1407,1752,1406,346,0,26,"WA","Regional","6:00 AM - 12:00 PM",0,1,1,2,48,1,3,7,6,13
1044,310,0,310,0,20,"WA","Regional","6:00 AM - 12:00 PM",1,1,1,3,144,1,4,4,4,8
1528,788,0,788,0,24,"NSW","Regional","6:00 AM - 12:00 PM",1,1,0,3,84,1,3,8,7,15
40,1365,0,1365,0,41,"ACT","Urban","12:00 AM - 6:00 AM",0,1,0,3,168,2,2,7,6,13
1799,2961,1466,1495,0,50,"SA","Regional","6:00 PM - 12:00 AM",1,0,1,3,120,2,2,9,8,17
190,3779,2016,1763,1,60,"NSW","Regional","12:00 AM - 6:00 AM",0,0,0,3,96,2,3,10,10,20
16,416,0,416,1,28,"QLD","Urban","12:00 AM - 6:00 AM",0,1,1,2,126,2,2,7,5,12
953,257,0,257,1,18,"TAS","Regional","6:00 AM - 12:00 PM",1,1,0,3,18,1,3,2,1,3
207,1046,0,1046,1,39,"WA","Urban","12:00 AM - 6:00 AM",1,1,1,3,78,1,5,7,6,13
1631,379,0,379,0,28,"VIC","Urban","6:00 PM - 12:00 AM",1,1,0,2,54,1,2,3,2,5
586,479,0,479,0,35,"NSW","Urban","6:00 PM - 12:00 AM",1,1,0,3,66,2,2,3,2,5
179,150,0,150,1,21,"WA","Urban","12:00 AM - 6:00 AM",1,1,0,2,102,1,3,10,10,20
989,1565,1284,281,0,35,"VIC","Urban","6:00 AM - 12:00 PM",1,1,1,3,144,1,3,7,7,14
767,840,0,840,1,27,"NSW","Urban","6:00 PM - 12:00 AM",1,1,1,3,126,1,3,8,8,16
1482,1557,0,1557,0,31,"QLD","Regional","6:00 AM - 12:00 PM",1,0,0,3,96,2,2,7,2,9
1960,472,0,472,0,24,"NSW","Urban","6:00 PM - 12:00 AM",1,1,1,3,144,1,1,3,7,10
1771,258,0,258,0,23,"NSW","Regional","6:00 PM - 12:00 AM",1,1,0,2,108,2,3,10,10,20
1718,3886,1992,1894,0,58,"NSW","Urban","6:00 PM - 12:00 AM",0,0,0,1,48,1,3,3,3,6
1704,294,0,294,0,23,"NSW","Urban","6:00 PM - 12:00 AM",0,1,1,3,102,1,2,4,5,9
603,400,0,400,1,28,"NSW","Urban","6:00 PM - 12:00 AM",0,1,0,3,66,1,3,7,7,14
1737,655,0,655,0,34,"QLD","Urban","6:00 PM - 12:00 AM",0,1,0,3,132,2,1,10,9,19
351,1339,1064,275,0,42,"WA","Urban","6:00 PM - 12:00 AM",1,1,0,1,90,1,2,3,3,6
154,4206,2017,2189,0,51,"QLD","Urban","12:00 AM - 6:00 AM",0,1,1,3,90,1,4,3,7,10
1421,4233,2521,1712,0,41,"NT","Urban","6:00 AM - 12:00 PM",1,0,1,3,36,1,3,4,3,7
954,942,0,942,1,40,"VIC","Regional","6:00 AM - 12:00 PM",1,1,0,3,156,2,2,5,8,13
1394,1091,0,1091,0,29,"NSW","Regional","6:00 AM - 12:00 PM",0,1,0,3,84,2,5,10,6,16
1984,2822,1487,1335,1,36,"NSW","Urban","6:00 PM - 12:00 AM",0,1,0,3,138,2,2,10,7,17
1004,2243,1265,978,0,52,"VIC","Urban","6:00 AM - 12:00 PM",1,1,0,2,144,2,4,10,9,19
96,395,0,395,1,20,"VIC","Regional","12:00 AM - 6:00 AM",0,1,0,2,120,1,3,10,9,19
9,203,0,203,0,21,"NSW","Urban","12:00 AM - 6:00 AM",0,1,0,1,42,1,2,6,9,15
1564,294,0,294,1,56,"NSW","Urban","6:00 AM - 12:00 PM",1,0,0,3,66,1,3,10,10,20
124,811,0,811,1,29,"SA","Urban","12:00 AM - 6:00 AM",1,0,0,3,156,1,4,7,6,13
327,181,0,181,0,25,"VIC","Urban","6:00 PM - 12:00 AM",1,1,1,2,96,1,2,7,8,15
1883,1651,1409,242,1,24,"WA","Urban","6:00 PM - 12:00 AM",0,0,0,3,180,1,4,0,3,3
633,4079,2237,1842,1,48,"NSW","Urban","6:00 PM - 12:00 AM",0,0,1,3,48,4,2,10,7,17
1842,4426,2427,1999,1,47,"NSW","Urban","6:00 PM - 12:00 AM",1,0,0,3,114,2,4,8,7,15
769,4401,2028,2373,1,44,"NSW","Regional","6:00 PM - 12:00 AM",0,0,1,3,30,4,4,5,4,9
1908,1495,0,1495,1,36,"QLD","Urban","6:00 PM - 12:00 AM",1,0,0,3,90,1,4,5,5,10
1572,257,0,257,1,53,"SA","Urban","6:00 AM - 12:00 PM",1,0,0,1,150,1,3,4,4,8
1341,985,0,985,0,36,"TAS","Urban","6:00 AM - 12:00 PM",0,1,0,3,66,1,3,7,7,14
632,3984,2165,1819,1,52,"WA","Urban","6:00 PM - 12:00 AM",0,0,0,3,54,1,3,10,10,20
1930,1779,1560,219,1,33,"NSW","Urban","6:00 PM - 12:00 AM",0,0,1,3,24,2,3,6,5,11
1098,2037,1526,511,1,40,"VIC","Urban","6:00 AM - 12:00 PM",1,1,0,3,162,1,3,0,3,3
252,3073,1705,1368,1,48,"NT","Regional","12:00 AM - 6:00 AM",0,0,0,3,42,2,3,8,8,16
182,3196,1715,1481,1,47,"WA","Urban","12:00 AM - 6:00 AM",0,0,0,3,48,2,3,9,9,18
892,1174,0,1174,1,50,"VIC","Remote","6:00 AM - 12:00 PM",0,0,0,2,180,1,3,3,3,6
882,383,0,383,0,24,"QLD","Urban","6:00 AM - 12:00 PM",1,1,0,3,144,1,4,3,5,8
1451,726,0,726,1,24,"QLD","Urban","6:00 AM - 12:00 PM",1,0,0,3,72,1,3,6,10,16
1115,4562,2640,1922,0,54,"WA","Urban","6:00 AM - 12:00 PM",0,0,0,3,156,2,3,3,3,6
284,3464,1887,1577,1,51,"NT","Remote","12:00 AM - 6:00 AM",0,0,1,3,150,3,3,4,2,6
906,2261,2133,128,1,53,"TAS","Urban","6:00 AM - 12:00 PM",0,0,0,3,24,2,2,8,3,11
825,3689,2066,1623,0,43,"NSW","Urban","6:00 PM - 12:00 AM",0,0,0,2,12,1,5,0,0,0
940,163,0,163,0,51,"VIC","Regional","6:00 AM - 12:00 PM",1,1,0,3,54,1,5,2,6,8
128,2287,1784,503,0,40,"TAS","Remote","12:00 AM - 6:00 AM",1,0,1,1,36,1,4,4,0,4
1836,328,0,328,1,24,"NSW","Urban","6:00 PM - 12:00 AM",1,1,1,3,18,1,4,1,0,1
295,188,0,188,0,26,"NSW","Urban","12:00 AM - 6:00 AM",1,0,0,3,174,1,2,5,4,9
1342,281,0,281,1,24,"TAS","Regional","6:00 AM - 12:00 PM",1,1,0,3,168,1,5,4,2,6
425,337,0,337,0,28,"NSW","Urban","6:00 PM - 12:00 AM",1,1,0,2,114,1,3,10,10,20
594,326,0,326,1,23,"VIC","Urban","6:00 PM - 12:00 AM",1,1,0,3,144,2,4,7,7,14
201,4456,2135,2321,1,52,"NSW","Urban","12:00 AM - 6:00 AM",0,0,1,1,174,4,3,8,5,13
984,271,0,271,0,48,"WA","Urban","6:00 AM - 12:00 PM",1,1,1,3,84,1,2,9,5,14
1045,217,0,217,1,38,"VIC","Urban","6:00 AM - 12:00 PM",1,1,0,1,150,1,4,5,4,9
1029,776,0,776,0,34,"VIC","Remote","6:00 AM - 12:00 PM",1,1,0,2,72,1,3,7,6,13
1075,1341,1121,220,1,24,"VIC","Regional","6:00 AM - 12:00 PM",1,1,1,3,36,2,3,5,5,10
297,3977,2220,1757,0,59,"NSW","Urban","12:00 AM - 6:00 AM",0,1,0,1,126,4,3,10,9,19
1174,906,0,906,0,31,"VIC","Regional","6:00 AM - 12:00 PM",1,1,1,3,150,1,2,9,9,18
1936,396,0,396,0,22,"NSW","Urban","6:00 PM - 12:00 AM",1,0,0,2,78,2,3,6,2,8
1086,3180,1789,1391,0,54,"VIC","Urban","6:00 AM - 12:00 PM",0,0,0,1,126,1,3,5,5,10
1626,220,0,220,0,41,"ACT","Regional","6:00 PM - 12:00 AM",1,1,1,3,54,1,2,5,6,11
206,4426,2547,1879,1,43,"QLD","Urban","12:00 AM - 6:00 AM",0,0,1,3,78,4,4,9,9,18
1948,427,0,427,1,25,"SA","Urban","6:00 PM - 12:00 AM",0,0,0,3,24,1,2,2,1,3
765,3680,2009,1671,1,59,"NSW","Urban","6:00 PM - 12:00 AM",0,0,0,2,54,1,1,10,10,20
502,390,0,390,0,24,"NSW","Urban","12:00 PM - 6:00 PM",0,1,0,3,42,1,3,3,0,3
1218,375,0,375,1,29,"NSW","Regional","6:00 AM - 12:00 PM",1,1,0,3,156,2,2,10,7,17
1539,3986,2002,1984,0,50,"ACT","Urban","6:00 AM - 12:00 PM",0,0,0,3,138,1,2,8,10,18
455,490,0,490,1,26,"ACT","Urban","6:00 PM - 12:00 AM",1,1,0,1,180,2,4,3,3,6
696,1508,1398,110,0,29,"TAS","Urban","6:00 PM - 12:00 AM",0,1,0,3,132,2,5,10,7,17
1907,1974,1543,431,1,37,"NSW","Regional","6:00 PM - 12:00 AM",1,1,0,3,144,2,2,2,1,3
1340,1700,1480,220,1,31,"TAS","Remote","6:00 AM - 12:00 PM",0,1,1,3,126,2,3,10,9,19
1154,267,0,267,0,23,"TAS","Regional","6:00 AM - 12:00 PM",1,1,0,2,90,1,4,10,10,20
1996,3285,1968,1317,0,42,"TAS","Urban","6:00 PM - 12:00 AM",0,0,0,1,168,1,3,6,10,16
227,3523,1869,1654,0,49,"VIC","Urban","12:00 AM - 6:00 AM",0,0,0,3,150,2,1,7,2,9
384,4208,2092,2116,1,55,"NSW","Urban","6:00 PM - 12:00 AM",0,0,0,2,132,2,2,6,5,11
30,1404,1175,229,1,35,"SA","Urban","12:00 AM - 6:00 AM",1,1,0,3,102,2,2,6,10,16
1799,2961,1466,1495,0,50,"SA","Regional","6:00 PM - 12:00 AM",1,0,1,3,120,2,2,9,8,17
1634,196,0,196,1,54,"VIC","Urban","6:00 PM - 12:00 AM",1,1,0,3,132,1,4,8,10,18
1331,984,0,984,0,37,"VIC","Urban","6:00 AM - 12:00 PM",0,1,0,3,150,1,2,10,8,18
1810,1423,0,1423,0,41,"ACT","Urban","6:00 PM - 12:00 AM",0,1,1,3,30,2,4,6,10,16
122,1445,0,1445,1,36,"NSW","Urban","12:00 AM - 6:00 AM",0,1,0,1,180,1,2,0,0,0
1147,1467,1245,222,0,36,"ACT","Urban","12:00 PM - 6:00 PM",0,1,0,3,150,2,2,7,9,16
846,1269,0,1269,0,36,"VIC","Urban","12:00 PM - 6:00 PM",1,1,1,3,156,1,2,2,3,5
1481,4394,2437,1957,0,58,"TAS","Urban","6:00 AM - 12:00 PM",0,0,1,2,114,1,3,10,10,20
502,390,0,390,0,24,"NSW","Urban","12:00 PM - 6:00 PM",0,1,0,3,42,1,3,3,0,3
1194,4267,2263,2004,0,51,"NSW","Urban","6:00 AM - 12:00 PM",0,0,0,3,102,3,3,7,7,14
233,2915,1953,962,1,55,"VIC","Urban","12:00 AM - 6:00 AM",0,0,0,3,24,3,2,5,8,13
1332,3473,2072,1401,1,59,"TAS","Urban","6:00 AM - 12:00 PM",0,0,1,3,60,2,2,6,8,14
1966,4179,2195,1984,1,51,"NSW","Urban","6:00 PM - 12:00 AM",0,0,0,3,90,1,3,4,5,9
1128,391,0,391,1,24,"NT","Urban","6:00 AM - 12:00 PM",1,1,0,3,30,2,4,7,7,14
1356,212,0,212,0,28,"NSW","Urban","6:00 AM - 12:00 PM",0,1,0,3,168,1,3,2,1,3
1126,375,0,375,1,24,"TAS","Urban","6:00 AM - 12:00 PM",1,1,0,3,78,1,4,9,7,16
1745,4514,2412,2102,1,50,"VIC","Urban","6:00 PM - 12:00 AM",0,0,1,3,150,2,3,5,4,9
1399,3516,1929,1587,1,47,"QLD","Urban","6:00 AM - 12:00 PM",0,1,0,3,78,2,2,6,3,9
1894,4322,2512,1810,0,53,"NSW","Urban","6:00 PM - 12:00 AM",1,1,0,2,162,2,3,4,3,7
1881,2967,1773,1194,0,50,"SA","Regional","6:00 PM - 12:00 AM",0,0,0,3,138,2,2,10,10,20
1313,1376,0,1376,0,43,"NSW","Regional","12:00 PM - 6:00 PM",1,1,1,1,78,2,4,5,4,9
10,3292,1786,1506,0,58,"WA","Urban","12:00 AM - 6:00 AM",1,0,0,3,48,3,2,8,4,12
1889,2188,0,2188,1,53,"WA","Regional","6:00 PM - 12:00 AM",1,1,1,2,96,3,3,8,3,11
258,303,0,303,0,25,"NT","Urban","12:00 PM - 6:00 PM",1,1,1,2,114,1,2,6,5,11
1393,200,0,200,0,34,"NSW","Urban","6:00 AM - 12:00 PM",1,1,1,2,120,1,2,9,6,15
200,246,0,246,1,48,"NSW","Regional","12:00 AM - 6:00 AM",1,0,1,3,108,1,5,8,4,12
920,2744,1376,1368,1,57,"VIC","Urban","6:00 AM - 12:00 PM",0,1,0,3,168,3,3,6,5,11
1214,264,0,264,0,24,"VIC","Urban","6:00 AM - 12:00 PM",0,1,1,2,66,1,3,6,5,11
1967,3158,1979,1179,1,54,"NSW","Urban","6:00 PM - 12:00 AM",0,0,1,3,120,3,3,5,3,8
1815,446,0,446,0,27,"ACT","Urban","6:00 PM - 12:00 AM",0,1,1,2,132,1,4,10,10,20
577,3815,2120,1695,0,53,"NSW","Urban","6:00 PM - 12:00 AM",1,0,0,3,132,3,3,2,3,5
1789,4071,2249,1822,1,49,"VIC","Urban","6:00 PM - 12:00 AM",1,0,1,3,48,4,4,5,4,9
1497,3208,1921,1287,1,48,"NSW","Urban","6:00 AM - 12:00 PM",0,0,1,3,150,2,3,10,9,19
727,4287,2268,2019,1,49,"VIC","Regional","6:00 PM - 12:00 AM",1,0,0,3,72,2,2,10,10,20
1887,1488,0,1488,1,36,"NT","Urban","6:00 PM - 12:00 AM",0,0,0,3,12,1,2,5,4,9
310,1621,1393,228,0,41,"QLD","Urban","6:00 PM - 12:00 AM",1,1,0,3,30,1,4,8,7,15
1440,2973,1626,1347,1,54,"NSW","Urban","6:00 AM - 12:00 PM",0,1,0,3,168,2,2,6,6,12
1299,307,0,307,1,22,"NSW","Regional","6:00 AM - 12:00 PM",1,1,0,3,126,1,3,8,8,16
1053,1411,1258,153,1,45,"VIC","Regional","6:00 AM - 12:00 PM",1,1,1,1,150,1,3,5,1,6
918,303,0,303,0,24,"VIC","Urban","6:00 AM - 12:00 PM",1,1,0,3,102,1,4,10,5,15
1373,223,0,223,0,28,"NSW","Urban","6:00 AM - 12:00 PM",1,1,0,3,138,1,2,3,2,5
765,3680,2009,1671,1,59,"NSW","Urban","6:00 PM - 12:00 AM",0,0,0,2,54,1,1,10,10,20
358,401,0,401,1,23,"NSW","Urban","12:00 PM - 6:00 PM",1,1,0,1,60,2,3,0,4,4
481,277,0,277,1,21,"NSW","Urban","6:00 PM - 12:00 AM",0,1,0,3,132,2,4,7,4,11
1408,1540,1234,306,1,27,"ACT","Regional","6:00 AM - 12:00 PM",1,0,0,3,84,2,4,3,5,8
1805,234,0,234,0,35,"NSW","Urban","6:00 PM - 12:00 AM",1,1,1,3,24,1,4,4,0,4
1573,3215,1706,1509,0,45,"VIC","Urban","6:00 AM - 12:00 PM",0,0,0,3,162,2,4,9,5,14
920,2744,1376,1368,1,57,"VIC","Urban","6:00 AM - 12:00 PM",0,1,0,3,168,3,3,6,5,11
773,2068,1748,320,1,35,"NT","Urban","6:00 PM - 12:00 AM",1,1,1,3,150,1,3,10,6,16
1405,420,0,420,0,20,"NSW","Urban","6:00 AM - 12:00 PM",0,0,0,2,30,1,3,5,7,12
1050,661,0,661,1,41,"VIC","Urban","6:00 AM - 12:00 PM",1,1,0,3,30,1,4,5,4,9
360,628,0,628,0,40,"VIC","Urban","6:00 PM - 12:00 AM",1,1,1,1,126,1,3,5,5,10
276,1917,1486,431,1,39,"SA","Urban","12:00 AM - 6:00 AM",1,0,0,2,108,2,4,10,7,17
271,474,0,474,1,24,"NSW","Regional","12:00 AM - 6:00 AM",1,0,1,3,54,2,4,4,7,11
1089,3767,1908,1859,0,47,"ACT","Urban","6:00 AM - 12:00 PM",0,0,0,3,132,3,4,6,5,11
1733,3360,1800,1560,0,54,"NT","Urban","6:00 PM - 12:00 AM",0,0,1,3,60,2,3,8,7,15
1324,3528,2009,1519,0,56,"NT","Urban","12:00 PM - 6:00 PM",1,0,0,3,60,3,4,8,8,16
1452,4245,2051,2194,1,49,"NSW","Remote","6:00 AM - 12:00 PM",1,1,0,3,42,2,3,3,0,3
417,1937,1595,342,1,42,"VIC","Urban","6:00 PM - 12:00 AM",0,1,0,2,162,2,3,3,7,10
743,1103,0,1103,0,36,"NSW","Remote","6:00 PM - 12:00 AM",1,0,0,3,60,1,3,5,0,5
512,184,0,184,1,58,"ACT","Urban","6:00 PM - 12:00 AM",0,1,0,1,168,1,4,2,2,4
1825,4672,2246,2426,0,58,"QLD","Urban","6:00 PM - 12:00 AM",0,0,0,3,174,1,3,4,6,10
242,1839,1547,292,1,36,"QLD","Urban","12:00 AM - 6:00 AM",1,0,1,3,162,2,4,10,9,19
720,1464,0,1464,1,35,"NSW","Regional","6:00 PM - 12:00 AM",1,0,0,2,120,2,2,9,9,18
220,4028,1925,2103,0,50,"QLD","Urban","12:00 AM - 6:00 AM",0,0,1,2,36,2,2,3,3,6
270,1283,0,1283,0,38,"SA","Urban","12:00 AM - 6:00 AM",1,0,0,3,84,2,2,10,10,20
677,1058,0,1058,1,34,"NSW","Regional","6:00 PM - 12:00 AM",1,0,0,2,132,2,1,2,2,4
1265,975,0,975,0,39,"NSW","Remote","6:00 AM - 12:00 PM",0,1,0,2,132,2,2,4,2,6
1719,2055,1843,212,1,40,"ACT","Urban","6:00 PM - 12:00 AM",1,1,1,3,60,1,3,7,6,13
1187,3998,2232,1766,0,53,"TAS","Urban","6:00 AM - 12:00 PM",0,0,0,3,102,4,4,10,10,20
937,2754,1518,1236,0,54,"VIC","Urban","6:00 AM - 12:00 PM",0,0,0,1,66,2,3,5,4,9
314,1433,1233,200,0,24,"VIC","Urban","6:00 PM - 12:00 AM",1,1,0,1,78,1,2,6,7,13
555,3586,1941,1645,1,46,"QLD","Urban","6:00 PM - 12:00 AM",0,0,0,3,36,4,3,2,2,4
1909,1049,0,1049,0,37,"NSW","Regional","6:00 PM - 12:00 AM",1,0,0,1,24,1,3,7,5,12
104,3671,2193,1478,0,48,"NSW","Urban","12:00 AM - 6:00 AM",0,1,1,3,168,2,2,3,6,9
15,1431,1182,249,1,29,"NSW","Urban","12:00 AM - 6:00 AM",1,1,1,2,60,2,2,10,9,19
595,3163,1796,1367,1,53,"NSW","Regional","6:00 PM - 12:00 AM",0,0,0,3,132,3,4,10,10,20
537,3805,2202,1603,1,58,"NSW","Urban","6:00 PM - 12:00 AM",1,0,0,3,150,2,3,10,8,18
1722,1139,0,1139,1,43,"NSW","Remote","6:00 PM - 12:00 AM",1,1,0,1,54,2,4,7,6,13
1699,3645,1756,1889,0,49,"NSW","Regional","6:00 PM - 12:00 AM",0,0,1,2,180,2,3,5,9,14
1913,4063,2265,1798,0,60,"NSW","Urban","12:00 PM - 6:00 PM",1,0,0,1,162,4,3,0,4,4
1538,4222,2311,1911,1,47,"NSW","Regional","6:00 AM - 12:00 PM",0,0,1,2,54,2,3,5,5,10
801,252,0,252,0,51,"VIC","Urban","6:00 PM - 12:00 AM",1,0,1,3,180,1,4,1,1,2
117,3071,1802,1269,1,58,"NSW","Urban","12:00 AM - 6:00 AM",0,1,1,3,174,2,3,1,1,2
282,3499,1921,1578,0,45,"NT","Urban","12:00 AM - 6:00 AM",0,1,0,2,66,3,3,6,5,11
593,3291,1937,1354,1,58,"NSW","Remote","6:00 PM - 12:00 AM",0,0,0,1,114,4,1,6,2,8
424,612,0,612,0,38,"SA","Urban","12:00 PM - 6:00 PM",1,1,1,3,162,1,4,3,3,6
343,2106,1616,490,0,44,"VIC","Urban","6:00 PM - 12:00 AM",1,1,0,3,180,2,2,2,3,5
488,1223,0,1223,1,40,"NSW","Urban","6:00 PM - 12:00 AM",1,1,0,2,138,2,3,10,10,20
1800,416,0,416,0,29,"VIC","Regional","6:00 PM - 12:00 AM",1,1,1,2,42,1,4,3,3,6
1038,961,0,961,1,33,"VIC","Regional","6:00 AM - 12:00 PM",1,1,0,3,162,2,3,9,7,16
223,1589,1326,263,0,24,"NSW","Urban","12:00 AM - 6:00 AM",1,0,0,2,42,2,4,10,7,17
864,4434,2090,2344,0,48,"QLD","Urban","6:00 PM - 12:00 AM",0,1,0,3,162,4,3,4,8,12
295,188,0,188,0,26,"NSW","Urban","12:00 AM - 6:00 AM",1,0,0,3,174,1,2,5,4,9
1170,2093,1598,495,0,44,"QLD","Remote","6:00 AM - 12:00 PM",1,1,1,2,120,1,4,9,10,19
274,545,0,545,0,21,"NSW","Remote","12:00 AM - 6:00 AM",1,1,1,2,36,2,3,3,7,10
1614,1221,1042,179,1,26,"QLD","Urban","6:00 AM - 12:00 PM",1,0,1,1,54,1,2,3,4,7
628,2307,1656,651,1,43,"VIC","Urban","6:00 PM - 12:00 AM",1,1,1,3,162,2,3,8,5,13
585,3519,1850,1669,0,59,"NT","Regional","6:00 PM - 12:00 AM",0,0,0,3,24,3,3,6,7,13
457,1412,1161,251,0,37,"NSW","Urban","6:00 PM - 12:00 AM",0,1,0,3,30,2,3,4,3,7
695,4178,1990,2188,0,55,"NSW","Regional","6:00 PM - 12:00 AM",1,0,0,2,96,2,3,8,10,18
1544,4137,2304,1833,0,55,"ACT","Urban","6:00 AM - 12:00 PM",0,0,1,2,180,2,3,6,7,13
661,1487,0,1487,1,40,"NSW","Urban","6:00 PM - 12:00 AM",1,1,1,2,162,2,2,6,7,13
767,840,0,840,1,27,"NSW","Urban","6:00 PM - 12:00 AM",1,1,1,3,126,1,3,8,8,16
277,508,0,508,0,21,"NSW","Urban","12:00 AM - 6:00 AM",1,1,1,3,48,2,3,8,7,15
412,278,0,278,0,24,"NSW","Regional","6:00 PM - 12:00 AM",1,1,1,1,150,2,3,6,6,12
464,3548,1790,1758,1,53,"ACT","Regional","6:00 PM - 12:00 AM",1,0,0,3,132,1,3,5,5,10
263,2675,1488,1187,0,49,"VIC","Urban","12:00 AM - 6:00 AM",0,0,0,3,144,1,3,4,2,6
1388,2735,1586,1149,1,59,"QLD","Urban","6:00 AM - 12:00 PM",0,1,0,3,180,1,4,0,0,0
160,3086,1718,1368,0,54,"WA","Urban","12:00 AM - 6:00 AM",0,0,1,3,162,1,2,5,5,10
398,645,0,645,1,45,"SA","Urban","6:00 PM - 12:00 AM",1,1,0,3,72,2,2,4,3,7
1381,1102,0,1102,1,26,"NSW","Regional","6:00 AM - 12:00 PM",0,1,1,1,36,1,3,2,0,2
96,395,0,395,1,20,"VIC","Regional","12:00 AM - 6:00 AM",0,1,0,2,120,1,3,10,9,19
495,247,0,247,0,41,"NSW","Urban","6:00 PM - 12:00 AM",0,1,0,3,156,1,2,7,7,14
531,3924,1807,2117,1,60,"VIC","Urban","6:00 PM - 12:00 AM",0,0,1,2,162,3,3,3,2,5
1695,340,0,340,0,20,"WA","Regional","6:00 PM - 12:00 AM",1,1,1,2,108,1,4,10,9,19
334,3589,2011,1578,0,49,"WA","Regional","6:00 PM - 12:00 AM",0,0,1,3,102,3,3,9,8,17
1244,770,0,770,1,38,"ACT","Urban","6:00 AM - 12:00 PM",1,1,1,1,150,2,3,9,9,18
1347,4472,2305,2167,0,48,"NSW","Urban","12:00 PM - 6:00 PM",1,0,0,3,114,2,2,6,6,12
1726,957,0,957,0,35,"NSW","Urban","6:00 PM - 12:00 AM",0,1,1,1,150,2,3,1,4,5
1156,303,0,303,1,24,"NSW","Regional","6:00 AM - 12:00 PM",0,1,1,3,72,2,2,5,5,10
1086,3180,1789,1391,0,54,"VIC","Urban","6:00 AM - 12:00 PM",0,0,0,1,126,1,3,5,5,10
686,2227,1854,373,1,39,"NT","Urban","6:00 PM - 12:00 AM",1,0,0,1,180,3,4,3,3,6
946,3043,1558,1485,1,51,"VIC","Urban","12:00 PM - 6:00 PM",1,0,1,2,174,1,3,1,0,1
1176,2823,1627,1196,0,56,"QLD","Urban","6:00 AM - 12:00 PM",1,0,0,3,162,2,3,7,7,14
1778,4481,1993,2488,0,54,"NSW","Urban","6:00 PM - 12:00 AM",0,0,1,3,126,2,2,3,6,9
478,343,0,343,0,28,"NSW","Urban","6:00 PM - 12:00 AM",0,1,0,3,90,1,4,9,10,19
1082,3690,1952,1738,0,52,"NSW","Regional","6:00 AM - 12:00 PM",0,0,1,3,132,2,2,5,5,10
270,1283,0,1283,0,38,"SA","Urban","12:00 AM - 6:00 AM",1,0,0,3,84,2,2,10,10,20
787,4517,2383,2134,1,43,"NSW","Urban","6:00 PM - 12:00 AM",0,0,0,2,150,3,2,4,3,7
1229,434,0,434,1,26,"NSW","Regional","6:00 AM - 12:00 PM",1,1,1,3,102,1,2,4,4,8
1559,297,0,297,1,22,"ACT","Urban","6:00 AM - 12:00 PM",1,1,0,3,30,2,4,4,0,4
1574,358,0,358,1,22,"NSW","Regional","6:00 AM - 12:00 PM",1,0,0,3,150,2,3,3,2,5
481,277,0,277,1,21,"NSW","Urban","6:00 PM - 12:00 AM",0,1,0,3,132,2,4,7,4,11
171,601,0,601,0,25,"TAS","Urban","12:00 AM - 6:00 AM",1,1,0,2,36,1,4,3,0,3
336,335,0,335,1,20,"WA","Urban","12:00 PM - 6:00 PM",1,1,0,3,138,1,2,7,6,13
1345,298,0,298,0,25,"NSW","Urban","6:00 AM - 12:00 PM",1,1,0,3,150,1,3,7,5,12
739,413,0,413,1,23,"NSW","Urban","6:00 PM - 12:00 AM",1,0,0,2,126,2,3,8,3,11
623,218,0,218,0,24,"NSW","Urban","6:00 PM - 12:00 AM",1,1,0,3,126,1,4,9,7,16
1557,415,0,415,1,31,"VIC","Urban","12:00 PM - 6:00 PM",1,1,0,3,78,1,2,9,7,16
1548,4025,1950,2075,1,49,"NSW","Urban","6:00 AM - 12:00 PM",0,0,0,3,72,2,2,10,10,20
1392,501,0,501,0,39,"VIC","Urban","6:00 AM - 12:00 PM",1,1,0,3,60,1,3,1,5,6
1316,3594,1905,1689,1,50,"TAS","Urban","6:00 AM - 12:00 PM",0,0,1,3,42,3,3,5,9,14
1827,3678,2126,1552,1,56,"NT","Urban","6:00 PM - 12:00 AM",1,0,1,3,12,1,2,0,0,0
996,1471,1327,144,1,44,"VIC","Urban","6:00 AM - 12:00 PM",1,1,1,3,168,2,3,2,1,3
444,4263,2393,1870,0,53,"NSW","Urban","6:00 PM - 12:00 AM",1,0,0,1,132,4,2,9,9,18
1054,319,0,319,1,21,"VIC","Regional","6:00 AM - 12:00 PM",1,1,1,1,66,1,2,7,4,11
329,195,0,195,0,20,"VIC","Urban","6:00 PM - 12:00 AM",1,1,1,2,174,1,3,0,1,1
25,918,0,918,1,36,"VIC","Urban","12:00 PM - 6:00 PM",1,1,0,1,42,1,3,4,3,7
1606,1913,1645,268,1,37,"VIC","Urban","6:00 AM - 12:00 PM",1,1,1,3,96,2,2,6,7,13
448,3772,2042,1730,1,58,"NT","Urban","6:00 PM - 12:00 AM",0,0,0,3,24,1,2,2,6,8
1716,1328,0,1328,1,41,"NSW","Urban","6:00 PM - 12:00 AM",0,1,0,3,90,1,2,10,10,20
1282,1370,1233,137,1,31,"TAS","Remote","6:00 AM - 12:00 PM",1,1,0,1,144,1,3,4,8,12
1945,4365,2491,1874,0,51,"NSW","Regional","6:00 PM - 12:00 AM",0,0,1,2,138,4,3,9,10,19
1591,1064,0,1064,1,36,"NSW","Regional","12:00 PM - 6:00 PM",1,1,0,3,24,1,3,8,3,11
1447,270,0,270,1,22,"ACT","Urban","12:00 PM - 6:00 PM",1,1,1,2,24,2,3,4,1,5
1583,408,0,408,1,25,"NSW","Urban","6:00 AM - 12:00 PM",1,1,0,1,168,1,4,8,3,11
1733,3360,1800,1560,0,54,"NT","Urban","6:00 PM - 12:00 AM",0,0,1,3,60,2,3,8,7,15
391,4015,2283,1732,0,49,"WA","Urban","12:00 PM - 6:00 PM",0,0,1,2,84,2,3,10,10,20
1500,769,0,769,1,26,"VIC","Urban","6:00 AM - 12:00 PM",1,1,1,1,96,1,3,6,6,12
1976,2959,1626,1333,1,60,"TAS","Urban","6:00 PM - 12:00 AM",0,0,1,3,120,1,2,10,9,19
916,2129,1900,229,1,48,"QLD","Regional","6:00 AM - 12:00 PM",0,1,1,3,90,1,4,10,10,20
546,1548,0,1548,1,50,"ACT","Regional","12:00 PM - 6:00 PM",0,0,0,3,174,4,2,2,1,3
373,217,0,217,1,55,"VIC","Urban","6:00 PM - 12:00 AM",1,1,0,2,54,1,4,6,5,11
1310,3529,1617,1912,1,46,"WA","Urban","6:00 AM - 12:00 PM",1,0,1,3,42,1,5,3,0,3
1504,3967,2123,1844,1,49,"WA","Remote","6:00 AM - 12:00 PM",0,0,0,2,30,2,4,7,6,13
1319,1616,1292,324,1,38,"VIC","Urban","6:00 AM - 12:00 PM",0,1,1,3,84,2,2,4,4,8
648,3941,2070,1871,0,52,"NSW","Urban","6:00 PM - 12:00 AM",1,0,0,3,132,4,4,7,7,14
1848,288,0,288,1,27,"NT","Urban","6:00 PM - 12:00 AM",0,1,0,3,108,1,2,7,6,13
1601,1710,1437,273,1,37,"TAS","Urban","6:00 AM - 12:00 PM",1,0,0,3,174,1,2,5,2,7
241,2911,1667,1244,0,59,"TAS","Urban","12:00 AM - 6:00 AM",0,1,0,3,18,2,4,5,5,10
10,3292,1786,1506,0,58,"WA","Urban","12:00 AM - 6:00 AM",1,0,0,3,48,3,2,8,4,12
1010,2278,1508,770,1,60,"NSW","Regional","6:00 AM - 12:00 PM",0,1,0,2,30,4,2,0,0,0
1010,2278,1508,770,1,60,"NSW","Regional","6:00 AM - 12:00 PM",0,1,0,2,30,4,2,0,0,0
636,1276,0,1276,0,43,"TAS","Urban","6:00 PM - 12:00 AM",1,1,1,2,48,2,4,7,8,15
1245,1010,0,1010,1,42,"QLD","Urban","6:00 AM - 12:00 PM",0,1,0,3,108,2,3,4,3,7
1391,241,0,241,0,22,"VIC","Urban","12:00 PM - 6:00 PM",1,1,0,2,126,1,5,8,8,16
1336,4836,2572,2264,0,52,"WA","Urban","12:00 PM - 6:00 PM",1,0,1,3,30,3,2,7,7,14
303,542,0,542,0,29,"VIC","Urban","6:00 PM - 12:00 AM",1,1,1,3,138,1,3,4,2,6
153,3414,1763,1651,0,49,"NSW","Urban","12:00 AM - 6:00 AM",0,0,0,3,120,1,1,10,10,20
999,1349,1147,202,0,24,"VIC","Urban","6:00 AM - 12:00 PM",1,1,1,3,174,1,4,2,0,2
944,1971,1752,219,1,47,"VIC","Urban","6:00 AM - 12:00 PM",1,1,0,3,78,2,3,5,5,10
269,184,0,184,1,21,"NT","Urban","12:00 PM - 6:00 PM",1,1,0,1,72,1,3,3,2,5
1157,3078,1913,1165,1,54,"NSW","Urban","6:00 AM - 12:00 PM",0,0,0,3,48,4,4,6,6,12
1654,2870,1607,1263,0,51,"NSW","Urban","6:00 PM - 12:00 AM",0,0,0,3,114,4,2,4,8,12
1111,3945,1992,1953,0,57,"WA","Urban","6:00 AM - 12:00 PM",0,0,1,2,66,1,4,10,10,20
792,3251,1891,1360,1,47,"NSW","Urban","6:00 PM - 12:00 AM",0,0,1,3,78,3,5,10,10,20
463,1192,0,1192,0,37,"NSW","Urban","6:00 PM - 12:00 AM",0,1,1,2,102,2,4,8,10,18
1512,200,0,200,0,24,"VIC","Urban","6:00 AM - 12:00 PM",1,1,0,1,18,1,3,0,0,0
258,303,0,303,0,25,"NT","Urban","12:00 PM - 6:00 PM",1,1,1,2,114,1,2,6,5,11
127,2236,1637,599,0,40,"NSW","Urban","12:00 AM - 6:00 AM",1,0,0,3,162,1,3,4,2,6
826,1814,1505,309,0,38,"QLD","Urban","6:00 PM - 12:00 AM",1,0,0,3,108,2,4,10,10,20
668,1540,1328,212,0,30,"SA","Urban","12:00 PM - 6:00 PM",1,1,0,3,138,1,2,3,6,9
1198,993,0,993,0,43,"NSW","Urban","6:00 AM - 12:00 PM",1,1,1,3,36,1,3,5,3,8
857,3759,2216,1543,1,53,"QLD","Urban","12:00 PM - 6:00 PM",1,0,1,2,132,3,3,10,9,19
1338,132,0,132,0,24,"NSW","Regional","6:00 AM - 12:00 PM",0,1,1,3,24,1,4,4,7,11
880,214,0,214,1,47,"ACT","Urban","6:00 PM - 12:00 AM",1,0,0,3,162,1,4,6,6,12
1175,3715,1779,1936,0,55,"VIC","Urban","6:00 AM - 12:00 PM",1,0,1,3,30,1,4,5,4,9
364,1471,1306,165,1,20,"NT","Regional","6:00 PM - 12:00 AM",1,1,1,2,162,2,4,6,10,16
573,484,0,484,0,36,"NSW","Regional","6:00 PM - 12:00 AM",0,1,0,1,156,2,3,7,10,17
528,593,0,593,1,34,"NT","Urban","6:00 PM - 12:00 AM",0,1,1,3,42,1,2,10,5,15
259,3483,2021,1462,1,42,"NSW","Urban","12:00 AM - 6:00 AM",0,1,0,2,84,2,3,4,3,7
1775,245,0,245,1,38,"NSW","Urban","6:00 PM - 12:00 AM",1,1,0,3,114,1,2,8,7,15
1152,4519,2550,1969,1,50,"NSW","Urban","6:00 AM - 12:00 PM",0,0,1,3,150,1,3,3,3,6
1557,415,0,415,1,31,"VIC","Urban","12:00 PM - 6:00 PM",1,1,0,3,78,1,2,9,7,16
886,197,0,197,0,37,"VIC","Urban","6:00 AM - 12:00 PM",1,1,0,1,120,1,3,7,2,9
952,346,0,346,0,25,"VIC","Urban","6:00 AM - 12:00 PM",1,1,0,3,96,1,2,3,3,6
232,1236,1020,216,1,22,"SA","Remote","12:00 AM - 6:00 AM",1,0,1,2,168,2,4,4,4,8
850,3487,1991,1496,1,46,"NSW","Urban","6:00 PM - 12:00 AM",0,0,1,2,72,1,3,6,5,11
19,3387,2250,1137,0,58,"NSW","Urban","12:00 AM - 6:00 AM",1,0,0,1,60,4,3,4,5,9
1946,207,0,207,0,20,"QLD","Urban","12:00 PM - 6:00 PM",1,1,0,3,90,1,2,5,6,11
1943,991,0,991,1,35,"NSW","Urban","6:00 PM - 12:00 AM",0,0,0,3,48,2,3,9,9,18
142,1670,1446,224,1,27,"NSW","Urban","12:00 AM - 6:00 AM",1,0,1,3,90,2,1,9,5,14
1398,3837,2140,1697,0,42,"NSW","Urban","6:00 AM - 12:00 PM",1,0,1,3,102,1,3,4,4,8
644,3804,2217,1587,0,42,"ACT","Regional","6:00 PM - 12:00 AM",0,0,0,2,156,2,3,5,4,9
449,1729,1410,319,1,40,"NT","Urban","6:00 PM - 12:00 AM",1,1,0,3,72,1,5,6,5,11
780,2127,1838,289,0,41,"NT","Regional","12:00 PM - 6:00 PM",0,1,0,3,66,1,3,3,7,10
1213,315,0,315,1,22,"NSW","Urban","12:00 PM - 6:00 PM",1,1,0,2,174,2,3,4,8,12
1311,428,0,428,1,28,"NT","Urban","6:00 AM - 12:00 PM",1,1,0,2,138,1,2,3,5,8
510,4462,1970,2492,1,52,"ACT","Urban","6:00 PM - 12:00 AM",0,0,0,2,168,4,3,4,7,11
1628,235,0,235,0,19,"VIC","Regional","6:00 PM - 12:00 AM",1,1,0,3,120,2,2,10,10,20
1166,2910,1494,1416,1,50,"TAS","Urban","6:00 AM - 12:00 PM",1,0,1,3,42,1,2,9,5,14
705,1458,0,1458,0,35,"NSW","Regional","6:00 PM - 12:00 AM",0,1,0,2,24,1,5,0,4,4
873,2604,1360,1244,1,54,"WA","Urban","6:00 PM - 12:00 AM",0,0,0,3,48,3,3,4,7,11
1812,518,0,518,1,28,"TAS","Urban","6:00 PM - 12:00 AM",0,1,0,1,66,2,3,5,4,9
1664,1046,0,1046,1,44,"NSW","Urban","6:00 PM - 12:00 AM",1,1,0,3,168,1,3,2,2,4
300,177,0,177,1,53,"NSW","Regional","12:00 AM - 6:00 AM",1,0,0,3,42,1,4,3,3,6
1481,4394,2437,1957,0,58,"TAS","Urban","6:00 AM - 12:00 PM",0,0,1,2,114,1,3,10,10,20
971,231,0,231,0,24,"VIC","Urban","6:00 AM - 12:00 PM",1,1,0,3,180,1,2,5,2,7
