"ID","TotalSpending","InternationalSpend","DomesticSpend","Female","Age","HomeState","HomeRegion","BookingTime","DeviceTypeMobileTablet","Windows.Android","PromotionsUsed","EaseOfUse","UsageDuration","BookingCount","AvailableFlights","Satisfaction","NetPromoterScore","TotalSatisfaction"
810,4277,2357,1920,0,46,"NT","Regional","6:00 PM - 12:00 AM",0,0,0,3,174,2,3,7,6,13
1147,1467,1245,222,0,36,"ACT","Urban","12:00 PM - 6:00 PM",0,1,0,3,150,2,2,7,9,16
755,1768,1482,286,0,33,"NSW","Urban","6:00 PM - 12:00 AM",1,1,1,3,72,1,3,10,10,20
1683,1242,0,1242,0,36,"NSW","Urban","6:00 PM - 12:00 AM",1,1,1,3,96,1,2,4,6,10
107,221,0,221,0,55,"ACT","Urban","12:00 AM - 6:00 AM",0,1,0,3,78,1,2,5,4,9
1481,4394,2437,1957,0,58,"TAS","Urban","6:00 AM - 12:00 PM",0,0,1,2,114,1,3,10,10,20
117,3071,1802,1269,1,58,"NSW","Urban","12:00 AM - 6:00 AM",0,1,1,3,174,2,3,1,1,2
884,1847,1441,406,0,27,"VIC","Urban","6:00 AM - 12:00 PM",0,1,0,3,72,1,3,4,3,7
32,395,0,395,1,24,"NT","Urban","12:00 AM - 6:00 AM",0,1,1,2,30,2,3,0,0,0
257,2223,1807,416,1,39,"NT","Urban","12:00 AM - 6:00 AM",1,0,0,3,108,1,3,8,8,16
1496,174,0,174,1,56,"NSW","Regional","6:00 AM - 12:00 PM",1,0,1,1,102,1,2,8,8,16
165,3974,1967,2007,0,41,"NSW","Regional","12:00 AM - 6:00 AM",0,0,1,3,162,2,2,2,2,4
1687,3658,2111,1547,0,57,"NSW","Regional","6:00 PM - 12:00 AM",1,0,0,2,150,3,2,4,4,8
902,1472,1181,291,0,36,"NSW","Urban","12:00 PM - 6:00 PM",1,1,1,3,18,2,2,5,5,10
38,209,0,209,1,48,"TAS","Urban","12:00 AM - 6:00 AM",0,1,0,1,150,1,3,8,8,16
41,1987,1773,214,0,43,"WA","Urban","12:00 AM - 6:00 AM",1,1,1,1,174,1,3,0,0,0
1559,297,0,297,1,22,"ACT","Urban","6:00 AM - 12:00 PM",1,1,0,3,30,2,4,4,0,4
757,3827,2001,1826,1,46,"QLD","Urban","12:00 PM - 6:00 PM",1,0,1,1,180,2,3,6,5,11
1927,1601,1382,219,1,28,"NSW","Urban","6:00 PM - 12:00 AM",0,1,0,1,54,2,4,8,8,16
707,4626,2568,2058,0,48,"VIC","Urban","6:00 PM - 12:00 AM",1,0,0,3,18,1,3,0,0,0
1874,3668,2076,1592,0,56,"ACT","Urban","6:00 PM - 12:00 AM",1,1,0,2,72,4,4,5,3,8
1747,4358,2345,2013,0,60,"QLD","Urban","6:00 PM - 12:00 AM",1,0,1,3,78,4,3,10,10,20
1180,326,0,326,0,21,"SA","Regional","12:00 PM - 6:00 PM",0,1,1,2,120,2,3,10,10,20
313,390,0,390,1,28,"VIC","Urban","12:00 PM - 6:00 PM",1,1,0,3,48,2,2,6,2,8
673,182,0,182,0,31,"NT","Urban","6:00 PM - 12:00 AM",0,1,0,3,48,1,3,4,3,7
971,231,0,231,0,24,"VIC","Urban","6:00 AM - 12:00 PM",1,1,0,3,180,1,2,5,2,7
1202,1693,1468,225,1,40,"VIC","Regional","12:00 PM - 6:00 PM",0,1,0,3,168,1,3,5,7,12
137,198,0,198,1,59,"NSW","Urban","12:00 AM - 6:00 AM",0,1,0,3,42,1,3,10,5,15
264,3586,2147,1439,0,52,"NT","Regional","12:00 AM - 6:00 AM",0,0,0,1,48,2,5,10,10,20
78,354,0,354,0,21,"TAS","Urban","12:00 AM - 6:00 AM",0,1,0,3,144,2,4,4,3,7
1023,246,0,246,1,55,"VIC","Urban","6:00 AM - 12:00 PM",1,1,1,2,36,1,5,2,2,4
250,1440,1322,118,1,28,"VIC","Regional","12:00 AM - 6:00 AM",1,0,0,3,78,2,2,6,10,16
1630,3830,1978,1852,1,55,"NT","Urban","6:00 PM - 12:00 AM",0,0,0,3,156,3,3,5,5,10
1899,1457,1269,188,1,27,"NT","Remote","6:00 PM - 12:00 AM",1,0,0,3,90,1,4,10,9,19
455,490,0,490,1,26,"ACT","Urban","6:00 PM - 12:00 AM",1,1,0,1,180,2,4,3,3,6
279,4347,1858,2489,1,51,"NSW","Regional","12:00 AM - 6:00 AM",0,1,0,3,60,3,2,8,8,16
148,3785,2091,1694,1,46,"QLD","Urban","12:00 AM - 6:00 AM",0,0,0,2,180,2,2,2,0,2
1847,634,0,634,1,34,"TAS","Urban","6:00 PM - 12:00 AM",0,1,1,3,96,1,3,8,8,16
665,934,0,934,0,24,"NSW","Urban","6:00 PM - 12:00 AM",0,0,1,2,138,2,2,7,9,16
1489,4181,2112,2069,0,53,"TAS","Urban","6:00 AM - 12:00 PM",0,0,1,2,174,1,1,4,5,9
602,279,0,279,1,20,"NSW","Urban","12:00 PM - 6:00 PM",1,1,1,1,102,1,3,4,4,8
1488,217,0,217,0,21,"ACT","Regional","6:00 AM - 12:00 PM",1,1,1,3,108,1,2,10,8,18
776,4062,1997,2065,0,60,"QLD","Urban","6:00 PM - 12:00 AM",0,0,0,3,90,1,3,8,8,16
1085,1997,1572,425,0,41,"VIC","Urban","6:00 AM - 12:00 PM",1,1,0,3,96,2,2,6,7,13
1442,4432,2390,2042,0,47,"VIC","Urban","6:00 AM - 12:00 PM",1,0,0,3,48,3,4,0,4,4
1013,286,0,286,0,20,"NSW","Urban","12:00 PM - 6:00 PM",0,1,1,2,54,2,3,6,5,11
288,2773,1727,1046,1,59,"QLD","Regional","12:00 AM - 6:00 AM",0,0,0,1,30,2,4,6,9,15
931,1729,1454,275,1,40,"VIC","Urban","6:00 AM - 12:00 PM",1,1,1,3,90,1,3,10,10,20
1870,2962,1678,1284,1,49,"QLD","Urban","6:00 PM - 12:00 AM",1,0,0,3,60,2,4,10,10,20
1166,2910,1494,1416,1,50,"TAS","Urban","6:00 AM - 12:00 PM",1,0,1,3,42,1,2,9,5,14
1602,1797,1506,291,1,29,"VIC","Urban","12:00 PM - 6:00 PM",1,1,0,3,144,1,3,10,9,19
94,815,0,815,1,24,"VIC","Urban","12:00 AM - 6:00 AM",0,1,1,2,42,2,3,9,8,17
1011,1422,0,1422,0,58,"NT","Urban","6:00 AM - 12:00 PM",0,1,1,3,24,1,3,5,8,13
1369,3552,1808,1744,0,50,"VIC","Urban","12:00 PM - 6:00 PM",0,0,0,1,84,3,2,8,8,16
818,1278,0,1278,0,35,"NSW","Urban","6:00 PM - 12:00 AM",1,1,1,3,36,1,2,0,0,0
1046,329,0,329,0,22,"ACT","Urban","12:00 PM - 6:00 PM",1,1,1,3,24,1,2,2,0,2
1069,2095,1792,303,0,52,"NSW","Remote","6:00 AM - 12:00 PM",0,0,0,3,108,1,1,10,9,19
1891,1344,0,1344,1,44,"NSW","Urban","12:00 PM - 6:00 PM",0,1,0,3,30,2,3,3,5,8
87,268,0,268,1,28,"VIC","Regional","12:00 AM - 6:00 AM",1,0,1,3,72,1,4,7,7,14
517,2949,1719,1230,1,59,"NSW","Urban","6:00 PM - 12:00 AM",0,0,0,3,66,4,2,10,9,19
1230,216,0,216,0,38,"NSW","Remote","6:00 AM - 12:00 PM",1,1,1,2,108,1,2,4,4,8
1689,2937,1707,1230,1,46,"NSW","Regional","6:00 PM - 12:00 AM",1,0,0,2,18,1,3,0,1,1
1638,181,0,181,1,41,"VIC","Urban","6:00 PM - 12:00 AM",1,1,1,3,90,1,3,10,10,20
573,484,0,484,0,36,"NSW","Regional","6:00 PM - 12:00 AM",0,1,0,1,156,2,3,7,10,17
171,601,0,601,0,25,"TAS","Urban","12:00 AM - 6:00 AM",1,1,0,2,36,1,4,3,0,3
810,4277,2357,1920,0,46,"NT","Regional","6:00 PM - 12:00 AM",0,0,0,3,174,2,3,7,6,13
1170,2093,1598,495,0,44,"QLD","Remote","6:00 AM - 12:00 PM",1,1,1,2,120,1,4,9,10,19
1303,1323,1173,150,1,27,"NSW","Urban","6:00 AM - 12:00 PM",0,1,1,2,174,1,1,4,6,10
1686,3716,2157,1559,0,54,"NT","Urban","6:00 PM - 12:00 AM",0,0,0,2,120,2,2,10,10,20
18,919,0,919,1,33,"WA","Urban","12:00 AM - 6:00 AM",1,1,0,1,180,1,2,0,0,0
1089,3767,1908,1859,0,47,"ACT","Urban","6:00 AM - 12:00 PM",0,0,0,3,132,3,4,6,5,11
328,465,0,465,0,34,"VIC","Urban","6:00 PM - 12:00 AM",1,1,1,3,180,2,3,3,2,5
649,207,0,207,1,46,"NSW","Urban","6:00 PM - 12:00 AM",0,1,0,1,168,1,2,9,4,13
1397,1917,1555,362,1,30,"NSW","Remote","6:00 AM - 12:00 PM",0,0,0,1,144,2,4,9,10,19
532,268,0,268,1,53,"VIC","Regional","6:00 PM - 12:00 AM",0,1,0,3,174,1,3,0,0,0
1226,1810,1475,335,0,38,"SA","Urban","6:00 AM - 12:00 PM",0,1,0,3,24,2,4,3,0,3
1743,1414,0,1414,1,41,"ACT","Urban","6:00 PM - 12:00 AM",1,1,0,3,156,4,2,2,2,4
1288,4086,1976,2110,0,50,"NSW","Urban","6:00 AM - 12:00 PM",0,0,0,3,90,3,3,8,5,13
1222,3969,2057,1912,0,49,"NSW","Urban","6:00 AM - 12:00 PM",1,0,0,2,102,3,2,6,8,14
1728,181,0,181,1,52,"SA","Urban","6:00 PM - 12:00 AM",1,1,1,3,138,1,2,7,6,13
244,1562,1383,179,0,28,"NSW","Urban","12:00 AM - 6:00 AM",1,0,0,3,54,2,2,2,2,4
1297,294,0,294,1,23,"NSW","Urban","6:00 AM - 12:00 PM",0,1,0,1,12,1,1,0,0,0
1801,3276,1859,1417,0,55,"NSW","Urban","6:00 PM - 12:00 AM",1,0,0,3,156,3,3,6,10,16
962,385,0,385,1,29,"TAS","Regional","6:00 AM - 12:00 PM",1,1,0,3,174,2,5,5,5,10
1906,4768,2673,2095,1,56,"NSW","Remote","6:00 PM - 12:00 AM",1,0,0,3,180,1,4,0,0,0
1783,1873,1691,182,0,41,"NSW","Urban","6:00 PM - 12:00 AM",1,1,0,3,60,2,2,7,6,13
353,372,0,372,1,38,"SA","Urban","6:00 PM - 12:00 AM",1,1,1,3,48,2,1,9,8,17
478,343,0,343,0,28,"NSW","Urban","6:00 PM - 12:00 AM",0,1,0,3,90,1,4,9,10,19
399,1048,0,1048,1,43,"ACT","Regional","6:00 PM - 12:00 AM",1,1,1,1,18,2,2,0,0,0
731,3649,1754,1895,0,41,"TAS","Urban","6:00 PM - 12:00 AM",0,0,0,3,72,4,2,9,10,19
1819,1419,1302,117,1,37,"NSW","Urban","6:00 PM - 12:00 AM",1,1,0,1,84,2,3,10,9,19
88,162,0,162,1,23,"NSW","Regional","12:00 AM - 6:00 AM",1,0,1,3,102,1,2,8,6,14
121,1345,0,1345,0,39,"VIC","Urban","12:00 AM - 6:00 AM",0,0,0,2,72,1,3,9,9,18
509,428,0,428,1,38,"QLD","Regional","6:00 PM - 12:00 AM",0,1,0,2,156,2,3,0,2,2
1157,3078,1913,1165,1,54,"NSW","Urban","6:00 AM - 12:00 PM",0,0,0,3,48,4,4,6,6,12
1295,3517,1883,1634,1,47,"SA","Urban","6:00 AM - 12:00 PM",1,0,1,2,72,4,4,6,4,10
1806,222,0,222,1,23,"NSW","Urban","6:00 PM - 12:00 AM",0,1,0,3,66,1,3,7,4,11
808,1056,0,1056,0,31,"SA","Regional","6:00 PM - 12:00 AM",1,1,1,3,84,2,4,7,7,14
142,1670,1446,224,1,27,"NSW","Urban","12:00 AM - 6:00 AM",1,0,1,3,90,2,1,9,5,14
1839,1336,0,1336,1,42,"TAS","Urban","6:00 PM - 12:00 AM",0,1,0,3,30,1,2,1,1,2
714,1392,0,1392,0,36,"QLD","Regional","6:00 PM - 12:00 AM",0,0,1,3,24,1,3,1,1,2
1398,3837,2140,1697,0,42,"NSW","Urban","6:00 AM - 12:00 PM",1,0,1,3,102,1,3,4,4,8
1685,136,0,136,0,20,"QLD","Remote","6:00 PM - 12:00 AM",1,1,1,3,72,1,2,5,4,9
169,501,0,501,1,34,"NSW","Urban","12:00 PM - 6:00 PM",1,1,0,3,120,1,3,9,8,17
1045,217,0,217,1,38,"VIC","Urban","6:00 AM - 12:00 PM",1,1,0,1,150,1,4,5,4,9
1654,2870,1607,1263,0,51,"NSW","Urban","6:00 PM - 12:00 AM",0,0,0,3,114,4,2,4,8,12
1082,3690,1952,1738,0,52,"NSW","Regional","6:00 AM - 12:00 PM",0,0,1,3,132,2,2,5,5,10
732,4141,2422,1719,1,57,"NSW","Remote","6:00 PM - 12:00 AM",1,1,0,3,144,2,3,9,9,18
84,198,0,198,0,22,"NSW","Urban","12:00 AM - 6:00 AM",0,0,1,3,144,1,2,9,8,17
1544,4137,2304,1833,0,55,"ACT","Urban","6:00 AM - 12:00 PM",0,0,1,2,180,2,3,6,7,13
540,244,0,244,0,50,"NT","Urban","6:00 PM - 12:00 AM",0,1,0,2,180,1,2,0,0,0
364,1471,1306,165,1,20,"NT","Regional","6:00 PM - 12:00 AM",1,1,1,2,162,2,4,6,10,16
1570,4038,2211,1827,0,51,"WA","Urban","6:00 AM - 12:00 PM",0,1,0,3,156,1,4,7,9,16
1873,2667,1718,949,1,33,"WA","Urban","6:00 PM - 12:00 AM",0,0,0,1,132,1,4,10,8,18
360,628,0,628,0,40,"VIC","Urban","6:00 PM - 12:00 AM",1,1,1,1,126,1,3,5,5,10
929,259,0,259,1,38,"VIC","Urban","6:00 AM - 12:00 PM",1,1,1,2,72,1,5,3,6,9
1378,361,0,361,0,21,"NSW","Urban","6:00 AM - 12:00 PM",1,1,0,2,72,2,2,7,7,14
1660,3257,1975,1282,1,48,"VIC","Urban","6:00 PM - 12:00 AM",0,0,1,2,126,2,2,9,6,15
1286,816,0,816,0,38,"NT","Urban","6:00 AM - 12:00 PM",0,1,0,3,120,1,3,4,4,8
661,1487,0,1487,1,40,"NSW","Urban","6:00 PM - 12:00 AM",1,1,1,2,162,2,2,6,7,13
1572,257,0,257,1,53,"SA","Urban","6:00 AM - 12:00 PM",1,0,0,1,150,1,3,4,4,8
575,251,0,251,0,53,"NSW","Urban","6:00 PM - 12:00 AM",0,1,1,2,30,1,5,0,2,2
955,306,0,306,1,22,"NSW","Regional","6:00 AM - 12:00 PM",1,1,1,3,66,1,2,5,9,14
35,157,0,157,0,40,"NSW","Urban","12:00 AM - 6:00 AM",0,1,0,3,168,1,2,1,1,2
1245,1010,0,1010,1,42,"QLD","Urban","6:00 AM - 12:00 PM",0,1,0,3,108,2,3,4,3,7
1757,271,0,271,1,23,"SA","Regional","12:00 PM - 6:00 PM",0,1,1,3,132,1,3,10,9,19
1315,4408,2264,2144,0,46,"NSW","Urban","6:00 AM - 12:00 PM",0,0,1,2,114,2,3,5,5,10
1711,213,0,213,0,27,"NSW","Urban","6:00 PM - 12:00 AM",0,1,1,2,42,1,2,5,1,6
1988,147,0,147,0,25,"VIC","Urban","6:00 PM - 12:00 AM",1,1,0,3,72,1,1,5,5,10
996,1471,1327,144,1,44,"VIC","Urban","6:00 AM - 12:00 PM",1,1,1,3,168,2,3,2,1,3
1453,166,0,166,1,43,"VIC","Urban","6:00 AM - 12:00 PM",0,0,0,3,120,1,3,10,10,20
1879,3917,2123,1794,0,55,"NT","Urban","12:00 PM - 6:00 PM",0,0,1,3,90,3,2,5,5,10
1403,490,0,490,0,23,"NT","Urban","6:00 AM - 12:00 PM",1,0,1,3,30,1,5,2,2,4
578,413,0,413,1,29,"NSW","Urban","6:00 PM - 12:00 AM",1,1,1,2,156,1,2,9,4,13
1976,2959,1626,1333,1,60,"TAS","Urban","6:00 PM - 12:00 AM",0,0,1,3,120,1,2,10,9,19
1975,660,0,660,1,27,"NSW","Urban","6:00 PM - 12:00 AM",1,1,1,1,18,1,3,1,0,1
1038,961,0,961,1,33,"VIC","Regional","6:00 AM - 12:00 PM",1,1,0,3,162,2,3,9,7,16
1801,3276,1859,1417,0,55,"NSW","Urban","6:00 PM - 12:00 AM",1,0,0,3,156,3,3,6,10,16
11,1875,1606,269,0,44,"NSW","Urban","12:00 AM - 6:00 AM",1,1,1,2,162,1,4,7,10,17
743,1103,0,1103,0,36,"NSW","Remote","6:00 PM - 12:00 AM",1,0,0,3,60,1,3,5,0,5
143,3395,1880,1515,1,59,"NSW","Urban","12:00 AM - 6:00 AM",0,0,1,2,42,2,3,10,5,15
16,416,0,416,1,28,"QLD","Urban","12:00 AM - 6:00 AM",0,1,1,2,126,2,2,7,5,12
975,1571,1330,241,0,26,"ACT","Urban","6:00 AM - 12:00 PM",1,1,1,2,42,1,3,0,4,4
1472,2497,1510,987,1,40,"NSW","Urban","6:00 AM - 12:00 PM",1,1,1,3,90,4,5,8,8,16
1538,4222,2311,1911,1,47,"NSW","Regional","6:00 AM - 12:00 PM",0,0,1,2,54,2,3,5,5,10
1494,4909,2478,2431,0,53,"VIC","Regional","6:00 AM - 12:00 PM",0,0,0,3,66,3,2,5,5,10
1370,579,0,579,1,36,"QLD","Urban","6:00 AM - 12:00 PM",1,1,0,3,162,1,4,3,5,8
1323,1562,1428,134,1,42,"WA","Regional","6:00 AM - 12:00 PM",0,1,1,3,84,2,4,9,8,17
231,1099,0,1099,0,31,"ACT","Urban","12:00 AM - 6:00 AM",1,0,0,1,84,2,2,10,10,20
566,997,0,997,1,45,"VIC","Urban","6:00 PM - 12:00 AM",0,1,0,3,174,2,3,3,2,5
893,1465,0,1465,1,43,"QLD","Urban","6:00 AM - 12:00 PM",1,1,0,1,126,4,2,6,4,10
1552,1871,1673,198,0,36,"NSW","Regional","6:00 AM - 12:00 PM",1,1,1,2,48,1,4,10,9,19
1951,1437,1110,327,1,26,"NSW","Urban","6:00 PM - 12:00 AM",1,0,1,3,150,1,4,3,6,9
890,390,0,390,1,22,"VIC","Urban","12:00 PM - 6:00 PM",1,1,1,3,126,1,3,8,5,13
1968,353,0,353,1,24,"VIC","Regional","12:00 PM - 6:00 PM",0,1,1,3,144,1,3,3,2,5
884,1847,1441,406,0,27,"VIC","Urban","6:00 AM - 12:00 PM",0,1,0,3,72,1,3,4,3,7
1280,1577,1377,200,0,39,"VIC","Regional","12:00 PM - 6:00 PM",1,1,1,3,156,2,3,7,7,14
1027,580,0,580,0,33,"VIC","Regional","6:00 AM - 12:00 PM",1,1,1,1,60,2,4,9,9,18
1359,218,0,218,0,24,"NSW","Urban","6:00 AM - 12:00 PM",0,1,0,3,120,1,2,8,7,15
1697,258,0,258,1,38,"VIC","Regional","6:00 PM - 12:00 AM",1,1,1,3,132,1,3,9,9,18
1108,3335,1846,1489,0,57,"NSW","Urban","6:00 AM - 12:00 PM",0,0,0,2,72,3,3,7,9,16
1054,319,0,319,1,21,"VIC","Regional","6:00 AM - 12:00 PM",1,1,1,1,66,1,2,7,4,11
477,266,0,266,1,24,"NSW","Regional","6:00 PM - 12:00 AM",0,1,1,1,126,1,3,10,10,20
1527,179,0,179,0,60,"NSW","Urban","6:00 AM - 12:00 PM",1,0,0,1,102,1,2,5,1,6
1504,3967,2123,1844,1,49,"WA","Remote","6:00 AM - 12:00 PM",0,0,0,2,30,2,4,7,6,13
1247,1661,1340,321,0,33,"TAS","Urban","12:00 PM - 6:00 PM",1,1,1,1,24,2,2,2,0,2
117,3071,1802,1269,1,58,"NSW","Urban","12:00 AM - 6:00 AM",0,1,1,3,174,2,3,1,1,2
798,214,0,214,1,51,"VIC","Urban","6:00 PM - 12:00 AM",1,0,0,3,120,1,3,6,5,11
288,2773,1727,1046,1,59,"QLD","Regional","12:00 AM - 6:00 AM",0,0,0,1,30,2,4,6,9,15
484,197,0,197,0,59,"NT","Urban","6:00 PM - 12:00 AM",0,1,0,3,144,1,4,5,8,13
1348,919,0,919,1,36,"NSW","Urban","6:00 AM - 12:00 PM",1,1,0,1,114,1,3,6,6,12
1993,734,0,734,1,28,"QLD","Regional","6:00 PM - 12:00 AM",1,1,0,1,168,2,3,7,4,11
942,2076,1525,551,0,49,"VIC","Regional","6:00 AM - 12:00 PM",1,1,0,3,90,1,3,6,6,12
1392,501,0,501,0,39,"VIC","Urban","6:00 AM - 12:00 PM",1,1,0,3,60,1,3,1,5,6
134,3978,2217,1761,1,48,"NT","Remote","12:00 AM - 6:00 AM",1,0,1,3,66,4,2,4,4,8
707,4626,2568,2058,0,48,"VIC","Urban","6:00 PM - 12:00 AM",1,0,0,3,18,1,3,0,0,0
1637,3506,1861,1645,0,59,"NT","Urban","6:00 PM - 12:00 AM",0,0,1,3,42,2,4,9,9,18
90,396,0,396,1,23,"SA","Urban","12:00 AM - 6:00 AM",0,0,0,3,132,1,4,8,8,16
525,4038,1928,2110,0,46,"TAS","Urban","6:00 PM - 12:00 AM",0,0,1,3,66,4,3,10,9,19
1697,258,0,258,1,38,"VIC","Regional","6:00 PM - 12:00 AM",1,1,1,3,132,1,3,9,9,18
290,339,0,339,0,25,"NSW","Urban","12:00 AM - 6:00 AM",1,1,0,3,30,2,3,2,2,4
1689,2937,1707,1230,1,46,"NSW","Regional","6:00 PM - 12:00 AM",1,0,0,2,18,1,3,0,1,1
989,1565,1284,281,0,35,"VIC","Urban","6:00 AM - 12:00 PM",1,1,1,3,144,1,3,7,7,14
1498,3366,1551,1815,0,49,"TAS","Remote","6:00 AM - 12:00 PM",0,0,0,3,126,2,4,10,9,19
122,1445,0,1445,1,36,"NSW","Urban","12:00 AM - 6:00 AM",0,1,0,1,180,1,2,0,0,0
566,997,0,997,1,45,"VIC","Urban","6:00 PM - 12:00 AM",0,1,0,3,174,2,3,3,2,5
1321,144,0,144,1,21,"NSW","Urban","6:00 AM - 12:00 PM",1,1,1,3,42,1,2,1,2,3
1125,401,0,401,1,29,"VIC","Remote","12:00 PM - 6:00 PM",1,1,1,3,54,2,2,10,9,19
7,3886,2152,1734,0,50,"SA","Urban","12:00 AM - 6:00 AM",1,0,1,3,120,3,3,4,3,7
1292,4068,2311,1757,0,46,"NSW","Urban","6:00 AM - 12:00 PM",0,0,0,3,54,2,3,4,3,7
1818,1515,1254,261,0,33,"NSW","Regional","6:00 PM - 12:00 AM",0,1,1,2,24,2,3,2,2,4
1371,361,0,361,0,23,"NT","Urban","6:00 AM - 12:00 PM",0,1,0,3,84,2,3,9,9,18
746,4795,2651,2144,1,52,"ACT","Urban","12:00 PM - 6:00 PM",1,0,1,3,120,3,4,8,8,16
1686,3716,2157,1559,0,54,"NT","Urban","6:00 PM - 12:00 AM",0,0,0,2,120,2,2,10,10,20
1641,1774,0,1774,1,51,"VIC","Regional","6:00 PM - 12:00 AM",1,1,1,3,90,3,3,10,9,19
1458,4443,2230,2213,0,51,"SA","Urban","12:00 PM - 6:00 PM",1,0,0,1,60,4,3,10,5,15
1032,1218,0,1218,0,49,"VIC","Urban","6:00 AM - 12:00 PM",1,1,1,3,150,1,3,2,1,3
1850,4457,2359,2098,0,49,"NSW","Urban","6:00 PM - 12:00 AM",0,0,0,3,12,1,3,5,4,9
501,196,0,196,1,30,"TAS","Regional","6:00 PM - 12:00 AM",0,1,1,1,78,1,4,10,10,20
1527,179,0,179,0,60,"NSW","Urban","6:00 AM - 12:00 PM",1,0,0,1,102,1,2,5,1,6
1581,1773,1618,155,1,34,"NSW","Remote","6:00 AM - 12:00 PM",1,1,1,3,132,2,4,5,5,10
1899,1457,1269,188,1,27,"NT","Remote","6:00 PM - 12:00 AM",1,0,0,3,90,1,4,10,9,19
850,3487,1991,1496,1,46,"NSW","Urban","6:00 PM - 12:00 AM",0,0,1,2,72,1,3,6,5,11
674,243,0,243,1,58,"NSW","Urban","6:00 PM - 12:00 AM",1,0,0,3,54,1,3,5,7,12
99,1654,1333,321,0,27,"WA","Urban","12:00 AM - 6:00 AM",1,0,0,1,138,1,3,1,3,4
482,236,0,236,0,47,"QLD","Regional","6:00 PM - 12:00 AM",1,1,1,3,162,1,2,6,7,13
1186,3527,2010,1517,0,48,"VIC","Urban","6:00 AM - 12:00 PM",0,0,1,1,156,1,3,7,4,11
1766,1722,1468,254,1,41,"NSW","Urban","6:00 PM - 12:00 AM",1,1,1,3,174,2,2,4,0,4
1371,361,0,361,0,23,"NT","Urban","6:00 AM - 12:00 PM",0,1,0,3,84,2,3,9,9,18
190,3779,2016,1763,1,60,"NSW","Regional","12:00 AM - 6:00 AM",0,0,0,3,96,2,3,10,10,20
1820,1197,0,1197,1,43,"NSW","Urban","6:00 PM - 12:00 AM",0,1,0,3,96,1,3,6,8,14
248,1030,0,1030,1,31,"QLD","Regional","12:00 AM - 6:00 AM",1,0,0,3,66,1,2,7,6,13
1242,999,0,999,1,30,"VIC","Urban","6:00 AM - 12:00 PM",0,1,0,3,168,2,3,4,8,12
1452,4245,2051,2194,1,49,"NSW","Remote","6:00 AM - 12:00 PM",1,1,0,3,42,2,3,3,0,3
1967,3158,1979,1179,1,54,"NSW","Urban","6:00 PM - 12:00 AM",0,0,1,3,120,3,3,5,3,8
688,3384,1934,1450,1,55,"SA","Regional","6:00 PM - 12:00 AM",0,0,0,1,120,2,2,8,4,12
1768,1625,1267,358,1,42,"SA","Urban","12:00 PM - 6:00 PM",1,1,1,3,138,1,3,4,3,7
1111,3945,1992,1953,0,57,"WA","Urban","6:00 AM - 12:00 PM",0,0,1,2,66,1,4,10,10,20
1670,1727,1428,299,1,35,"ACT","Urban","6:00 PM - 12:00 AM",1,1,0,1,84,2,2,5,4,9
1540,3285,1859,1426,1,47,"SA","Urban","6:00 AM - 12:00 PM",0,0,0,1,54,3,1,8,3,11
110,3680,2191,1489,0,55,"NSW","Urban","12:00 AM - 6:00 AM",1,1,0,3,180,2,2,7,2,9
1309,4065,2303,1762,1,52,"NSW","Urban","6:00 AM - 12:00 PM",0,0,1,1,150,3,4,6,3,9
965,234,0,234,1,39,"VIC","Regional","6:00 AM - 12:00 PM",1,1,0,1,174,1,2,2,3,5
68,417,0,417,1,22,"NSW","Urban","12:00 AM - 6:00 AM",1,1,0,3,108,2,2,5,5,10
953,257,0,257,1,18,"TAS","Regional","6:00 AM - 12:00 PM",1,1,0,3,18,1,3,2,1,3
1320,2926,1708,1218,1,48,"VIC","Regional","6:00 AM - 12:00 PM",1,0,0,2,144,2,3,10,9,19
1654,2870,1607,1263,0,51,"NSW","Urban","6:00 PM - 12:00 AM",0,0,0,3,114,4,2,4,8,12
1319,1616,1292,324,1,38,"VIC","Urban","6:00 AM - 12:00 PM",0,1,1,3,84,2,2,4,4,8
976,1262,0,1262,0,47,"NT","Urban","6:00 AM - 12:00 PM",0,1,1,2,78,2,2,4,4,8
272,4199,2172,2027,0,47,"NSW","Urban","12:00 AM - 6:00 AM",0,1,0,3,174,3,2,0,0,0
881,1112,0,1112,1,54,"QLD","Regional","6:00 AM - 12:00 PM",0,0,0,3,18,2,3,6,5,11
1839,1336,0,1336,1,42,"TAS","Urban","6:00 PM - 12:00 AM",0,1,0,3,30,1,2,1,1,2
214,4080,2520,1560,0,48,"VIC","Urban","12:00 AM - 6:00 AM",0,0,0,3,144,1,4,8,10,18
846,1269,0,1269,0,36,"VIC","Urban","12:00 PM - 6:00 PM",1,1,1,3,156,1,2,2,3,5
531,3924,1807,2117,1,60,"VIC","Urban","6:00 PM - 12:00 AM",0,0,1,2,162,3,3,3,2,5
999,1349,1147,202,0,24,"VIC","Urban","6:00 AM - 12:00 PM",1,1,1,3,174,1,4,2,0,2
1000,245,0,245,0,24,"VIC","Urban","6:00 AM - 12:00 PM",1,1,1,3,180,1,4,6,6,12
380,1380,1216,164,0,30,"SA","Urban","12:00 PM - 6:00 PM",1,1,1,3,84,1,4,7,3,10
1270,4187,2300,1887,1,51,"NSW","Regional","6:00 AM - 12:00 PM",1,0,1,1,138,2,3,9,4,13
1702,1544,1263,281,1,38,"TAS","Urban","12:00 PM - 6:00 PM",0,1,0,3,90,1,2,3,6,9
22,242,0,242,0,21,"SA","Urban","12:00 AM - 6:00 AM",1,1,0,3,150,1,2,3,3,6
322,205,0,205,0,35,"VIC","Urban","6:00 PM - 12:00 AM",1,1,1,1,84,1,4,5,4,9
734,3512,2201,1311,0,46,"QLD","Urban","6:00 PM - 12:00 AM",1,0,1,3,156,1,3,1,1,2
759,218,0,218,1,21,"ACT","Regional","6:00 PM - 12:00 AM",1,1,1,3,48,1,4,3,3,6
960,279,0,279,1,23,"VIC","Urban","6:00 AM - 12:00 PM",1,1,0,3,12,1,3,0,0,0
348,1022,0,1022,0,41,"SA","Regional","6:00 PM - 12:00 AM",1,1,0,2,54,1,3,9,9,18
160,3086,1718,1368,0,54,"WA","Urban","12:00 AM - 6:00 AM",0,0,1,3,162,1,2,5,5,10
1108,3335,1846,1489,0,57,"NSW","Urban","6:00 AM - 12:00 PM",0,0,0,2,72,3,3,7,9,16
6,500,0,500,0,33,"SA","Urban","12:00 AM - 6:00 AM",1,1,0,3,150,1,3,2,5,7
965,234,0,234,1,39,"VIC","Regional","6:00 AM - 12:00 PM",1,1,0,1,174,1,2,2,3,5
1467,367,0,367,0,21,"NSW","Urban","6:00 AM - 12:00 PM",1,1,1,3,138,2,4,4,7,11
651,3687,1928,1759,0,53,"NSW","Urban","6:00 PM - 12:00 AM",0,0,1,3,78,2,2,8,8,16
1196,206,0,206,0,60,"NSW","Urban","6:00 AM - 12:00 PM",1,1,1,2,96,1,3,5,5,10
983,878,0,878,0,35,"VIC","Urban","6:00 AM - 12:00 PM",1,1,1,3,138,1,2,10,10,20
186,2968,1748,1220,1,43,"SA","Urban","12:00 AM - 6:00 AM",0,0,1,3,168,4,5,5,5,10
1541,4152,2308,1844,1,53,"NSW","Regional","6:00 AM - 12:00 PM",0,0,0,3,30,1,2,0,1,1
1313,1376,0,1376,0,43,"NSW","Regional","12:00 PM - 6:00 PM",1,1,1,1,78,2,4,5,4,9
666,2760,1506,1254,1,40,"NSW","Urban","6:00 PM - 12:00 AM",0,1,0,3,84,2,4,7,8,15
1338,132,0,132,0,24,"NSW","Regional","6:00 AM - 12:00 PM",0,1,1,3,24,1,4,4,7,11
1234,4086,2260,1826,0,47,"SA","Regional","6:00 AM - 12:00 PM",1,0,0,1,54,4,4,4,3,7
1509,3499,1971,1528,0,52,"VIC","Urban","6:00 AM - 12:00 PM",0,0,0,3,72,2,4,6,5,11
1237,184,0,184,1,57,"WA","Urban","6:00 AM - 12:00 PM",1,1,1,3,150,1,3,2,2,4
714,1392,0,1392,0,36,"QLD","Regional","6:00 PM - 12:00 AM",0,0,1,3,24,1,3,1,1,2
1582,200,0,200,0,45,"NSW","Urban","6:00 AM - 12:00 PM",1,0,1,3,156,1,4,4,3,7
1251,487,0,487,0,36,"QLD","Urban","6:00 AM - 12:00 PM",0,1,1,3,60,2,4,2,6,8
1669,3946,1877,2069,0,55,"NSW","Regional","12:00 PM - 6:00 PM",0,0,0,2,132,2,3,8,6,14
103,404,0,404,1,21,"NT","Urban","12:00 AM - 6:00 AM",0,1,0,1,180,1,3,0,0,0
856,3518,1860,1658,0,55,"NSW","Regional","6:00 PM - 12:00 AM",0,1,1,2,12,2,2,4,3,7
1189,260,0,260,0,23,"VIC","Remote","6:00 AM - 12:00 PM",0,1,0,1,138,1,4,10,10,20
644,3804,2217,1587,0,42,"ACT","Regional","6:00 PM - 12:00 AM",0,0,0,2,156,2,3,5,4,9
1685,136,0,136,0,20,"QLD","Remote","6:00 PM - 12:00 AM",1,1,1,3,72,1,2,5,4,9
253,3791,1756,2035,1,42,"NSW","Remote","12:00 AM - 6:00 AM",0,1,0,2,30,3,3,3,5,8
133,219,0,219,0,52,"SA","Regional","12:00 AM - 6:00 AM",0,0,1,3,42,1,1,8,8,16
35,157,0,157,0,40,"NSW","Urban","12:00 AM - 6:00 AM",0,1,0,3,168,1,2,1,1,2
1536,4579,2334,2245,0,41,"NSW","Urban","6:00 AM - 12:00 PM",0,0,0,2,12,3,2,3,2,5
1893,2005,1558,447,0,38,"NSW","Regional","6:00 PM - 12:00 AM",0,0,0,1,102,1,3,10,10,20
469,634,0,634,1,37,"NSW","Urban","12:00 PM - 6:00 PM",1,1,1,2,90,2,3,10,10,20
1144,431,0,431,1,30,"NT","Regional","6:00 AM - 12:00 PM",0,1,0,2,132,2,4,9,10,19
1331,984,0,984,0,37,"VIC","Urban","6:00 AM - 12:00 PM",0,1,0,3,150,1,2,10,8,18
1377,742,0,742,1,29,"NSW","Regional","6:00 AM - 12:00 PM",1,1,0,1,126,1,4,4,4,8
252,3073,1705,1368,1,48,"NT","Regional","12:00 AM - 6:00 AM",0,0,0,3,42,2,3,8,8,16
1111,3945,1992,1953,0,57,"WA","Urban","6:00 AM - 12:00 PM",0,0,1,2,66,1,4,10,10,20
985,161,0,161,1,44,"VIC","Urban","6:00 AM - 12:00 PM",1,1,0,2,168,1,4,5,4,9
1631,379,0,379,0,28,"VIC","Urban","6:00 PM - 12:00 AM",1,1,0,2,54,1,2,3,2,5
306,1799,1430,369,1,31,"WA","Regional","6:00 PM - 12:00 AM",1,1,0,2,66,1,3,7,6,13
1823,4196,2353,1843,0,59,"VIC","Urban","6:00 PM - 12:00 AM",0,0,1,3,96,2,3,10,10,20
828,1619,1302,317,0,38,"NSW","Remote","6:00 PM - 12:00 AM",1,1,0,3,72,1,3,4,4,8
1856,1971,1467,504,1,40,"NSW","Urban","6:00 PM - 12:00 AM",0,1,1,3,162,2,3,1,0,1
784,2237,1873,364,0,35,"NSW","Urban","6:00 PM - 12:00 AM",1,1,0,3,162,2,3,3,6,9
1300,473,0,473,0,28,"NSW","Urban","6:00 AM - 12:00 PM",1,1,1,3,84,2,3,10,10,20
988,400,0,400,0,24,"VIC","Regional","6:00 AM - 12:00 PM",1,1,1,3,150,1,4,10,10,20
1258,148,0,148,0,48,"NSW","Regional","12:00 PM - 6:00 PM",0,1,1,3,72,1,3,10,7,17
302,312,0,312,1,21,"VIC","Urban","12:00 PM - 6:00 PM",1,1,0,3,30,1,2,1,4,5
888,1373,1137,236,1,21,"WA","Urban","6:00 AM - 12:00 PM",1,1,0,3,48,1,3,3,1,4
1899,1457,1269,188,1,27,"NT","Remote","6:00 PM - 12:00 AM",1,0,0,3,90,1,4,10,9,19
700,205,0,205,0,34,"ACT","Urban","6:00 PM - 12:00 AM",0,0,0,3,156,1,2,10,8,18
1425,3710,2054,1656,0,46,"NT","Regional","6:00 AM - 12:00 PM",1,1,0,2,162,2,4,6,6,12
1404,1602,1314,288,1,39,"ACT","Urban","6:00 AM - 12:00 PM",0,0,0,3,30,1,2,3,4,7
1945,4365,2491,1874,0,51,"NSW","Regional","6:00 PM - 12:00 AM",0,0,1,2,138,4,3,9,10,19
905,2415,2013,402,1,57,"TAS","Regional","6:00 AM - 12:00 PM",0,0,1,3,150,2,4,10,10,20
284,3464,1887,1577,1,51,"NT","Remote","12:00 AM - 6:00 AM",0,0,1,3,150,3,3,4,2,6
352,3223,2019,1204,0,59,"VIC","Remote","6:00 PM - 12:00 AM",0,0,1,1,138,1,3,6,7,13
1377,742,0,742,1,29,"NSW","Regional","6:00 AM - 12:00 PM",1,1,0,1,126,1,4,4,4,8
1077,465,0,465,1,29,"NSW","Urban","6:00 AM - 12:00 PM",1,1,0,2,60,2,3,6,5,11
1292,4068,2311,1757,0,46,"NSW","Urban","6:00 AM - 12:00 PM",0,0,0,3,54,2,3,4,3,7
1359,218,0,218,0,24,"NSW","Urban","6:00 AM - 12:00 PM",0,1,0,3,120,1,2,8,7,15
996,1471,1327,144,1,44,"VIC","Urban","6:00 AM - 12:00 PM",1,1,1,3,168,2,3,2,1,3
1051,1797,0,1797,1,59,"VIC","Regional","6:00 AM - 12:00 PM",0,1,1,3,120,3,2,6,9,15
8,3363,1917,1446,1,48,"NSW","Urban","12:00 AM - 6:00 AM",1,0,1,2,42,3,3,5,4,9
79,342,0,342,0,20,"NSW","Urban","12:00 AM - 6:00 AM",0,1,0,2,84,2,5,8,7,15
1750,4200,2103,2097,0,59,"NSW","Remote","6:00 PM - 12:00 AM",1,0,0,3,168,1,4,5,6,11
355,3412,1973,1439,1,60,"VIC","Regional","6:00 PM - 12:00 AM",0,0,1,1,102,4,2,7,4,11
269,184,0,184,1,21,"NT","Urban","12:00 PM - 6:00 PM",1,1,0,1,72,1,3,3,2,5
1429,2087,1621,466,0,38,"NSW","Regional","6:00 AM - 12:00 PM",0,0,0,1,18,1,4,8,7,15
1299,307,0,307,1,22,"NSW","Regional","6:00 AM - 12:00 PM",1,1,0,3,126,1,3,8,8,16
1064,2248,1680,568,1,50,"SA","Regional","6:00 AM - 12:00 PM",1,1,0,2,150,2,3,9,5,14
35,157,0,157,0,40,"NSW","Urban","12:00 AM - 6:00 AM",0,1,0,3,168,1,2,1,1,2
464,3548,1790,1758,1,53,"ACT","Regional","6:00 PM - 12:00 AM",1,0,0,3,132,1,3,5,5,10
1635,3835,1965,1870,0,49,"NSW","Regional","12:00 PM - 6:00 PM",0,0,1,2,162,1,3,4,1,5
501,196,0,196,1,30,"TAS","Regional","6:00 PM - 12:00 AM",0,1,1,1,78,1,4,10,10,20
1196,206,0,206,0,60,"NSW","Urban","6:00 AM - 12:00 PM",1,1,1,2,96,1,3,5,5,10
672,1818,1501,317,0,31,"NSW","Regional","6:00 PM - 12:00 AM",1,0,1,3,24,2,3,0,2,2
881,1112,0,1112,1,54,"QLD","Regional","6:00 AM - 12:00 PM",0,0,0,3,18,2,3,6,5,11
828,1619,1302,317,0,38,"NSW","Remote","6:00 PM - 12:00 AM",1,1,0,3,72,1,3,4,4,8
797,4048,2049,1999,1,57,"NSW","Regional","6:00 PM - 12:00 AM",0,0,0,2,90,1,4,10,10,20
462,699,0,699,0,30,"ACT","Urban","6:00 PM - 12:00 AM",1,1,0,3,24,1,3,3,3,6
1183,1812,0,1812,0,40,"WA","Remote","6:00 AM - 12:00 PM",1,1,1,3,156,4,3,4,5,9
688,3384,1934,1450,1,55,"SA","Regional","6:00 PM - 12:00 AM",0,0,0,1,120,2,2,8,4,12
11,1875,1606,269,0,44,"NSW","Urban","12:00 AM - 6:00 AM",1,1,1,2,162,1,4,7,10,17
1126,375,0,375,1,24,"TAS","Urban","6:00 AM - 12:00 PM",1,1,0,3,78,1,4,9,7,16
1659,1510,1313,197,1,35,"WA","Urban","6:00 PM - 12:00 AM",1,1,1,3,114,2,2,10,10,20
1680,948,0,948,1,30,"QLD","Urban","12:00 PM - 6:00 PM",0,1,1,3,174,2,2,4,2,6
70,425,0,425,1,23,"VIC","Urban","12:00 AM - 6:00 AM",0,1,1,2,132,1,3,5,9,14
1639,1376,0,1376,0,47,"VIC","Urban","6:00 PM - 12:00 AM",0,0,0,3,54,2,3,7,7,14
1760,3746,2021,1725,1,54,"QLD","Regional","6:00 PM - 12:00 AM",0,0,0,3,132,4,3,9,10,19
1215,4223,2280,1943,1,46,"VIC","Urban","6:00 AM - 12:00 PM",1,0,0,3,132,3,3,7,4,11
1348,919,0,919,1,36,"NSW","Urban","6:00 AM - 12:00 PM",1,1,0,1,114,1,3,6,6,12
1252,4312,2383,1929,0,55,"NSW","Urban","6:00 AM - 12:00 PM",0,0,0,1,102,4,5,9,8,17
1618,2354,1781,573,1,37,"TAS","Urban","6:00 PM - 12:00 AM",0,0,0,3,144,3,3,6,8,14
1860,238,0,238,1,50,"VIC","Urban","6:00 PM - 12:00 AM",0,1,1,3,126,1,3,9,8,17
1598,148,0,148,1,58,"NSW","Urban","6:00 AM - 12:00 PM",1,0,1,3,168,1,2,0,2,2
238,345,0,345,1,25,"NSW","Urban","12:00 AM - 6:00 AM",1,0,0,3,84,1,3,7,2,9
1136,1718,0,1718,1,44,"QLD","Urban","12:00 PM - 6:00 PM",1,1,0,3,132,2,2,8,8,16
1466,4140,2222,1918,0,49,"NSW","Urban","6:00 AM - 12:00 PM",0,0,0,3,168,3,2,2,0,2
354,1814,1488,326,1,27,"ACT","Urban","6:00 PM - 12:00 AM",1,1,1,3,102,1,3,10,10,20
1490,841,0,841,0,28,"VIC","Remote","6:00 AM - 12:00 PM",1,1,0,3,174,2,4,5,3,8
1720,1561,1301,260,1,26,"NT","Urban","6:00 PM - 12:00 AM",0,1,0,3,90,1,4,9,10,19
1094,4059,2256,1803,0,49,"NSW","Urban","6:00 AM - 12:00 PM",0,0,1,2,114,1,2,10,10,20
18,919,0,919,1,33,"WA","Urban","12:00 AM - 6:00 AM",1,1,0,1,180,1,2,0,0,0
1375,326,0,326,1,25,"NT","Regional","6:00 AM - 12:00 PM",0,1,0,3,72,1,4,4,4,8
1191,1266,1114,152,1,21,"SA","Urban","12:00 PM - 6:00 PM",0,1,0,3,12,2,1,2,0,2
69,214,0,214,1,18,"NT","Regional","12:00 PM - 6:00 PM",1,1,0,3,126,1,2,7,7,14
1596,679,0,679,0,22,"ACT","Regional","6:00 AM - 12:00 PM",1,0,1,3,150,2,5,10,10,20
1438,2714,1553,1161,1,36,"TAS","Remote","6:00 AM - 12:00 PM",1,0,1,3,18,4,2,0,0,0
1147,1467,1245,222,0,36,"ACT","Urban","12:00 PM - 6:00 PM",0,1,0,3,150,2,2,7,9,16
687,349,0,349,0,25,"NSW","Regional","6:00 PM - 12:00 AM",1,0,1,1,108,1,5,6,6,12
989,1565,1284,281,0,35,"VIC","Urban","6:00 AM - 12:00 PM",1,1,1,3,144,1,3,7,7,14
839,2826,1687,1139,1,60,"SA","Regional","6:00 PM - 12:00 AM",0,1,0,3,168,4,2,0,0,0
640,4160,2216,1944,0,45,"NSW","Urban","6:00 PM - 12:00 AM",0,0,0,3,36,4,4,8,7,15
1408,1540,1234,306,1,27,"ACT","Regional","6:00 AM - 12:00 PM",1,0,0,3,84,2,4,3,5,8
304,1268,0,1268,1,25,"WA","Urban","6:00 PM - 12:00 AM",0,0,1,3,96,1,3,7,10,17
1248,213,0,213,1,24,"NSW","Urban","6:00 AM - 12:00 PM",0,1,0,2,48,1,3,0,2,2
53,466,0,466,1,29,"WA","Urban","12:00 AM - 6:00 AM",1,1,1,3,138,1,3,10,9,19
454,4403,2335,2068,0,49,"NSW","Regional","6:00 PM - 12:00 AM",1,0,1,3,102,1,3,8,8,16
1284,601,0,601,1,35,"NSW","Urban","6:00 AM - 12:00 PM",1,1,1,3,66,1,4,6,10,16
868,4795,2624,2171,0,51,"NSW","Urban","12:00 PM - 6:00 PM",1,0,0,3,66,2,3,10,9,19
270,1283,0,1283,0,38,"SA","Urban","12:00 AM - 6:00 AM",1,0,0,3,84,2,2,10,10,20
1039,1456,0,1456,0,48,"ACT","Urban","6:00 AM - 12:00 PM",0,1,1,3,18,1,4,0,4,4
1627,245,0,245,0,24,"QLD","Urban","6:00 PM - 12:00 AM",1,1,1,2,96,1,5,7,7,14
313,390,0,390,1,28,"VIC","Urban","12:00 PM - 6:00 PM",1,1,0,3,48,2,2,6,2,8
1290,603,0,603,0,30,"VIC","Urban","6:00 AM - 12:00 PM",0,1,1,3,168,2,4,6,7,13
1148,307,0,307,0,20,"NSW","Remote","6:00 AM - 12:00 PM",0,1,0,1,180,2,3,0,3,3
1331,984,0,984,0,37,"VIC","Urban","6:00 AM - 12:00 PM",0,1,0,3,150,1,2,10,8,18
171,601,0,601,0,25,"TAS","Urban","12:00 AM - 6:00 AM",1,1,0,2,36,1,4,3,0,3
631,3121,1762,1359,0,56,"WA","Urban","6:00 PM - 12:00 AM",1,0,0,3,144,2,2,2,2,4
1849,3526,2157,1369,1,46,"ACT","Urban","6:00 PM - 12:00 AM",1,0,1,1,156,2,5,6,10,16
76,603,0,603,1,26,"NSW","Regional","12:00 AM - 6:00 AM",0,1,1,1,12,1,3,0,0,0
1582,200,0,200,0,45,"NSW","Urban","6:00 AM - 12:00 PM",1,0,1,3,156,1,4,4,3,7
929,259,0,259,1,38,"VIC","Urban","6:00 AM - 12:00 PM",1,1,1,2,72,1,5,3,6,9
1225,641,0,641,0,37,"WA","Urban","12:00 PM - 6:00 PM",1,1,1,1,108,1,4,4,7,11
1489,4181,2112,2069,0,53,"TAS","Urban","6:00 AM - 12:00 PM",0,0,1,2,174,1,1,4,5,9
1019,622,0,622,0,38,"VIC","Regional","6:00 AM - 12:00 PM",1,1,0,3,66,1,4,10,10,20
1230,216,0,216,0,38,"NSW","Remote","6:00 AM - 12:00 PM",1,1,1,2,108,1,2,4,4,8
1229,434,0,434,1,26,"NSW","Regional","6:00 AM - 12:00 PM",1,1,1,3,102,1,2,4,4,8
1640,430,0,430,0,23,"ACT","Regional","6:00 PM - 12:00 AM",1,1,1,3,48,1,4,8,10,18
1539,3986,2002,1984,0,50,"ACT","Urban","6:00 AM - 12:00 PM",0,0,0,3,138,1,2,8,10,18
511,817,0,817,1,34,"QLD","Urban","6:00 PM - 12:00 AM",0,1,1,3,132,2,4,10,10,20
1804,3426,2016,1410,0,48,"QLD","Regional","6:00 PM - 12:00 AM",0,0,1,3,174,4,3,6,9,15
1050,661,0,661,1,41,"VIC","Urban","6:00 AM - 12:00 PM",1,1,0,3,30,1,4,5,4,9
934,903,0,903,0,24,"SA","Urban","6:00 AM - 12:00 PM",1,1,0,1,24,1,2,4,3,7
1964,3204,1704,1500,0,60,"VIC","Urban","6:00 PM - 12:00 AM",0,0,0,1,60,1,3,7,8,15
1989,447,0,447,1,20,"ACT","Urban","6:00 PM - 12:00 AM",1,1,1,3,126,2,5,6,4,10
516,3558,1963,1595,0,51,"VIC","Urban","6:00 PM - 12:00 AM",0,0,0,3,78,2,2,8,7,15
971,231,0,231,0,24,"VIC","Urban","6:00 AM - 12:00 PM",1,1,0,3,180,1,2,5,2,7
1753,4525,2318,2207,0,49,"ACT","Remote","6:00 PM - 12:00 AM",0,0,1,2,174,4,3,7,6,13
178,3933,2223,1710,1,53,"NSW","Urban","12:00 AM - 6:00 AM",0,0,1,3,180,2,4,1,1,2
286,1012,0,1012,0,30,"WA","Urban","12:00 AM - 6:00 AM",1,0,0,3,60,1,4,10,9,19
1101,977,0,977,1,31,"NSW","Regional","12:00 PM - 6:00 PM",1,1,0,3,102,1,3,10,9,19
1874,3668,2076,1592,0,56,"ACT","Urban","6:00 PM - 12:00 AM",1,1,0,2,72,4,4,5,3,8
220,4028,1925,2103,0,50,"QLD","Urban","12:00 AM - 6:00 AM",0,0,1,2,36,2,2,3,3,6
1590,3751,2214,1537,1,51,"VIC","Urban","6:00 AM - 12:00 PM",0,0,0,3,108,2,2,9,10,19
1751,4594,2309,2285,0,57,"VIC","Regional","6:00 PM - 12:00 AM",1,0,0,2,114,1,4,10,10,20
1487,3976,2013,1963,0,46,"VIC","Urban","6:00 AM - 12:00 PM",0,0,0,3,102,1,3,10,10,20
1522,4108,2010,2098,0,42,"ACT","Regional","6:00 AM - 12:00 PM",0,0,1,3,162,2,4,9,9,18
1201,285,0,285,1,21,"QLD","Regional","6:00 AM - 12:00 PM",1,1,0,1,78,2,3,4,3,7
1588,3305,1861,1444,0,54,"NSW","Urban","6:00 AM - 12:00 PM",0,1,1,3,54,3,3,3,7,10
308,921,0,921,1,40,"TAS","Urban","6:00 PM - 12:00 AM",1,1,1,3,84,2,4,8,8,16
411,796,0,796,1,26,"NSW","Regional","6:00 PM - 12:00 AM",1,1,1,1,150,1,4,6,5,11
278,2957,1657,1300,1,60,"NSW","Urban","12:00 AM - 6:00 AM",0,0,0,3,132,4,4,10,10,20
145,4529,2607,1922,0,49,"VIC","Urban","12:00 AM - 6:00 AM",0,0,0,2,48,2,4,9,10,19
1721,140,0,140,0,31,"NT","Urban","6:00 PM - 12:00 AM",1,1,0,1,96,1,2,9,9,18
400,222,0,222,1,21,"NSW","Regional","6:00 PM - 12:00 AM",1,1,0,3,72,1,3,4,5,9
1286,816,0,816,0,38,"NT","Urban","6:00 AM - 12:00 PM",0,1,0,3,120,1,3,4,4,8
1308,3631,1931,1700,1,53,"NSW","Regional","6:00 AM - 12:00 PM",0,0,1,1,120,3,2,8,10,18
691,431,0,431,1,28,"WA","Urban","12:00 PM - 6:00 PM",0,1,0,3,60,2,4,10,10,20
91,522,0,522,0,33,"NSW","Urban","12:00 PM - 6:00 PM",1,1,1,3,24,1,2,1,0,1
1271,277,0,277,0,21,"SA","Regional","6:00 AM - 12:00 PM",1,1,1,3,18,1,3,0,0,0
1609,230,0,230,0,46,"NSW","Regional","6:00 AM - 12:00 PM",1,1,0,3,36,1,2,7,3,10
1654,2870,1607,1263,0,51,"NSW","Urban","6:00 PM - 12:00 AM",0,0,0,3,114,4,2,4,8,12
65,406,0,406,0,23,"NT","Urban","12:00 AM - 6:00 AM",1,1,0,3,102,2,3,8,5,13
5,265,0,265,1,25,"NSW","Remote","12:00 AM - 6:00 AM",0,1,0,3,42,2,3,4,8,12
1470,3229,1715,1514,1,53,"NSW","Regional","6:00 AM - 12:00 PM",0,0,0,2,60,4,3,10,7,17
1711,213,0,213,0,27,"NSW","Urban","6:00 PM - 12:00 AM",0,1,1,2,42,1,2,5,1,6
879,1060,0,1060,1,44,"TAS","Urban","12:00 PM - 6:00 PM",0,1,0,3,180,1,3,4,4,8
1437,3510,1852,1658,0,54,"VIC","Urban","6:00 AM - 12:00 PM",0,0,1,3,72,4,5,10,10,20
385,3397,1791,1606,0,57,"VIC","Urban","6:00 PM - 12:00 AM",0,0,1,3,156,4,3,6,3,9
912,2140,1655,485,0,60,"VIC","Urban","6:00 AM - 12:00 PM",0,0,0,3,96,1,3,6,6,12
486,1639,1296,343,1,45,"NSW","Urban","6:00 PM - 12:00 AM",1,1,0,3,84,1,3,5,8,13
1398,3837,2140,1697,0,42,"NSW","Urban","6:00 AM - 12:00 PM",1,0,1,3,102,1,3,4,4,8
1086,3180,1789,1391,0,54,"VIC","Urban","6:00 AM - 12:00 PM",0,0,0,1,126,1,3,5,5,10
1210,269,0,269,0,52,"ACT","Remote","6:00 AM - 12:00 PM",1,1,0,1,168,1,4,1,5,6
1685,136,0,136,0,20,"QLD","Remote","6:00 PM - 12:00 AM",1,1,1,3,72,1,2,5,4,9
512,184,0,184,1,58,"ACT","Urban","6:00 PM - 12:00 AM",0,1,0,1,168,1,4,2,2,4
1531,3732,2175,1557,0,42,"TAS","Regional","6:00 AM - 12:00 PM",0,0,0,3,24,4,1,5,4,9
1713,481,0,481,1,37,"SA","Urban","12:00 PM - 6:00 PM",1,1,1,3,54,1,2,6,3,9
68,417,0,417,1,22,"NSW","Urban","12:00 AM - 6:00 AM",1,1,0,3,108,2,2,5,5,10
334,3589,2011,1578,0,49,"WA","Regional","6:00 PM - 12:00 AM",0,0,1,3,102,3,3,9,8,17
1326,256,0,256,1,24,"SA","Urban","6:00 AM - 12:00 PM",1,1,1,3,102,2,1,9,8,17
1026,196,0,196,0,59,"VIC","Urban","6:00 AM - 12:00 PM",1,1,0,3,108,1,3,10,9,19
801,252,0,252,0,51,"VIC","Urban","6:00 PM - 12:00 AM",1,0,1,3,180,1,4,1,1,2
1076,247,0,247,1,60,"WA","Regional","6:00 AM - 12:00 PM",1,1,0,1,144,1,2,0,3,3
1535,4305,2300,2005,0,58,"QLD","Remote","12:00 PM - 6:00 PM",0,0,0,3,90,2,3,5,8,13
1238,1129,0,1129,0,43,"NSW","Regional","6:00 AM - 12:00 PM",1,1,0,1,36,2,2,8,5,13
966,306,0,306,1,24,"VIC","Regional","6:00 AM - 12:00 PM",1,1,1,2,84,2,3,9,5,14
1053,1411,1258,153,1,45,"VIC","Regional","6:00 AM - 12:00 PM",1,1,1,1,150,1,3,5,1,6
1291,240,0,240,1,39,"NSW","Urban","12:00 PM - 6:00 PM",0,1,0,3,42,1,3,10,7,17
1884,4592,2287,2305,1,48,"WA","Urban","6:00 PM - 12:00 AM",0,1,1,3,18,4,2,0,0,0
795,214,0,214,1,40,"TAS","Urban","6:00 PM - 12:00 AM",1,1,0,2,48,1,5,4,7,11
1773,1458,1272,186,1,38,"VIC","Urban","6:00 PM - 12:00 AM",1,1,0,1,18,1,3,0,0,0
866,814,0,814,1,24,"NSW","Urban","6:00 PM - 12:00 AM",1,0,0,3,126,2,2,5,5,10
954,942,0,942,1,40,"VIC","Regional","6:00 AM - 12:00 PM",1,1,0,3,156,2,2,5,8,13
1770,942,0,942,1,33,"NSW","Urban","6:00 PM - 12:00 AM",0,1,0,3,168,1,3,3,0,3
219,3973,1995,1978,1,55,"VIC","Regional","12:00 AM - 6:00 AM",0,0,0,3,12,1,1,1,0,1
1254,266,0,266,0,24,"NSW","Urban","6:00 AM - 12:00 PM",1,1,0,1,30,1,2,1,2,3
421,282,0,282,0,20,"NSW","Remote","6:00 PM - 12:00 AM",1,1,1,3,168,1,4,2,3,5
188,257,0,257,0,38,"NSW","Urban","12:00 AM - 6:00 AM",1,1,1,3,174,1,2,7,7,14
91,522,0,522,0,33,"NSW","Urban","12:00 PM - 6:00 PM",1,1,1,3,24,1,2,1,0,1
1581,1773,1618,155,1,34,"NSW","Remote","6:00 AM - 12:00 PM",1,1,1,3,132,2,4,5,5,10
540,244,0,244,0,50,"NT","Urban","6:00 PM - 12:00 AM",0,1,0,2,180,1,2,0,0,0
570,4367,2174,2193,1,48,"VIC","Urban","6:00 PM - 12:00 AM",0,0,0,3,30,2,3,6,7,13
60,237,0,237,1,54,"VIC","Urban","12:00 AM - 6:00 AM",1,1,1,1,156,1,3,3,2,5
375,3373,1774,1599,1,60,"VIC","Regional","6:00 PM - 12:00 AM",0,1,1,3,66,3,4,8,3,11
546,1548,0,1548,1,50,"ACT","Regional","12:00 PM - 6:00 PM",0,0,0,3,174,4,2,2,1,3
934,903,0,903,0,24,"SA","Urban","6:00 AM - 12:00 PM",1,1,0,1,24,1,2,4,3,7
707,4626,2568,2058,0,48,"VIC","Urban","6:00 PM - 12:00 AM",1,0,0,3,18,1,3,0,0,0
1860,238,0,238,1,50,"VIC","Urban","6:00 PM - 12:00 AM",0,1,1,3,126,1,3,9,8,17
341,1311,1166,145,0,25,"ACT","Regional","6:00 PM - 12:00 AM",1,1,0,3,36,1,1,8,6,14
1511,4308,2268,2040,0,53,"NSW","Urban","6:00 AM - 12:00 PM",0,0,0,3,18,1,2,6,5,11
760,170,0,170,1,38,"TAS","Urban","6:00 PM - 12:00 AM",1,1,1,3,120,1,4,8,7,15
1853,2927,1543,1384,1,40,"NSW","Regional","6:00 PM - 12:00 AM",1,1,1,3,126,3,5,8,8,16
1659,1510,1313,197,1,35,"WA","Urban","6:00 PM - 12:00 AM",1,1,1,3,114,2,2,10,10,20
1123,4148,2211,1937,1,57,"NSW","Regional","6:00 AM - 12:00 PM",0,0,1,3,126,1,4,10,10,20
356,1510,1321,189,1,40,"VIC","Urban","6:00 PM - 12:00 AM",1,1,0,3,114,1,2,10,7,17
306,1799,1430,369,1,31,"WA","Regional","6:00 PM - 12:00 AM",1,1,0,2,66,1,3,7,6,13
1536,4579,2334,2245,0,41,"NSW","Urban","6:00 AM - 12:00 PM",0,0,0,2,12,3,2,3,2,5
629,247,0,247,0,49,"ACT","Urban","6:00 PM - 12:00 AM",0,1,0,2,84,1,3,8,8,16
554,431,0,431,1,22,"WA","Urban","6:00 PM - 12:00 AM",0,1,0,3,138,2,2,9,8,17
637,3261,1706,1555,0,47,"QLD","Remote","6:00 PM - 12:00 AM",0,0,0,3,66,2,4,10,10,20
1207,837,0,837,0,31,"NT","Urban","6:00 AM - 12:00 PM",0,1,0,3,60,1,3,3,7,10
530,725,0,725,1,33,"NSW","Regional","6:00 PM - 12:00 AM",1,1,0,2,48,2,3,6,5,11
1813,3126,1635,1491,1,48,"NSW","Regional","12:00 PM - 6:00 PM",0,0,0,3,96,2,4,8,4,12
609,4369,2127,2242,0,58,"TAS","Regional","6:00 PM - 12:00 AM",0,0,0,3,84,1,5,10,10,20
869,3620,2083,1537,0,47,"NT","Remote","6:00 PM - 12:00 AM",0,1,0,3,132,2,3,10,10,20
86,1353,1106,247,1,22,"NSW","Urban","12:00 AM - 6:00 AM",0,1,0,1,48,2,4,6,2,8
447,4481,1939,2542,0,55,"VIC","Regional","12:00 PM - 6:00 PM",0,0,0,3,108,3,3,8,10,18
771,3996,2015,1981,1,47,"ACT","Urban","6:00 PM - 12:00 AM",0,0,1,2,66,4,3,10,9,19
759,218,0,218,1,21,"ACT","Regional","6:00 PM - 12:00 AM",1,1,1,3,48,1,4,3,3,6
1232,3229,1698,1531,0,49,"NT","Urban","6:00 AM - 12:00 PM",1,0,0,3,48,3,2,2,5,7
788,460,0,460,1,25,"VIC","Urban","6:00 PM - 12:00 AM",1,1,0,3,36,1,4,7,6,13
956,486,0,486,1,37,"NT","Remote","6:00 AM - 12:00 PM",1,1,1,3,114,1,3,10,10,20
998,317,0,317,1,21,"VIC","Urban","6:00 AM - 12:00 PM",1,1,0,3,114,2,3,7,4,11
1529,4371,2411,1960,0,44,"NT","Urban","6:00 AM - 12:00 PM",0,0,0,2,102,3,4,10,9,19
989,1565,1284,281,0,35,"VIC","Urban","6:00 AM - 12:00 PM",1,1,1,3,144,1,3,7,7,14
1249,158,0,158,0,60,"NSW","Urban","6:00 AM - 12:00 PM",1,1,1,2,156,1,2,4,4,8
1784,423,0,423,1,26,"NSW","Remote","6:00 PM - 12:00 AM",0,1,1,3,66,1,3,10,10,20
1134,142,0,142,1,26,"TAS","Remote","6:00 AM - 12:00 PM",1,1,0,2,180,1,2,3,6,9
1381,1102,0,1102,1,26,"NSW","Regional","6:00 AM - 12:00 PM",0,1,1,1,36,1,3,2,0,2
908,166,0,166,0,20,"VIC","Urban","6:00 AM - 12:00 PM",1,1,0,3,42,1,3,3,2,5
1324,3528,2009,1519,0,56,"NT","Urban","12:00 PM - 6:00 PM",1,0,0,3,60,3,4,8,8,16
386,848,0,848,0,44,"WA","Urban","6:00 PM - 12:00 AM",1,1,0,3,156,1,2,4,5,9
269,184,0,184,1,21,"NT","Urban","12:00 PM - 6:00 PM",1,1,0,1,72,1,3,3,2,5
173,171,0,171,0,57,"QLD","Remote","12:00 AM - 6:00 AM",1,0,0,3,102,1,3,8,5,13
1297,294,0,294,1,23,"NSW","Urban","6:00 AM - 12:00 PM",0,1,0,1,12,1,1,0,0,0
1307,294,0,294,0,24,"NT","Urban","6:00 AM - 12:00 PM",1,1,1,1,66,2,3,6,6,12
1069,2095,1792,303,0,52,"NSW","Remote","6:00 AM - 12:00 PM",0,0,0,3,108,1,1,10,9,19
1518,292,0,292,1,46,"WA","Urban","6:00 AM - 12:00 PM",1,0,0,2,96,1,2,6,6,12
680,4355,2561,1794,0,50,"ACT","Remote","12:00 PM - 6:00 PM",1,0,0,2,96,1,3,8,9,17
1841,4377,2258,2119,1,47,"NSW","Regional","6:00 PM - 12:00 AM",1,0,0,2,114,4,5,10,10,20
797,4048,2049,1999,1,57,"NSW","Regional","6:00 PM - 12:00 AM",0,0,0,2,90,1,4,10,10,20
731,3649,1754,1895,0,41,"TAS","Urban","6:00 PM - 12:00 AM",0,0,0,3,72,4,2,9,10,19
1755,4229,1953,2276,0,58,"SA","Urban","6:00 PM - 12:00 AM",1,0,0,2,54,1,4,6,10,16
1847,634,0,634,1,34,"TAS","Urban","6:00 PM - 12:00 AM",0,1,1,3,96,1,3,8,8,16
1856,1971,1467,504,1,40,"NSW","Urban","6:00 PM - 12:00 AM",0,1,1,3,162,2,3,1,0,1
1526,4519,2492,2027,1,53,"WA","Regional","6:00 AM - 12:00 PM",0,0,0,3,30,4,3,5,0,5
1210,269,0,269,0,52,"ACT","Remote","6:00 AM - 12:00 PM",1,1,0,1,168,1,4,1,5,6
855,1820,1493,327,0,26,"QLD","Regional","6:00 PM - 12:00 AM",1,0,0,2,78,1,1,10,10,20
1808,3850,2067,1783,0,52,"VIC","Remote","6:00 PM - 12:00 AM",0,0,0,2,60,1,2,7,10,17
517,2949,1719,1230,1,59,"NSW","Urban","6:00 PM - 12:00 AM",0,0,0,3,66,4,2,10,9,19
995,350,0,350,1,22,"VIC","Urban","6:00 AM - 12:00 PM",1,1,1,3,30,2,4,6,8,14
1651,1378,0,1378,1,59,"SA","Remote","6:00 PM - 12:00 AM",1,1,1,3,36,1,2,1,1,2
180,239,0,239,0,48,"TAS","Urban","12:00 PM - 6:00 PM",1,1,0,3,180,1,3,6,2,8
1785,3762,2255,1507,0,54,"WA","Regional","6:00 PM - 12:00 AM",1,0,1,1,84,4,3,10,10,20
913,3276,2150,1126,0,50,"NSW","Remote","12:00 PM - 6:00 PM",0,0,1,1,78,2,4,10,10,20
1303,1323,1173,150,1,27,"NSW","Urban","6:00 AM - 12:00 PM",0,1,1,2,174,1,1,4,6,10
1266,3725,1701,2024,0,58,"VIC","Urban","6:00 AM - 12:00 PM",1,0,0,1,72,3,3,7,4,11
1683,1242,0,1242,0,36,"NSW","Urban","6:00 PM - 12:00 AM",1,1,1,3,96,1,2,4,6,10
1921,4222,2411,1811,1,43,"TAS","Urban","6:00 PM - 12:00 AM",1,1,1,2,150,1,5,10,10,20
392,1488,1256,232,1,31,"QLD","Regional","6:00 PM - 12:00 AM",1,1,0,2,138,1,5,10,9,19
130,589,0,589,0,26,"NSW","Remote","12:00 AM - 6:00 AM",0,0,0,2,126,2,3,10,10,20
320,3354,1954,1400,1,53,"VIC","Urban","6:00 PM - 12:00 AM",0,0,1,3,162,1,3,8,10,18
1621,3444,1772,1672,1,54,"VIC","Urban","6:00 PM - 12:00 AM",0,0,1,3,132,3,3,7,7,14
1310,3529,1617,1912,1,46,"WA","Urban","6:00 AM - 12:00 PM",1,0,1,3,42,1,5,3,0,3
1223,289,0,289,0,24,"NSW","Regional","6:00 AM - 12:00 PM",0,1,0,2,30,1,2,1,0,1
1902,3620,2080,1540,1,52,"NSW","Regional","12:00 PM - 6:00 PM",1,0,1,3,102,2,3,7,7,14
639,4369,2247,2122,1,55,"NSW","Urban","6:00 PM - 12:00 AM",1,0,1,3,24,2,5,8,8,16
1877,3132,1725,1407,1,43,"NT","Urban","6:00 PM - 12:00 AM",0,0,0,3,90,4,3,10,10,20
1714,3763,2199,1564,0,52,"NSW","Regional","6:00 PM - 12:00 AM",1,0,0,3,138,2,2,9,8,17
1226,1810,1475,335,0,38,"SA","Urban","6:00 AM - 12:00 PM",0,1,0,3,24,2,4,3,0,3
1331,984,0,984,0,37,"VIC","Urban","6:00 AM - 12:00 PM",0,1,0,3,150,1,2,10,8,18
27,1371,1149,222,1,30,"NSW","Urban","12:00 AM - 6:00 AM",1,1,1,3,90,1,4,8,6,14
516,3558,1963,1595,0,51,"VIC","Urban","6:00 PM - 12:00 AM",0,0,0,3,78,2,2,8,7,15
281,4281,2293,1988,1,49,"NSW","Urban","12:00 AM - 6:00 AM",0,0,0,1,180,3,5,7,5,12
1009,909,0,909,0,45,"VIC","Urban","6:00 AM - 12:00 PM",1,1,0,3,78,2,3,6,5,11
582,1819,1598,221,0,40,"WA","Urban","6:00 PM - 12:00 AM",1,1,0,1,36,1,2,0,2,2
194,367,0,367,1,23,"NSW","Regional","12:00 AM - 6:00 AM",1,1,0,3,144,2,3,9,6,15
1273,194,0,194,0,47,"VIC","Urban","6:00 AM - 12:00 PM",1,1,1,2,18,1,4,0,0,0
1814,1229,0,1229,0,40,"VIC","Remote","6:00 PM - 12:00 AM",1,1,1,3,114,1,4,10,10,20
305,3536,1852,1684,0,59,"WA","Urban","6:00 PM - 12:00 AM",0,0,0,3,48,3,1,5,3,8
1289,4260,2006,2254,0,47,"WA","Remote","6:00 AM - 12:00 PM",0,0,1,3,102,4,4,4,7,11
1474,446,0,446,1,24,"NSW","Urban","6:00 AM - 12:00 PM",1,0,0,2,120,1,3,7,8,15
767,840,0,840,1,27,"NSW","Urban","6:00 PM - 12:00 AM",1,1,1,3,126,1,3,8,8,16
1768,1625,1267,358,1,42,"SA","Urban","12:00 PM - 6:00 PM",1,1,1,3,138,1,3,4,3,7
1355,826,0,826,1,33,"NSW","Urban","6:00 AM - 12:00 PM",1,1,0,2,48,2,4,7,8,15
304,1268,0,1268,1,25,"WA","Urban","6:00 PM - 12:00 AM",0,0,1,3,96,1,3,7,10,17
1944,3337,1581,1756,0,49,"QLD","Urban","6:00 PM - 12:00 AM",0,0,0,3,156,3,2,3,2,5
377,3167,1792,1375,0,58,"VIC","Urban","6:00 PM - 12:00 AM",0,1,0,1,132,3,3,4,4,8
1252,4312,2383,1929,0,55,"NSW","Urban","6:00 AM - 12:00 PM",0,0,0,1,102,4,5,9,8,17
1146,3416,2123,1293,1,51,"NSW","Urban","6:00 AM - 12:00 PM",1,0,1,3,36,3,3,6,5,11
521,2935,1641,1294,1,44,"QLD","Regional","6:00 PM - 12:00 AM",0,1,0,3,132,2,2,8,7,15
1337,3747,1704,2043,1,48,"NSW","Urban","6:00 AM - 12:00 PM",0,0,0,3,138,4,2,4,8,12
270,1283,0,1283,0,38,"SA","Urban","12:00 AM - 6:00 AM",1,0,0,3,84,2,2,10,10,20
1496,174,0,174,1,56,"NSW","Regional","6:00 AM - 12:00 PM",1,0,1,1,102,1,2,8,8,16
311,3411,2049,1362,1,52,"WA","Urban","6:00 PM - 12:00 AM",0,0,0,1,36,3,2,8,7,15
1988,147,0,147,0,25,"VIC","Urban","6:00 PM - 12:00 AM",1,1,0,3,72,1,1,5,5,10
1615,227,0,227,1,20,"ACT","Urban","6:00 AM - 12:00 PM",0,0,1,3,42,1,4,10,10,20
1165,1349,0,1349,1,41,"NSW","Urban","6:00 AM - 12:00 PM",0,1,1,3,78,2,3,10,9,19
400,222,0,222,1,21,"NSW","Regional","6:00 PM - 12:00 AM",1,1,0,3,72,1,3,4,5,9
1625,1226,0,1226,0,54,"VIC","Regional","6:00 PM - 12:00 AM",0,0,1,1,78,2,2,6,4,10
1286,816,0,816,0,38,"NT","Urban","6:00 AM - 12:00 PM",0,1,0,3,120,1,3,4,4,8
886,197,0,197,0,37,"VIC","Urban","6:00 AM - 12:00 PM",1,1,0,1,120,1,3,7,2,9
1888,4166,2218,1948,0,54,"QLD","Regional","6:00 PM - 12:00 AM",1,0,0,3,42,3,3,1,5,6
1428,4284,2202,2082,0,53,"NSW","Urban","6:00 AM - 12:00 PM",0,0,1,3,24,4,2,3,0,3
304,1268,0,1268,1,25,"WA","Urban","6:00 PM - 12:00 AM",0,0,1,3,96,1,3,7,10,17
1265,975,0,975,0,39,"NSW","Remote","6:00 AM - 12:00 PM",0,1,0,2,132,2,2,4,2,6
1968,353,0,353,1,24,"VIC","Regional","12:00 PM - 6:00 PM",0,1,1,3,144,1,3,3,2,5
629,247,0,247,0,49,"ACT","Urban","6:00 PM - 12:00 AM",0,1,0,2,84,1,3,8,8,16
542,634,0,634,0,38,"WA","Urban","6:00 PM - 12:00 AM",0,1,0,2,60,2,2,8,8,16
1659,1510,1313,197,1,35,"WA","Urban","6:00 PM - 12:00 AM",1,1,1,3,114,2,2,10,10,20
1919,3920,2409,1511,0,46,"VIC","Urban","6:00 PM - 12:00 AM",0,0,0,3,96,1,4,9,10,19
511,817,0,817,1,34,"QLD","Urban","6:00 PM - 12:00 AM",0,1,1,3,132,2,4,10,10,20
526,3834,2029,1805,0,46,"ACT","Urban","6:00 PM - 12:00 AM",1,0,1,3,180,3,5,4,0,4
427,298,0,298,0,24,"NSW","Regional","6:00 PM - 12:00 AM",0,1,1,1,84,1,3,10,10,20
1255,3354,1960,1394,1,58,"NSW","Urban","6:00 AM - 12:00 PM",0,0,1,1,150,4,3,10,8,18
542,634,0,634,0,38,"WA","Urban","6:00 PM - 12:00 AM",0,1,0,2,60,2,2,8,8,16
941,393,0,393,0,22,"VIC","Urban","6:00 AM - 12:00 PM",1,1,0,2,42,1,5,3,3,6
69,214,0,214,1,18,"NT","Regional","12:00 PM - 6:00 PM",1,1,0,3,126,1,2,7,7,14
129,336,0,336,0,20,"WA","Urban","12:00 AM - 6:00 AM",1,0,1,2,114,1,1,4,3,7
1152,4519,2550,1969,1,50,"NSW","Urban","6:00 AM - 12:00 PM",0,0,1,3,150,1,3,3,3,6
1419,3214,2016,1198,1,41,"ACT","Urban","6:00 AM - 12:00 PM",1,1,1,3,72,3,3,7,5,12
1829,3231,1992,1239,0,52,"NT","Urban","6:00 PM - 12:00 AM",1,0,0,1,84,4,2,10,10,20
1645,1101,0,1101,1,45,"VIC","Urban","6:00 PM - 12:00 AM",1,1,0,1,54,1,1,8,8,16
118,178,0,178,0,21,"VIC","Urban","12:00 AM - 6:00 AM",0,0,0,3,36,1,3,8,8,16
771,3996,2015,1981,1,47,"ACT","Urban","6:00 PM - 12:00 AM",0,0,1,2,66,4,3,10,9,19
549,155,0,155,0,25,"QLD","Remote","6:00 PM - 12:00 AM",0,1,0,3,132,1,2,8,8,16
1173,519,0,519,1,28,"TAS","Urban","6:00 AM - 12:00 PM",1,1,1,3,162,2,2,0,2,2
663,3788,1893,1895,1,42,"QLD","Urban","6:00 PM - 12:00 AM",0,0,1,1,120,1,4,5,5,10
1174,906,0,906,0,31,"VIC","Regional","6:00 AM - 12:00 PM",1,1,1,3,150,1,2,9,9,18
593,3291,1937,1354,1,58,"NSW","Remote","6:00 PM - 12:00 AM",0,0,0,1,114,4,1,6,2,8
1156,303,0,303,1,24,"NSW","Regional","6:00 AM - 12:00 PM",0,1,1,3,72,2,2,5,5,10
485,352,0,352,1,24,"QLD","Urban","6:00 PM - 12:00 AM",0,1,1,3,48,1,4,7,6,13
1326,256,0,256,1,24,"SA","Urban","6:00 AM - 12:00 PM",1,1,1,3,102,2,1,9,8,17
27,1371,1149,222,1,30,"NSW","Urban","12:00 AM - 6:00 AM",1,1,1,3,90,1,4,8,6,14
1180,326,0,326,0,21,"SA","Regional","12:00 PM - 6:00 PM",0,1,1,2,120,2,3,10,10,20
1014,2208,1824,384,1,53,"VIC","Urban","6:00 AM - 12:00 PM",0,1,0,3,78,1,2,1,4,5
1959,2826,1450,1376,1,34,"NSW","Urban","6:00 PM - 12:00 AM",1,0,0,1,138,3,4,7,7,14
688,3384,1934,1450,1,55,"SA","Regional","6:00 PM - 12:00 AM",0,0,0,1,120,2,2,8,4,12
79,342,0,342,0,20,"NSW","Urban","12:00 AM - 6:00 AM",0,1,0,2,84,2,5,8,7,15
795,214,0,214,1,40,"TAS","Urban","6:00 PM - 12:00 AM",1,1,0,2,48,1,5,4,7,11
227,3523,1869,1654,0,49,"VIC","Urban","12:00 AM - 6:00 AM",0,0,0,3,150,2,1,7,2,9
1306,4050,1998,2052,0,51,"NSW","Urban","6:00 AM - 12:00 PM",0,0,1,3,12,3,3,5,1,6
1834,3777,2024,1753,1,47,"VIC","Urban","6:00 PM - 12:00 AM",1,0,1,2,108,1,3,8,10,18
449,1729,1410,319,1,40,"NT","Urban","6:00 PM - 12:00 AM",1,1,0,3,72,1,5,6,5,11
1831,3675,2170,1505,1,56,"QLD","Urban","6:00 PM - 12:00 AM",1,0,1,2,144,2,3,9,9,18
763,774,0,774,0,27,"QLD","Regional","6:00 PM - 12:00 AM",1,1,0,3,114,1,3,10,10,20
1878,3734,2082,1652,1,41,"VIC","Remote","6:00 PM - 12:00 AM",0,1,1,3,138,4,3,8,4,12
1549,489,0,489,0,24,"SA","Urban","6:00 AM - 12:00 PM",1,1,1,1,66,1,4,10,10,20
1141,304,0,304,1,24,"NSW","Remote","6:00 AM - 12:00 PM",0,1,1,3,96,1,2,6,5,11
1846,484,0,484,0,27,"NSW","Regional","12:00 PM - 6:00 PM",0,1,1,3,90,1,5,10,10,20
565,3978,1977,2001,1,46,"NSW","Regional","6:00 PM - 12:00 AM",1,0,1,3,114,2,5,10,10,20
1803,1888,1634,254,1,37,"VIC","Urban","6:00 PM - 12:00 AM",0,1,0,3,84,2,4,10,10,20
486,1639,1296,343,1,45,"NSW","Urban","6:00 PM - 12:00 AM",1,1,0,3,84,1,3,5,8,13
1357,1497,1333,164,1,38,"VIC","Urban","6:00 AM - 12:00 PM",0,1,0,3,120,1,3,10,9,19
1153,337,0,337,1,21,"WA","Urban","6:00 AM - 12:00 PM",1,1,0,3,96,2,2,9,9,18
1280,1577,1377,200,0,39,"VIC","Regional","12:00 PM - 6:00 PM",1,1,1,3,156,2,3,7,7,14
1773,1458,1272,186,1,38,"VIC","Urban","6:00 PM - 12:00 AM",1,1,0,1,18,1,3,0,0,0
515,262,0,262,0,22,"NSW","Urban","6:00 PM - 12:00 AM",0,1,0,3,18,1,4,6,6,12
1584,3932,2046,1886,0,57,"TAS","Urban","6:00 AM - 12:00 PM",0,1,0,2,90,3,4,9,8,17
15,1431,1182,249,1,29,"NSW","Urban","12:00 AM - 6:00 AM",1,1,1,2,60,2,2,10,9,19
626,3837,2069,1768,1,52,"NSW","Regional","6:00 PM - 12:00 AM",1,0,0,3,72,1,2,6,3,9
953,257,0,257,1,18,"TAS","Regional","6:00 AM - 12:00 PM",1,1,0,3,18,1,3,2,1,3
457,1412,1161,251,0,37,"NSW","Urban","6:00 PM - 12:00 AM",0,1,0,3,30,2,3,4,3,7
1743,1414,0,1414,1,41,"ACT","Urban","6:00 PM - 12:00 AM",1,1,0,3,156,4,2,2,2,4
1992,1988,1804,184,0,38,"SA","Urban","6:00 PM - 12:00 AM",1,1,0,3,156,2,4,5,7,12
423,381,0,381,1,26,"VIC","Urban","6:00 PM - 12:00 AM",0,1,0,1,48,1,2,3,3,6
1257,358,0,358,0,24,"NSW","Regional","6:00 AM - 12:00 PM",1,1,0,2,78,2,2,10,9,19
56,4141,2691,1450,1,58,"NSW","Urban","12:00 AM - 6:00 AM",1,0,1,3,108,4,2,10,9,19
657,1466,1266,200,0,39,"NSW","Urban","12:00 PM - 6:00 PM",1,1,0,3,138,2,2,6,1,7
278,2957,1657,1300,1,60,"NSW","Urban","12:00 AM - 6:00 AM",0,0,0,3,132,4,4,10,10,20
647,3816,1821,1995,0,50,"ACT","Urban","6:00 PM - 12:00 AM",0,0,0,3,90,4,4,10,8,18
1961,2684,1598,1086,1,40,"NSW","Remote","6:00 PM - 12:00 AM",0,1,1,2,42,3,4,8,8,16
1641,1774,0,1774,1,51,"VIC","Regional","6:00 PM - 12:00 AM",1,1,1,3,90,3,3,10,9,19
1796,4034,2045,1989,1,60,"VIC","Remote","6:00 PM - 12:00 AM",0,0,0,2,36,3,3,5,1,6
1371,361,0,361,0,23,"NT","Urban","6:00 AM - 12:00 PM",0,1,0,3,84,2,3,9,9,18
1255,3354,1960,1394,1,58,"NSW","Urban","6:00 AM - 12:00 PM",0,0,1,1,150,4,3,10,8,18
1328,405,0,405,1,24,"NSW","Urban","6:00 AM - 12:00 PM",0,1,0,3,18,2,3,2,2,4
1733,3360,1800,1560,0,54,"NT","Urban","6:00 PM - 12:00 AM",0,0,1,3,60,2,3,8,7,15
1430,2017,1501,516,1,33,"VIC","Regional","6:00 AM - 12:00 PM",1,1,0,1,18,1,3,0,0,0
1212,217,0,217,0,56,"NSW","Remote","6:00 AM - 12:00 PM",1,1,0,3,102,1,2,6,6,12
1624,962,0,962,1,34,"TAS","Urban","12:00 PM - 6:00 PM",0,1,0,2,162,1,2,7,6,13
1295,3517,1883,1634,1,47,"SA","Urban","6:00 AM - 12:00 PM",1,0,1,2,72,4,4,6,4,10
1992,1988,1804,184,0,38,"SA","Urban","6:00 PM - 12:00 AM",1,1,0,3,156,2,4,5,7,12
20,217,0,217,1,25,"NSW","Urban","12:00 AM - 6:00 AM",1,1,0,3,174,1,2,6,2,8
568,3383,1926,1457,0,53,"VIC","Regional","6:00 PM - 12:00 AM",1,0,0,2,30,2,3,4,5,9
1993,734,0,734,1,28,"QLD","Regional","6:00 PM - 12:00 AM",1,1,0,1,168,2,3,7,4,11
1629,1409,0,1409,0,53,"ACT","Urban","6:00 PM - 12:00 AM",1,1,1,3,96,2,1,7,8,15
1258,148,0,148,0,48,"NSW","Regional","12:00 PM - 6:00 PM",0,1,1,3,72,1,3,10,7,17
1258,148,0,148,0,48,"NSW","Regional","12:00 PM - 6:00 PM",0,1,1,3,72,1,3,10,7,17
1409,386,0,386,0,20,"NSW","Urban","6:00 AM - 12:00 PM",0,1,0,3,144,2,4,10,10,20
941,393,0,393,0,22,"VIC","Urban","6:00 AM - 12:00 PM",1,1,0,2,42,1,5,3,3,6
1265,975,0,975,0,39,"NSW","Remote","6:00 AM - 12:00 PM",0,1,0,2,132,2,2,4,2,6
1323,1562,1428,134,1,42,"WA","Regional","6:00 AM - 12:00 PM",0,1,1,3,84,2,4,9,8,17
793,446,0,446,0,20,"NSW","Urban","6:00 PM - 12:00 AM",1,1,0,1,138,1,1,4,5,9
1131,1126,0,1126,1,43,"TAS","Urban","6:00 AM - 12:00 PM",1,1,1,3,30,2,2,7,6,13
1185,1688,1552,136,0,43,"NSW","Urban","6:00 AM - 12:00 PM",1,1,0,3,84,1,1,6,2,8
780,2127,1838,289,0,41,"NT","Regional","12:00 PM - 6:00 PM",0,1,0,3,66,1,3,3,7,10
4,3208,1926,1282,1,56,"NSW","Urban","12:00 AM - 6:00 AM",1,0,1,3,162,2,4,4,2,6
1900,1066,0,1066,0,35,"NT","Urban","6:00 PM - 12:00 AM",1,1,0,3,48,2,3,7,8,15
1101,977,0,977,1,31,"NSW","Regional","12:00 PM - 6:00 PM",1,1,0,3,102,1,3,10,9,19
645,216,0,216,0,58,"ACT","Urban","6:00 PM - 12:00 AM",0,1,0,3,78,1,2,4,7,11
1074,1627,1414,213,1,40,"NT","Urban","6:00 AM - 12:00 PM",1,1,0,3,12,2,3,2,0,2
1845,357,0,357,1,20,"VIC","Urban","6:00 PM - 12:00 AM",1,1,1,3,144,1,3,9,8,17
1400,188,0,188,0,42,"NSW","Urban","6:00 AM - 12:00 PM",1,0,0,2,108,1,5,8,5,13
254,3023,1714,1309,0,41,"NSW","Urban","12:00 AM - 6:00 AM",0,0,0,3,66,1,5,8,7,15
268,228,0,228,1,40,"NSW","Urban","12:00 AM - 6:00 AM",1,0,1,1,36,1,4,8,9,17
840,323,0,323,1,22,"ACT","Urban","6:00 PM - 12:00 AM",1,0,1,2,114,1,1,10,6,16
538,3942,1956,1986,1,52,"NT","Remote","6:00 PM - 12:00 AM",0,0,1,2,126,4,3,9,5,14
802,353,0,353,0,24,"TAS","Urban","12:00 PM - 6:00 PM",0,1,0,3,90,2,4,5,4,9
150,3948,1961,1987,1,47,"ACT","Urban","12:00 AM - 6:00 AM",0,1,1,2,138,4,3,8,7,15
1874,3668,2076,1592,0,56,"ACT","Urban","6:00 PM - 12:00 AM",1,1,0,2,72,4,4,5,3,8
258,303,0,303,0,25,"NT","Urban","12:00 PM - 6:00 PM",1,1,1,2,114,1,2,6,5,11
1385,384,0,384,0,23,"NSW","Urban","6:00 AM - 12:00 PM",1,1,0,3,12,1,4,1,0,1
1079,4649,2790,1859,1,55,"NSW","Regional","12:00 PM - 6:00 PM",1,0,0,3,156,4,4,3,4,7
641,3569,1994,1575,1,44,"NSW","Remote","6:00 PM - 12:00 AM",0,0,1,3,66,4,3,7,4,11
1866,3541,2038,1503,1,44,"QLD","Urban","6:00 PM - 12:00 AM",0,0,1,3,102,4,2,7,8,15
667,3150,1867,1283,0,52,"ACT","Urban","6:00 PM - 12:00 AM",0,0,1,3,18,1,2,5,5,10
1898,192,0,192,0,47,"NT","Urban","6:00 PM - 12:00 AM",0,0,0,1,78,1,3,10,10,20
796,4279,2349,1930,0,47,"WA","Urban","6:00 PM - 12:00 AM",0,0,0,2,66,3,3,10,10,20
192,1334,0,1334,0,35,"WA","Urban","12:00 AM - 6:00 AM",1,1,1,3,96,2,3,7,10,17
905,2415,2013,402,1,57,"TAS","Regional","6:00 AM - 12:00 PM",0,0,1,3,150,2,4,10,10,20
1081,458,0,458,0,38,"VIC","Remote","6:00 AM - 12:00 PM",1,1,0,2,78,2,2,8,7,15
1449,4140,2395,1745,0,52,"QLD","Urban","6:00 AM - 12:00 PM",0,0,0,3,120,3,2,7,7,14
904,511,0,511,1,23,"WA","Regional","6:00 AM - 12:00 PM",1,1,0,2,96,2,3,8,7,15
714,1392,0,1392,0,36,"QLD","Regional","6:00 PM - 12:00 AM",0,0,1,3,24,1,3,1,1,2
1676,1456,1286,170,1,37,"NSW","Remote","6:00 PM - 12:00 AM",1,1,1,3,144,2,4,8,9,17
1607,2743,1843,900,1,49,"NSW","Remote","6:00 AM - 12:00 PM",0,1,1,3,36,4,2,1,5,6
64,130,0,130,1,22,"VIC","Urban","12:00 AM - 6:00 AM",0,1,0,3,174,1,2,2,1,3
139,1309,1165,144,0,20,"QLD","Urban","12:00 AM - 6:00 AM",1,0,0,3,108,1,4,9,10,19
1469,317,0,317,1,21,"TAS","Urban","12:00 PM - 6:00 PM",1,1,1,1,156,2,4,6,6,12
1081,458,0,458,0,38,"VIC","Remote","6:00 AM - 12:00 PM",1,1,0,2,78,2,2,8,7,15
582,1819,1598,221,0,40,"WA","Urban","6:00 PM - 12:00 AM",1,1,0,1,36,1,2,0,2,2
787,4517,2383,2134,1,43,"NSW","Urban","6:00 PM - 12:00 AM",0,0,0,2,150,3,2,4,3,7
255,329,0,329,0,20,"VIC","Regional","12:00 AM - 6:00 AM",1,0,0,3,120,2,4,8,6,14
836,150,0,150,0,20,"NSW","Urban","6:00 PM - 12:00 AM",1,0,0,1,24,1,2,7,4,11
493,1197,0,1197,0,45,"NSW","Regional","6:00 PM - 12:00 AM",0,1,1,3,174,2,2,6,5,11
597,518,0,518,1,31,"NSW","Urban","6:00 PM - 12:00 AM",0,1,0,3,90,1,2,10,10,20
1638,181,0,181,1,41,"VIC","Urban","6:00 PM - 12:00 AM",1,1,1,3,90,1,3,10,10,20
411,796,0,796,1,26,"NSW","Regional","6:00 PM - 12:00 AM",1,1,1,1,150,1,4,6,5,11
1314,4263,2502,1761,1,57,"VIC","Urban","6:00 AM - 12:00 PM",1,0,0,3,144,1,3,8,3,11
600,413,0,413,0,24,"NSW","Remote","6:00 PM - 12:00 AM",0,1,0,3,96,1,2,6,6,12
1699,3645,1756,1889,0,49,"NSW","Regional","6:00 PM - 12:00 AM",0,0,1,2,180,2,3,5,9,14
1953,3065,1909,1156,0,53,"WA","Urban","6:00 PM - 12:00 AM",0,1,0,2,72,2,3,3,2,5
296,3996,2074,1922,0,42,"ACT","Regional","12:00 AM - 6:00 AM",0,1,1,3,54,3,2,3,4,7
1303,1323,1173,150,1,27,"NSW","Urban","6:00 AM - 12:00 PM",0,1,1,2,174,1,1,4,6,10
1994,3336,1798,1538,1,40,"NSW","Urban","6:00 PM - 12:00 AM",0,1,1,2,102,3,3,8,4,12
486,1639,1296,343,1,45,"NSW","Urban","6:00 PM - 12:00 AM",1,1,0,3,84,1,3,5,8,13
1964,3204,1704,1500,0,60,"VIC","Urban","6:00 PM - 12:00 AM",0,0,0,1,60,1,3,7,8,15
708,3880,2271,1609,1,58,"NSW","Remote","6:00 PM - 12:00 AM",1,0,0,3,78,1,3,10,9,19
760,170,0,170,1,38,"TAS","Urban","6:00 PM - 12:00 AM",1,1,1,3,120,1,4,8,7,15
1467,367,0,367,0,21,"NSW","Urban","6:00 AM - 12:00 PM",1,1,1,3,138,2,4,4,7,11
1554,3561,1676,1885,1,44,"VIC","Urban","6:00 AM - 12:00 PM",0,0,1,2,120,3,4,8,8,16
146,1656,1491,165,1,28,"QLD","Urban","12:00 AM - 6:00 AM",1,1,0,3,90,2,3,10,6,16
1154,267,0,267,0,23,"TAS","Regional","6:00 AM - 12:00 PM",1,1,0,2,90,1,4,10,10,20
1464,3208,1815,1393,0,53,"VIC","Urban","6:00 AM - 12:00 PM",1,0,0,3,48,2,2,7,8,15
892,1174,0,1174,1,50,"VIC","Remote","6:00 AM - 12:00 PM",0,0,0,2,180,1,3,3,3,6
452,716,0,716,0,44,"VIC","Urban","6:00 PM - 12:00 AM",1,1,1,3,108,1,2,6,8,14
1684,3121,1780,1341,0,56,"NSW","Urban","6:00 PM - 12:00 AM",0,0,1,3,114,4,4,8,10,18
1982,687,0,687,1,25,"NSW","Urban","6:00 PM - 12:00 AM",1,1,0,3,120,1,2,7,4,11
1884,4592,2287,2305,1,48,"WA","Urban","6:00 PM - 12:00 AM",0,1,1,3,18,4,2,0,0,0
96,395,0,395,1,20,"VIC","Regional","12:00 AM - 6:00 AM",0,1,0,2,120,1,3,10,9,19
272,4199,2172,2027,0,47,"NSW","Urban","12:00 AM - 6:00 AM",0,1,0,3,174,3,2,0,0,0
94,815,0,815,1,24,"VIC","Urban","12:00 AM - 6:00 AM",0,1,1,2,42,2,3,9,8,17
1934,3513,2005,1508,0,44,"VIC","Regional","6:00 PM - 12:00 AM",0,0,0,3,150,3,3,7,7,14
1348,919,0,919,1,36,"NSW","Urban","6:00 AM - 12:00 PM",1,1,0,1,114,1,3,6,6,12
1616,150,0,150,0,42,"WA","Regional","6:00 PM - 12:00 AM",1,1,0,3,12,1,4,1,4,5
1115,4562,2640,1922,0,54,"WA","Urban","6:00 AM - 12:00 PM",0,0,0,3,156,2,3,3,3,6
1362,219,0,219,0,39,"NSW","Urban","6:00 AM - 12:00 PM",0,1,0,3,126,1,4,10,10,20
1690,2707,1737,970,1,41,"QLD","Urban","6:00 PM - 12:00 AM",1,1,1,3,126,3,2,4,8,12
1981,4142,1920,2222,1,56,"QLD","Urban","6:00 PM - 12:00 AM",0,0,1,1,24,3,1,8,4,12
1634,196,0,196,1,54,"VIC","Urban","6:00 PM - 12:00 AM",1,1,0,3,132,1,4,8,10,18
699,1597,1380,217,1,29,"SA","Urban","6:00 PM - 12:00 AM",1,0,1,1,42,2,4,4,3,7
954,942,0,942,1,40,"VIC","Regional","6:00 AM - 12:00 PM",1,1,0,3,156,2,2,5,8,13
636,1276,0,1276,0,43,"TAS","Urban","6:00 PM - 12:00 AM",1,1,1,2,48,2,4,7,8,15
1481,4394,2437,1957,0,58,"TAS","Urban","6:00 AM - 12:00 PM",0,0,1,2,114,1,3,10,10,20
1108,3335,1846,1489,0,57,"NSW","Urban","6:00 AM - 12:00 PM",0,0,0,2,72,3,3,7,9,16
68,417,0,417,1,22,"NSW","Urban","12:00 AM - 6:00 AM",1,1,0,3,108,2,2,5,5,10
554,431,0,431,1,22,"WA","Urban","6:00 PM - 12:00 AM",0,1,0,3,138,2,2,9,8,17
1549,489,0,489,0,24,"SA","Urban","6:00 AM - 12:00 PM",1,1,1,1,66,1,4,10,10,20
712,4407,2438,1969,1,54,"NSW","Urban","6:00 PM - 12:00 AM",0,1,0,2,36,3,2,8,5,13
130,589,0,589,0,26,"NSW","Remote","12:00 AM - 6:00 AM",0,0,0,2,126,2,3,10,10,20
397,3313,1210,2103,1,59,"VIC","Urban","6:00 PM - 12:00 AM",0,0,0,1,12,3,3,4,0,4
1258,148,0,148,0,48,"NSW","Regional","12:00 PM - 6:00 PM",0,1,1,3,72,1,3,10,7,17
108,1020,0,1020,1,33,"NSW","Regional","12:00 AM - 6:00 AM",1,0,0,2,84,1,3,5,7,12
709,4213,2043,2170,0,50,"NSW","Urban","6:00 PM - 12:00 AM",0,1,0,3,84,2,2,8,8,16
112,197,0,197,1,54,"NSW","Urban","12:00 AM - 6:00 AM",0,0,1,3,144,1,2,6,5,11
1572,257,0,257,1,53,"SA","Urban","6:00 AM - 12:00 PM",1,0,0,1,150,1,3,4,4,8
994,338,0,338,1,24,"VIC","Regional","6:00 AM - 12:00 PM",1,1,0,3,108,1,2,10,10,20
941,393,0,393,0,22,"VIC","Urban","6:00 AM - 12:00 PM",1,1,0,2,42,1,5,3,3,6
428,258,0,258,0,45,"VIC","Urban","6:00 PM - 12:00 AM",1,1,0,3,168,1,3,5,4,9
331,284,0,284,1,24,"QLD","Urban","6:00 PM - 12:00 AM",1,1,0,1,156,2,2,5,4,9
1405,420,0,420,0,20,"NSW","Urban","6:00 AM - 12:00 PM",0,0,0,2,30,1,3,5,7,12
1356,212,0,212,0,28,"NSW","Urban","6:00 AM - 12:00 PM",0,1,0,3,168,1,3,2,1,3
1471,1766,1430,336,1,38,"NSW","Regional","6:00 AM - 12:00 PM",0,1,1,2,66,1,2,8,7,15
187,3816,2198,1618,0,44,"NT","Urban","12:00 AM - 6:00 AM",0,0,0,3,120,1,1,4,4,8
388,179,0,179,0,55,"QLD","Urban","6:00 PM - 12:00 AM",1,1,0,3,18,1,3,0,0,0
1118,4476,2554,1922,0,50,"NSW","Urban","6:00 AM - 12:00 PM",0,0,0,3,30,4,5,9,9,18
1484,1660,1335,325,1,29,"VIC","Urban","6:00 AM - 12:00 PM",1,1,0,1,42,1,2,0,2,2
23,3153,1905,1248,1,59,"NSW","Urban","12:00 AM - 6:00 AM",0,0,1,1,174,3,3,3,3,6
1800,416,0,416,0,29,"VIC","Regional","6:00 PM - 12:00 AM",1,1,1,2,42,1,4,3,3,6
289,274,0,274,0,47,"TAS","Urban","12:00 AM - 6:00 AM",1,0,0,2,114,1,3,8,8,16
200,246,0,246,1,48,"NSW","Regional","12:00 AM - 6:00 AM",1,0,1,3,108,1,5,8,4,12
1489,4181,2112,2069,0,53,"TAS","Urban","6:00 AM - 12:00 PM",0,0,1,2,174,1,1,4,5,9
439,4782,2342,2440,1,57,"NSW","Urban","6:00 PM - 12:00 AM",1,0,1,2,126,4,2,8,3,11
873,2604,1360,1244,1,54,"WA","Urban","6:00 PM - 12:00 AM",0,0,0,3,48,3,3,4,7,11
1407,1752,1406,346,0,26,"WA","Regional","6:00 AM - 12:00 PM",0,1,1,2,48,1,3,7,6,13
1310,3529,1617,1912,1,46,"WA","Urban","6:00 AM - 12:00 PM",1,0,1,3,42,1,5,3,0,3
1296,691,0,691,0,24,"NSW","Urban","6:00 AM - 12:00 PM",0,1,0,2,72,1,1,7,6,13
1573,3215,1706,1509,0,45,"VIC","Urban","6:00 AM - 12:00 PM",0,0,0,3,162,2,4,9,5,14
1330,324,0,324,0,21,"NT","Urban","6:00 AM - 12:00 PM",0,1,0,1,90,2,4,7,3,10
571,199,0,199,1,20,"NSW","Urban","6:00 PM - 12:00 AM",1,1,0,1,114,1,5,9,10,19
294,1569,1211,358,0,34,"SA","Urban","12:00 AM - 6:00 AM",1,0,0,3,138,2,3,9,7,16
220,4028,1925,2103,0,50,"QLD","Urban","12:00 AM - 6:00 AM",0,0,1,2,36,2,2,3,3,6
688,3384,1934,1450,1,55,"SA","Regional","6:00 PM - 12:00 AM",0,0,0,1,120,2,2,8,4,12
974,2457,2183,274,0,58,"ACT","Remote","6:00 AM - 12:00 PM",0,0,0,1,12,4,3,4,7,11
2,1469,0,1469,1,39,"VIC","Urban","12:00 PM - 6:00 PM",1,1,1,3,24,1,3,6,2,8
706,3357,1946,1411,0,59,"NSW","Remote","6:00 PM - 12:00 AM",0,0,0,3,162,2,2,2,2,4
1641,1774,0,1774,1,51,"VIC","Regional","6:00 PM - 12:00 AM",1,1,1,3,90,3,3,10,9,19
1348,919,0,919,1,36,"NSW","Urban","6:00 AM - 12:00 PM",1,1,0,1,114,1,3,6,6,12
1729,493,0,493,1,39,"NSW","Urban","6:00 PM - 12:00 AM",1,1,0,3,48,2,3,5,4,9
822,868,0,868,1,29,"NSW","Regional","6:00 PM - 12:00 AM",1,1,0,3,108,2,3,7,2,9
1760,3746,2021,1725,1,54,"QLD","Regional","6:00 PM - 12:00 AM",0,0,0,3,132,4,3,9,10,19
160,3086,1718,1368,0,54,"WA","Urban","12:00 AM - 6:00 AM",0,0,1,3,162,1,2,5,5,10
1785,3762,2255,1507,0,54,"WA","Regional","6:00 PM - 12:00 AM",1,0,1,1,84,4,3,10,10,20
1383,1261,1064,197,1,24,"QLD","Urban","6:00 AM - 12:00 PM",1,1,1,3,102,2,3,8,6,14
1366,511,0,511,1,22,"NSW","Urban","6:00 AM - 12:00 PM",0,1,1,3,12,2,1,1,1,2
329,195,0,195,0,20,"VIC","Urban","6:00 PM - 12:00 AM",1,1,1,2,174,1,3,0,1,1
1011,1422,0,1422,0,58,"NT","Urban","6:00 AM - 12:00 PM",0,1,1,3,24,1,3,5,8,13
1690,2707,1737,970,1,41,"QLD","Urban","6:00 PM - 12:00 AM",1,1,1,3,126,3,2,4,8,12
648,3941,2070,1871,0,52,"NSW","Urban","6:00 PM - 12:00 AM",1,0,0,3,132,4,4,7,7,14
247,254,0,254,0,25,"NSW","Urban","12:00 PM - 6:00 PM",1,1,0,3,180,2,3,2,1,3
1698,3101,1842,1259,0,60,"SA","Urban","6:00 PM - 12:00 AM",0,0,1,3,36,3,2,10,7,17
41,1987,1773,214,0,43,"WA","Urban","12:00 AM - 6:00 AM",1,1,1,1,174,1,3,0,0,0
1272,1308,0,1308,1,42,"QLD","Urban","6:00 AM - 12:00 PM",1,1,0,3,84,2,3,9,9,18
1503,3335,1732,1603,0,45,"WA","Urban","6:00 AM - 12:00 PM",0,0,0,2,12,1,2,0,0,0
281,4281,2293,1988,1,49,"NSW","Urban","12:00 AM - 6:00 AM",0,0,0,1,180,3,5,7,5,12
160,3086,1718,1368,0,54,"WA","Urban","12:00 AM - 6:00 AM",0,0,1,3,162,1,2,5,5,10
1614,1221,1042,179,1,26,"QLD","Urban","6:00 AM - 12:00 PM",1,0,1,1,54,1,2,3,4,7
275,1495,1326,169,1,27,"TAS","Urban","12:00 AM - 6:00 AM",1,0,0,1,138,2,3,7,4,11
1895,3423,2086,1337,1,42,"NSW","Urban","6:00 PM - 12:00 AM",0,1,0,1,42,3,3,4,0,4
915,2015,1640,375,0,40,"VIC","Urban","6:00 AM - 12:00 PM",1,1,1,2,156,1,3,9,9,18
1307,294,0,294,0,24,"NT","Urban","6:00 AM - 12:00 PM",1,1,1,1,66,2,3,6,6,12
1782,515,0,515,1,37,"NSW","Urban","6:00 PM - 12:00 AM",0,1,0,1,144,2,4,10,10,20
1750,4200,2103,2097,0,59,"NSW","Remote","6:00 PM - 12:00 AM",1,0,0,3,168,1,4,5,6,11
1696,3401,2209,1192,0,55,"NT","Urban","6:00 PM - 12:00 AM",0,0,0,3,180,1,2,6,7,13
261,809,0,809,0,28,"TAS","Regional","12:00 AM - 6:00 AM",1,0,1,2,156,2,2,3,3,6
1287,308,0,308,1,22,"ACT","Urban","6:00 AM - 12:00 PM",1,1,0,3,162,1,1,4,3,7
772,3290,1788,1502,0,44,"ACT","Urban","6:00 PM - 12:00 AM",0,0,0,3,30,3,3,4,3,7
1725,1134,0,1134,0,41,"VIC","Urban","6:00 PM - 12:00 AM",0,1,1,3,66,1,3,3,3,6
16,416,0,416,1,28,"QLD","Urban","12:00 AM - 6:00 AM",0,1,1,2,126,2,2,7,5,12
864,4434,2090,2344,0,48,"QLD","Urban","6:00 PM - 12:00 AM",0,1,0,3,162,4,3,4,8,12
1098,2037,1526,511,1,40,"VIC","Urban","6:00 AM - 12:00 PM",1,1,0,3,162,1,3,0,3,3
1149,2679,1656,1023,0,40,"WA","Regional","6:00 AM - 12:00 PM",1,1,0,3,90,3,3,7,7,14
1139,620,0,620,0,38,"NSW","Remote","6:00 AM - 12:00 PM",1,1,0,3,162,1,2,7,6,13
1445,1865,1760,105,1,28,"ACT","Urban","6:00 AM - 12:00 PM",0,1,1,1,156,1,4,4,3,7
923,903,0,903,1,29,"QLD","Urban","6:00 AM - 12:00 PM",1,1,0,2,174,2,4,5,7,12
890,390,0,390,1,22,"VIC","Urban","12:00 PM - 6:00 PM",1,1,1,3,126,1,3,8,5,13
302,312,0,312,1,21,"VIC","Urban","12:00 PM - 6:00 PM",1,1,0,3,30,1,2,1,4,5
13,407,0,407,0,21,"SA","Urban","12:00 AM - 6:00 AM",1,1,0,2,120,1,4,8,7,15
1346,1474,1184,290,1,26,"WA","Urban","6:00 AM - 12:00 PM",0,1,1,1,138,2,3,8,7,15
1374,2763,1765,998,1,56,"NT","Urban","6:00 AM - 12:00 PM",1,1,1,2,30,3,2,2,1,3
98,448,0,448,1,21,"NSW","Urban","12:00 AM - 6:00 AM",0,0,0,3,132,1,3,10,10,20
876,1437,0,1437,0,39,"TAS","Urban","6:00 PM - 12:00 AM",1,0,1,1,18,1,2,2,0,2
536,726,0,726,0,33,"QLD","Urban","6:00 PM - 12:00 AM",0,1,0,2,54,1,3,10,8,18
495,247,0,247,0,41,"NSW","Urban","6:00 PM - 12:00 AM",0,1,0,3,156,1,2,7,7,14
484,197,0,197,0,59,"NT","Urban","6:00 PM - 12:00 AM",0,1,0,3,144,1,4,5,8,13
1427,2901,1617,1284,1,55,"NSW","Regional","6:00 AM - 12:00 PM",0,1,1,3,162,4,2,5,4,9
1486,4426,2185,2241,1,43,"SA","Urban","6:00 AM - 12:00 PM",0,0,0,3,30,4,2,6,1,7
1379,1388,1186,202,1,30,"ACT","Urban","6:00 AM - 12:00 PM",0,1,0,2,90,1,3,10,10,20
176,243,0,243,0,31,"VIC","Regional","12:00 AM - 6:00 AM",1,1,0,3,78,1,3,10,10,20
905,2415,2013,402,1,57,"TAS","Regional","6:00 AM - 12:00 PM",0,0,1,3,150,2,4,10,10,20
1792,279,0,279,1,22,"SA","Regional","6:00 PM - 12:00 AM",0,1,0,3,60,1,2,2,2,4
1321,144,0,144,1,21,"NSW","Urban","6:00 AM - 12:00 PM",1,1,1,3,42,1,2,1,2,3
487,373,0,373,1,28,"VIC","Remote","6:00 PM - 12:00 AM",1,1,1,3,132,2,4,9,9,18
341,1311,1166,145,0,25,"ACT","Regional","6:00 PM - 12:00 AM",1,1,0,3,36,1,1,8,6,14
519,3346,1905,1441,0,53,"QLD","Urban","6:00 PM - 12:00 AM",0,0,1,3,132,2,5,9,5,14
931,1729,1454,275,1,40,"VIC","Urban","6:00 AM - 12:00 PM",1,1,1,3,90,1,3,10,10,20
1556,182,0,182,0,34,"SA","Regional","6:00 AM - 12:00 PM",1,1,0,3,78,1,2,4,4,8
1888,4166,2218,1948,0,54,"QLD","Regional","6:00 PM - 12:00 AM",1,0,0,3,42,3,3,1,5,6
1308,3631,1931,1700,1,53,"NSW","Regional","6:00 AM - 12:00 PM",0,0,1,1,120,3,2,8,10,18
690,4283,1978,2305,1,47,"SA","Urban","6:00 PM - 12:00 AM",0,1,0,3,150,4,3,7,7,14
1768,1625,1267,358,1,42,"SA","Urban","12:00 PM - 6:00 PM",1,1,1,3,138,1,3,4,3,7
541,1689,1492,197,0,31,"VIC","Urban","6:00 PM - 12:00 AM",1,1,1,3,108,2,3,8,8,16
1701,1505,1311,194,0,38,"VIC","Urban","6:00 PM - 12:00 AM",1,1,1,3,168,1,4,7,5,12
958,364,0,364,0,22,"SA","Remote","6:00 AM - 12:00 PM",1,1,1,2,126,1,2,6,5,11
1338,132,0,132,0,24,"NSW","Regional","6:00 AM - 12:00 PM",0,1,1,3,24,1,4,4,7,11
215,1455,1455,0,1,29,"NSW","Urban","12:00 AM - 6:00 AM",1,1,1,1,120,2,4,10,10,20
876,1437,0,1437,0,39,"TAS","Urban","6:00 PM - 12:00 AM",1,0,1,1,18,1,2,2,0,2
426,417,0,417,0,26,"NT","Regional","6:00 PM - 12:00 AM",1,1,0,1,156,1,3,6,6,12
831,3246,1739,1507,1,44,"SA","Urban","6:00 PM - 12:00 AM",0,0,1,2,96,3,4,10,10,20
188,257,0,257,0,38,"NSW","Urban","12:00 AM - 6:00 AM",1,1,1,3,174,1,2,7,7,14
599,1681,1448,233,0,35,"VIC","Urban","6:00 PM - 12:00 AM",1,1,1,3,24,2,3,4,5,9
735,795,0,795,0,31,"NSW","Regional","12:00 PM - 6:00 PM",1,1,1,3,120,2,4,7,10,17
1941,3957,2094,1863,1,47,"NSW","Urban","6:00 PM - 12:00 AM",1,1,0,3,42,2,2,1,0,1
1000,245,0,245,0,24,"VIC","Urban","6:00 AM - 12:00 PM",1,1,1,3,180,1,4,6,6,12
1115,4562,2640,1922,0,54,"WA","Urban","6:00 AM - 12:00 PM",0,0,0,3,156,2,3,3,3,6
1677,4823,2792,2031,0,59,"WA","Urban","6:00 PM - 12:00 AM",0,0,1,2,66,2,2,7,6,13
1631,379,0,379,0,28,"VIC","Urban","6:00 PM - 12:00 AM",1,1,0,2,54,1,2,3,2,5
1358,313,0,313,0,22,"ACT","Regional","12:00 PM - 6:00 PM",1,1,0,3,114,2,3,7,6,13
1623,1954,1543,411,0,52,"VIC","Regional","6:00 PM - 12:00 AM",0,0,1,1,114,2,3,9,10,19
803,178,0,178,1,40,"VIC","Regional","6:00 PM - 12:00 AM",1,1,0,3,138,1,3,5,5,10
956,486,0,486,1,37,"NT","Remote","6:00 AM - 12:00 PM",1,1,1,3,114,1,3,10,10,20
1752,4253,2184,2069,0,52,"NSW","Urban","6:00 PM - 12:00 AM",0,0,1,3,72,1,3,6,8,14
1072,1517,0,1517,1,60,"VIC","Urban","6:00 AM - 12:00 PM",0,1,1,3,108,2,4,10,10,20
413,4344,2448,1896,1,57,"VIC","Regional","12:00 PM - 6:00 PM",0,0,0,2,84,2,4,10,10,20
1662,1113,0,1113,0,41,"VIC","Urban","6:00 PM - 12:00 AM",1,1,1,3,102,1,2,9,9,18
1488,217,0,217,0,21,"ACT","Regional","6:00 AM - 12:00 PM",1,1,1,3,108,1,2,10,8,18
365,1458,1314,144,1,38,"VIC","Urban","6:00 PM - 12:00 AM",1,1,0,3,84,1,2,4,5,9
753,4461,2163,2298,0,41,"NSW","Regional","6:00 PM - 12:00 AM",0,0,0,2,12,4,4,7,4,11
1440,2973,1626,1347,1,54,"NSW","Urban","6:00 AM - 12:00 PM",0,1,0,3,168,2,2,6,6,12
801,252,0,252,0,51,"VIC","Urban","6:00 PM - 12:00 AM",1,0,1,3,180,1,4,1,1,2
1423,3445,1937,1508,0,54,"QLD","Regional","6:00 AM - 12:00 PM",0,0,0,3,150,3,2,5,4,9
894,1411,0,1411,1,41,"NT","Urban","6:00 AM - 12:00 PM",0,0,0,1,90,1,3,10,10,20
59,967,0,967,0,45,"WA","Urban","12:00 AM - 6:00 AM",0,1,0,3,72,2,2,7,3,10
442,1951,1466,485,0,44,"QLD","Urban","6:00 PM - 12:00 AM",1,1,1,3,96,2,2,9,9,18
67,351,0,351,1,22,"NSW","Urban","12:00 AM - 6:00 AM",0,1,1,3,162,1,3,6,4,10
886,197,0,197,0,37,"VIC","Urban","6:00 AM - 12:00 PM",1,1,0,1,120,1,3,7,2,9
269,184,0,184,1,21,"NT","Urban","12:00 PM - 6:00 PM",1,1,0,1,72,1,3,3,2,5
1897,218,0,218,0,55,"SA","Urban","6:00 PM - 12:00 AM",0,0,0,1,120,1,3,10,10,20
598,1883,1502,381,0,42,"WA","Urban","6:00 PM - 12:00 AM",0,1,1,2,108,2,4,10,10,20
1077,465,0,465,1,29,"NSW","Urban","6:00 AM - 12:00 PM",1,1,0,2,60,2,3,6,5,11
1251,487,0,487,0,36,"QLD","Urban","6:00 AM - 12:00 PM",0,1,1,3,60,2,4,2,6,8
464,3548,1790,1758,1,53,"ACT","Regional","6:00 PM - 12:00 AM",1,0,0,3,132,1,3,5,5,10
483,1445,1240,205,1,33,"NSW","Urban","6:00 PM - 12:00 AM",1,1,1,3,78,2,2,3,3,6
624,4465,2054,2411,1,55,"NSW","Regional","12:00 PM - 6:00 PM",0,0,0,3,54,3,4,5,5,10
1003,428,0,428,0,27,"NSW","Urban","6:00 AM - 12:00 PM",1,1,0,3,120,2,4,10,10,20
314,1433,1233,200,0,24,"VIC","Urban","6:00 PM - 12:00 AM",1,1,0,1,78,1,2,6,7,13
1074,1627,1414,213,1,40,"NT","Urban","6:00 AM - 12:00 PM",1,1,0,3,12,2,3,2,0,2
783,4222,2584,1638,1,60,"NSW","Regional","6:00 PM - 12:00 AM",0,0,0,1,108,1,4,10,9,19
319,214,0,214,1,23,"TAS","Urban","6:00 PM - 12:00 AM",1,1,1,3,36,1,3,5,5,10
1843,3349,1739,1610,1,56,"NSW","Urban","6:00 PM - 12:00 AM",0,0,1,2,120,1,3,10,10,20
1121,199,0,199,1,24,"NT","Regional","6:00 AM - 12:00 PM",1,1,0,3,144,1,3,4,4,8
910,2141,1363,778,0,59,"WA","Remote","6:00 AM - 12:00 PM",0,0,0,2,30,1,5,7,7,14
1407,1752,1406,346,0,26,"WA","Regional","6:00 AM - 12:00 PM",0,1,1,2,48,1,3,7,6,13
1081,458,0,458,0,38,"VIC","Remote","6:00 AM - 12:00 PM",1,1,0,2,78,2,2,8,7,15
597,518,0,518,1,31,"NSW","Urban","6:00 PM - 12:00 AM",0,1,0,3,90,1,2,10,10,20
49,3869,2366,1503,0,50,"NSW","Urban","12:00 AM - 6:00 AM",1,0,1,3,168,2,2,3,5,8
307,1337,1166,171,1,25,"QLD","Regional","6:00 PM - 12:00 AM",1,1,1,3,168,1,3,0,3,3
545,1167,0,1167,1,36,"SA","Urban","6:00 PM - 12:00 AM",1,1,0,1,24,2,3,0,0,0
1559,297,0,297,1,22,"ACT","Urban","6:00 AM - 12:00 PM",1,1,0,3,30,2,4,4,0,4
1804,3426,2016,1410,0,48,"QLD","Regional","6:00 PM - 12:00 AM",0,0,1,3,174,4,3,6,9,15
164,1332,0,1332,0,38,"NSW","Urban","12:00 AM - 6:00 AM",1,1,0,2,174,2,3,0,0,0
411,796,0,796,1,26,"NSW","Regional","6:00 PM - 12:00 AM",1,1,1,1,150,1,4,6,5,11
1162,370,0,370,1,20,"ACT","Regional","6:00 AM - 12:00 PM",1,1,0,2,84,1,2,9,9,18
582,1819,1598,221,0,40,"WA","Urban","6:00 PM - 12:00 AM",1,1,0,1,36,1,2,0,2,2
1208,4243,2253,1990,0,56,"NSW","Urban","6:00 AM - 12:00 PM",1,0,1,3,162,1,3,2,1,3
1310,3529,1617,1912,1,46,"WA","Urban","6:00 AM - 12:00 PM",1,0,1,3,42,1,5,3,0,3
169,501,0,501,1,34,"NSW","Urban","12:00 PM - 6:00 PM",1,1,0,3,120,1,3,9,8,17
1748,1540,1337,203,0,27,"NT","Urban","6:00 PM - 12:00 AM",0,1,1,1,84,1,2,5,6,11
347,2026,1806,220,0,41,"NSW","Urban","12:00 PM - 6:00 PM",1,1,1,2,132,1,4,9,10,19
916,2129,1900,229,1,48,"QLD","Regional","6:00 AM - 12:00 PM",0,1,1,3,90,1,4,10,10,20
758,247,0,247,0,34,"TAS","Urban","6:00 PM - 12:00 AM",1,1,0,2,72,1,2,2,4,6
272,4199,2172,2027,0,47,"NSW","Urban","12:00 AM - 6:00 AM",0,1,0,3,174,3,2,0,0,0
1783,1873,1691,182,0,41,"NSW","Urban","6:00 PM - 12:00 AM",1,1,0,3,60,2,2,7,6,13
1397,1917,1555,362,1,30,"NSW","Remote","6:00 AM - 12:00 PM",0,0,0,1,144,2,4,9,10,19
119,660,0,660,1,24,"TAS","Urban","12:00 AM - 6:00 AM",0,0,1,2,60,1,1,3,5,8
1347,4472,2305,2167,0,48,"NSW","Urban","12:00 PM - 6:00 PM",1,0,0,3,114,2,2,6,6,12
241,2911,1667,1244,0,59,"TAS","Urban","12:00 AM - 6:00 AM",0,1,0,3,18,2,4,5,5,10
473,628,0,628,1,36,"VIC","Urban","6:00 PM - 12:00 AM",0,1,0,2,66,2,4,10,10,20
1896,1740,1395,345,1,26,"NSW","Urban","6:00 PM - 12:00 AM",1,0,0,3,36,2,4,3,0,3
395,1446,1241,205,0,34,"NSW","Remote","6:00 PM - 12:00 AM",1,1,0,2,72,2,2,1,4,5
1585,3500,1654,1846,1,47,"NSW","Urban","6:00 AM - 12:00 PM",0,0,0,2,126,3,3,9,9,18
494,3251,1831,1420,0,49,"NSW","Regional","6:00 PM - 12:00 AM",0,0,0,2,138,4,2,10,10,20
266,396,0,396,1,20,"SA","Regional","12:00 AM - 6:00 AM",1,0,1,3,54,1,4,9,8,17
1980,4520,2643,1877,0,57,"SA","Urban","6:00 PM - 12:00 AM",0,0,0,2,30,4,2,4,4,8
1995,2916,1731,1185,1,59,"NSW","Remote","6:00 PM - 12:00 AM",0,0,0,1,96,1,3,10,10,20
1391,241,0,241,0,22,"VIC","Urban","12:00 PM - 6:00 PM",1,1,0,2,126,1,5,8,8,16
1347,4472,2305,2167,0,48,"NSW","Urban","12:00 PM - 6:00 PM",1,0,0,3,114,2,2,6,6,12
1784,423,0,423,1,26,"NSW","Remote","6:00 PM - 12:00 AM",0,1,1,3,66,1,3,10,10,20
938,1875,1730,145,0,44,"QLD","Urban","6:00 AM - 12:00 PM",1,1,0,2,132,2,2,9,8,17
1333,249,0,249,1,22,"NSW","Urban","6:00 AM - 12:00 PM",1,1,0,2,48,2,1,2,1,3
559,216,0,216,1,20,"NSW","Urban","6:00 PM - 12:00 AM",0,1,0,3,162,1,2,8,8,16
552,829,0,829,1,36,"QLD","Urban","6:00 PM - 12:00 AM",1,1,1,3,102,2,2,9,8,17
1623,1954,1543,411,0,52,"VIC","Regional","6:00 PM - 12:00 AM",0,0,1,1,114,2,3,9,10,19
1568,357,0,357,0,22,"VIC","Urban","6:00 AM - 12:00 PM",1,1,0,3,18,1,3,3,4,7
543,424,0,424,1,27,"NSW","Urban","6:00 PM - 12:00 AM",1,1,0,2,138,1,2,9,8,17
1167,1640,1500,140,1,37,"VIC","Regional","6:00 AM - 12:00 PM",0,1,0,3,36,2,2,4,3,7
537,3805,2202,1603,1,58,"NSW","Urban","6:00 PM - 12:00 AM",1,0,0,3,150,2,3,10,8,18
1059,1609,0,1609,0,60,"QLD","Urban","6:00 AM - 12:00 PM",1,1,1,3,132,1,2,6,1,7
566,997,0,997,1,45,"VIC","Urban","6:00 PM - 12:00 AM",0,1,0,3,174,2,3,3,2,5
672,1818,1501,317,0,31,"NSW","Regional","6:00 PM - 12:00 AM",1,0,1,3,24,2,3,0,2,2
1675,854,0,854,1,39,"NSW","Urban","6:00 PM - 12:00 AM",1,1,1,1,168,2,3,2,5,7
722,200,0,200,1,41,"ACT","Regional","6:00 PM - 12:00 AM",0,0,0,1,48,1,4,4,4,8
1636,2339,1910,429,0,51,"VIC","Urban","6:00 PM - 12:00 AM",0,0,0,1,66,2,3,6,7,13
1520,1494,1378,116,1,26,"WA","Urban","6:00 AM - 12:00 PM",1,1,0,3,132,1,2,2,2,4
685,3879,1994,1885,0,49,"NSW","Urban","6:00 PM - 12:00 AM",1,1,1,1,24,1,3,5,1,6
590,4396,2155,2241,1,56,"ACT","Urban","6:00 PM - 12:00 AM",1,0,0,3,150,4,3,5,4,9
179,150,0,150,1,21,"WA","Urban","12:00 AM - 6:00 AM",1,1,0,2,102,1,3,10,10,20
681,4192,1949,2243,0,58,"VIC","Urban","6:00 PM - 12:00 AM",1,0,1,3,72,4,3,10,10,20
432,162,0,162,1,22,"NT","Urban","6:00 PM - 12:00 AM",1,1,0,3,30,1,4,7,6,13
942,2076,1525,551,0,49,"VIC","Regional","6:00 AM - 12:00 PM",1,1,0,3,90,1,3,6,6,12
1791,3682,2150,1532,0,54,"QLD","Urban","12:00 PM - 6:00 PM",1,0,0,1,108,3,4,10,10,20
1656,802,0,802,1,27,"VIC","Urban","6:00 PM - 12:00 AM",1,1,1,2,78,2,2,9,7,16
1363,868,0,868,0,38,"NSW","Regional","6:00 AM - 12:00 PM",1,1,1,3,126,1,3,5,9,14
408,1107,0,1107,1,40,"NSW","Urban","6:00 PM - 12:00 AM",1,1,0,3,108,2,3,7,6,13
1771,258,0,258,0,23,"NSW","Regional","6:00 PM - 12:00 AM",1,1,0,2,108,2,3,10,10,20
941,393,0,393,0,22,"VIC","Urban","6:00 AM - 12:00 PM",1,1,0,2,42,1,5,3,3,6
1281,479,0,479,1,28,"NSW","Remote","6:00 AM - 12:00 PM",0,1,1,1,126,2,3,10,10,20
1110,228,0,228,1,52,"QLD","Urban","6:00 AM - 12:00 PM",1,1,0,1,24,1,2,8,3,11
1359,218,0,218,0,24,"NSW","Urban","6:00 AM - 12:00 PM",0,1,0,3,120,1,2,8,7,15
45,3127,1714,1413,1,55,"NSW","Urban","12:00 AM - 6:00 AM",1,0,0,1,174,1,3,0,0,0
1125,401,0,401,1,29,"VIC","Remote","12:00 PM - 6:00 PM",1,1,1,3,54,2,2,10,9,19
1570,4038,2211,1827,0,51,"WA","Urban","6:00 AM - 12:00 PM",0,1,0,3,156,1,4,7,9,16
1820,1197,0,1197,1,43,"NSW","Urban","6:00 PM - 12:00 AM",0,1,0,3,96,1,3,6,8,14
609,4369,2127,2242,0,58,"TAS","Regional","6:00 PM - 12:00 AM",0,0,0,3,84,1,5,10,10,20
1582,200,0,200,0,45,"NSW","Urban","6:00 AM - 12:00 PM",1,0,1,3,156,1,4,4,3,7
570,4367,2174,2193,1,48,"VIC","Urban","6:00 PM - 12:00 AM",0,0,0,3,30,2,3,6,7,13
1231,3191,1833,1358,0,48,"NSW","Urban","6:00 AM - 12:00 PM",1,0,0,3,180,2,4,4,4,8
86,1353,1106,247,1,22,"NSW","Urban","12:00 AM - 6:00 AM",0,1,0,1,48,2,4,6,2,8
255,329,0,329,0,20,"VIC","Regional","12:00 AM - 6:00 AM",1,0,0,3,120,2,4,8,6,14
487,373,0,373,1,28,"VIC","Remote","6:00 PM - 12:00 AM",1,1,1,3,132,2,4,9,9,18
199,3440,2326,1114,0,56,"SA","Urban","12:00 AM - 6:00 AM",0,0,0,1,156,4,2,8,6,14
1641,1774,0,1774,1,51,"VIC","Regional","6:00 PM - 12:00 AM",1,1,1,3,90,3,3,10,9,19
383,4353,2268,2085,0,57,"TAS","Urban","6:00 PM - 12:00 AM",0,0,0,3,96,2,3,7,7,14
36,754,0,754,0,31,"NT","Remote","12:00 PM - 6:00 PM",1,1,0,2,102,1,1,10,9,19
1050,661,0,661,1,41,"VIC","Urban","6:00 AM - 12:00 PM",1,1,0,3,30,1,4,5,4,9
1514,669,0,669,0,27,"TAS","Remote","6:00 AM - 12:00 PM",1,1,1,3,12,1,2,6,2,8
1749,1716,1372,344,1,34,"NSW","Urban","6:00 PM - 12:00 AM",1,1,1,1,54,2,4,9,5,14
1142,428,0,428,0,28,"VIC","Urban","6:00 AM - 12:00 PM",1,1,0,2,66,1,2,6,6,12
243,4030,1844,2186,0,50,"VIC","Urban","12:00 AM - 6:00 AM",0,0,0,3,12,3,4,3,3,6
674,243,0,243,1,58,"NSW","Urban","6:00 PM - 12:00 AM",1,0,0,3,54,1,3,5,7,12
65,406,0,406,0,23,"NT","Urban","12:00 AM - 6:00 AM",1,1,0,3,102,2,3,8,5,13
299,2361,1362,999,1,40,"ACT","Regional","12:00 AM - 6:00 AM",1,0,0,2,72,2,4,4,4,8
837,3701,2246,1455,1,52,"SA","Regional","6:00 PM - 12:00 AM",0,0,0,3,114,3,3,10,10,20
1526,4519,2492,2027,1,53,"WA","Regional","6:00 AM - 12:00 PM",0,0,0,3,30,4,3,5,0,5
721,4354,2408,1946,1,46,"ACT","Regional","6:00 PM - 12:00 AM",0,0,1,1,42,1,4,4,3,7
1814,1229,0,1229,0,40,"VIC","Remote","6:00 PM - 12:00 AM",1,1,1,3,114,1,4,10,10,20
764,2970,1740,1230,1,45,"NSW","Urban","6:00 PM - 12:00 AM",0,0,1,2,156,4,3,4,3,7
1766,1722,1468,254,1,41,"NSW","Urban","6:00 PM - 12:00 AM",1,1,1,3,174,2,2,4,0,4
1804,3426,2016,1410,0,48,"QLD","Regional","6:00 PM - 12:00 AM",0,0,1,3,174,4,3,6,9,15
1972,3570,2119,1451,0,41,"QLD","Regional","6:00 PM - 12:00 AM",0,0,1,3,42,3,4,3,6,9
458,4534,2616,1918,1,54,"NSW","Urban","12:00 PM - 6:00 PM",0,0,0,3,132,2,2,4,6,10
