"ID","TotalSpending","InternationalSpend","DomesticSpend","Female","Age","HomeState","HomeRegion","BookingTime","DeviceTypeMobileTablet","Windows.Android","PromotionsUsed","EaseOfUse","UsageDuration","BookingCount","AvailableFlights","Satisfaction","NetPromoterScore","TotalSatisfaction"
204,1077,0,1077,1,37,"NSW","Remote","12:00 AM - 6:00 AM",1,1,0,3,132,2,5,10,10,20
1901,3094,1664,1430,0,47,"ACT","Urban","6:00 PM - 12:00 AM",1,0,1,1,168,4,4,8,7,15
1445,1865,1760,105,1,28,"ACT","Urban","6:00 AM - 12:00 PM",0,1,1,1,156,1,4,4,3,7
1015,287,0,287,0,23,"VIC","Urban","6:00 AM - 12:00 PM",1,1,1,3,180,2,4,1,1,2
1328,405,0,405,1,24,"NSW","Urban","6:00 AM - 12:00 PM",0,1,0,3,18,2,3,2,2,4
1207,837,0,837,0,31,"NT","Urban","6:00 AM - 12:00 PM",0,1,0,3,60,1,3,3,7,10
310,1621,1393,228,0,41,"QLD","Urban","6:00 PM - 12:00 AM",1,1,0,3,30,1,4,8,7,15
127,2236,1637,599,0,40,"NSW","Urban","12:00 AM - 6:00 AM",1,0,0,3,162,1,3,4,2,6
1526,4519,2492,2027,1,53,"WA","Regional","6:00 AM - 12:00 PM",0,0,0,3,30,4,3,5,0,5
1321,144,0,144,1,21,"NSW","Urban","6:00 AM - 12:00 PM",1,1,1,3,42,1,2,1,2,3
1114,1508,1343,165,1,33,"ACT","Urban","12:00 PM - 6:00 PM",0,1,1,3,54,2,3,8,8,16
1728,181,0,181,1,52,"SA","Urban","6:00 PM - 12:00 AM",1,1,1,3,138,1,2,7,6,13
1452,4245,2051,2194,1,49,"NSW","Remote","6:00 AM - 12:00 PM",1,1,0,3,42,2,3,3,0,3
1704,294,0,294,0,23,"NSW","Urban","6:00 PM - 12:00 AM",0,1,1,3,102,1,2,4,5,9
49,3869,2366,1503,0,50,"NSW","Urban","12:00 AM - 6:00 AM",1,0,1,3,168,2,2,3,5,8
1113,2419,1238,1181,0,54,"WA","Regional","12:00 PM - 6:00 PM",1,1,0,3,72,1,2,9,8,17
1449,4140,2395,1745,0,52,"QLD","Urban","6:00 AM - 12:00 PM",0,0,0,3,120,3,2,7,7,14
1750,4200,2103,2097,0,59,"NSW","Remote","6:00 PM - 12:00 AM",1,0,0,3,168,1,4,5,6,11
308,921,0,921,1,40,"TAS","Urban","6:00 PM - 12:00 AM",1,1,1,3,84,2,4,8,8,16
984,271,0,271,0,48,"WA","Urban","6:00 AM - 12:00 PM",1,1,1,3,84,1,2,9,5,14
887,2209,1785,424,0,36,"VIC","Urban","6:00 AM - 12:00 PM",0,0,0,1,66,2,4,7,7,14
1664,1046,0,1046,1,44,"NSW","Urban","6:00 PM - 12:00 AM",1,1,0,3,168,1,3,2,2,4
245,238,0,238,0,35,"VIC","Urban","12:00 AM - 6:00 AM",1,0,1,1,78,1,4,6,8,14
894,1411,0,1411,1,41,"NT","Urban","6:00 AM - 12:00 PM",0,0,0,1,90,1,3,10,10,20
1770,942,0,942,1,33,"NSW","Urban","6:00 PM - 12:00 AM",0,1,0,3,168,1,3,3,0,3
456,256,0,256,1,56,"NSW","Urban","6:00 PM - 12:00 AM",0,1,0,2,30,1,3,3,2,5
548,285,0,285,1,24,"ACT","Urban","6:00 PM - 12:00 AM",1,1,0,2,30,2,3,0,0,0
1356,212,0,212,0,28,"NSW","Urban","6:00 AM - 12:00 PM",0,1,0,3,168,1,3,2,1,3
160,3086,1718,1368,0,54,"WA","Urban","12:00 AM - 6:00 AM",0,0,1,3,162,1,2,5,5,10
264,3586,2147,1439,0,52,"NT","Regional","12:00 AM - 6:00 AM",0,0,0,1,48,2,5,10,10,20
1491,3040,1544,1496,1,58,"VIC","Urban","12:00 PM - 6:00 PM",1,0,1,3,60,4,4,10,10,20
1272,1308,0,1308,1,42,"QLD","Urban","6:00 AM - 12:00 PM",1,1,0,3,84,2,3,9,9,18
449,1729,1410,319,1,40,"NT","Urban","6:00 PM - 12:00 AM",1,1,0,3,72,1,5,6,5,11
219,3973,1995,1978,1,55,"VIC","Regional","12:00 AM - 6:00 AM",0,0,0,3,12,1,1,1,0,1
876,1437,0,1437,0,39,"TAS","Urban","6:00 PM - 12:00 AM",1,0,1,1,18,1,2,2,0,2
1039,1456,0,1456,0,48,"ACT","Urban","6:00 AM - 12:00 PM",0,1,1,3,18,1,4,0,4,4
1626,220,0,220,0,41,"ACT","Regional","6:00 PM - 12:00 AM",1,1,1,3,54,1,2,5,6,11
1349,224,0,224,1,25,"NSW","Urban","6:00 AM - 12:00 PM",0,1,0,2,90,2,4,8,7,15
973,1415,1165,250,1,43,"WA","Regional","6:00 AM - 12:00 PM",1,1,1,2,54,2,2,9,10,19
1799,2961,1466,1495,0,50,"SA","Regional","6:00 PM - 12:00 AM",1,0,1,3,120,2,2,9,8,17
1692,401,0,401,1,21,"NT","Urban","6:00 PM - 12:00 AM",1,1,0,3,90,2,3,6,5,11
1444,3032,1745,1287,1,36,"ACT","Remote","6:00 AM - 12:00 PM",1,1,1,2,114,3,4,7,8,15
1833,1231,1109,122,1,28,"NSW","Urban","6:00 PM - 12:00 AM",0,1,0,3,72,2,4,6,5,11
809,2735,1581,1154,1,44,"WA","Urban","6:00 PM - 12:00 AM",0,0,1,3,54,4,4,7,10,17
1333,249,0,249,1,22,"NSW","Urban","6:00 AM - 12:00 PM",1,1,0,2,48,2,1,2,1,3
1538,4222,2311,1911,1,47,"NSW","Regional","6:00 AM - 12:00 PM",0,0,1,2,54,2,3,5,5,10
1164,4427,2694,1733,1,48,"NSW","Regional","6:00 AM - 12:00 PM",0,0,1,2,180,4,4,9,7,16
1124,3183,1982,1201,0,59,"QLD","Urban","6:00 AM - 12:00 PM",0,0,0,3,138,4,4,8,10,18
580,1512,0,1512,1,44,"SA","Urban","12:00 PM - 6:00 PM",0,1,0,3,156,2,4,8,9,17
1444,3032,1745,1287,1,36,"ACT","Remote","6:00 AM - 12:00 PM",1,1,1,2,114,3,4,7,8,15
1399,3516,1929,1587,1,47,"QLD","Urban","6:00 AM - 12:00 PM",0,1,0,3,78,2,2,6,3,9
851,1352,1180,172,1,21,"NSW","Regional","6:00 PM - 12:00 AM",1,0,1,3,84,1,3,6,5,11
1024,1561,1275,286,1,37,"NT","Urban","12:00 PM - 6:00 PM",0,1,1,3,12,1,3,1,0,1
1409,386,0,386,0,20,"NSW","Urban","6:00 AM - 12:00 PM",0,1,0,3,144,2,4,10,10,20
693,2970,1594,1376,0,42,"WA","Urban","6:00 PM - 12:00 AM",1,0,1,3,126,3,2,9,8,17
1884,4592,2287,2305,1,48,"WA","Urban","6:00 PM - 12:00 AM",0,1,1,3,18,4,2,0,0,0
74,453,0,453,0,22,"VIC","Urban","12:00 AM - 6:00 AM",0,1,1,2,156,1,5,10,9,19
328,465,0,465,0,34,"VIC","Urban","6:00 PM - 12:00 AM",1,1,1,3,180,2,3,3,2,5
483,1445,1240,205,1,33,"NSW","Urban","6:00 PM - 12:00 AM",1,1,1,3,78,2,2,3,3,6
1620,2437,2143,294,1,51,"TAS","Remote","6:00 PM - 12:00 AM",0,0,1,3,84,1,3,10,10,20
1925,4776,2970,1806,0,47,"WA","Urban","6:00 PM - 12:00 AM",0,0,0,1,24,2,3,1,4,5
1016,1400,1079,321,1,39,"ACT","Urban","6:00 AM - 12:00 PM",1,1,0,3,90,2,2,10,8,18
987,1284,0,1284,0,52,"VIC","Urban","6:00 AM - 12:00 PM",0,1,0,3,126,1,4,8,4,12
696,1508,1398,110,0,29,"TAS","Urban","6:00 PM - 12:00 AM",0,1,0,3,132,2,5,10,7,17
1348,919,0,919,1,36,"NSW","Urban","6:00 AM - 12:00 PM",1,1,0,1,114,1,3,6,6,12
1669,3946,1877,2069,0,55,"NSW","Regional","12:00 PM - 6:00 PM",0,0,0,2,132,2,3,8,6,14
802,353,0,353,0,24,"TAS","Urban","12:00 PM - 6:00 PM",0,1,0,3,90,2,4,5,4,9
1699,3645,1756,1889,0,49,"NSW","Regional","6:00 PM - 12:00 AM",0,0,1,2,180,2,3,5,9,14
1129,825,0,825,0,39,"QLD","Urban","6:00 AM - 12:00 PM",1,1,0,3,174,1,3,7,6,13
1596,679,0,679,0,22,"ACT","Regional","6:00 AM - 12:00 PM",1,0,1,3,150,2,5,10,10,20
842,410,0,410,0,22,"VIC","Urban","6:00 PM - 12:00 AM",1,0,1,1,156,2,2,4,3,7
1831,3675,2170,1505,1,56,"QLD","Urban","6:00 PM - 12:00 AM",1,0,1,2,144,2,3,9,9,18
54,1175,0,1175,1,28,"NT","Remote","12:00 AM - 6:00 AM",0,1,0,1,66,2,2,5,2,7
1901,3094,1664,1430,0,47,"ACT","Urban","6:00 PM - 12:00 AM",1,0,1,1,168,4,4,8,7,15
1792,279,0,279,1,22,"SA","Regional","6:00 PM - 12:00 AM",0,1,0,3,60,1,2,2,2,4
175,1964,1670,294,0,33,"NSW","Urban","12:00 AM - 6:00 AM",1,1,0,2,162,2,2,9,5,14
1029,776,0,776,0,34,"VIC","Remote","6:00 AM - 12:00 PM",1,1,0,2,72,1,3,7,6,13
1613,1613,1280,333,0,35,"TAS","Urban","12:00 PM - 6:00 PM",0,1,0,3,108,2,5,8,8,16
1231,3191,1833,1358,0,48,"NSW","Urban","6:00 AM - 12:00 PM",1,0,0,3,180,2,4,4,4,8
1241,382,0,382,1,24,"WA","Regional","6:00 AM - 12:00 PM",0,1,0,1,132,2,3,6,1,7
1976,2959,1626,1333,1,60,"TAS","Urban","6:00 PM - 12:00 AM",0,0,1,3,120,1,2,10,9,19
1851,531,0,531,1,31,"NSW","Urban","6:00 PM - 12:00 AM",1,1,0,3,30,2,3,0,0,0
156,4443,2128,2315,1,42,"TAS","Regional","12:00 AM - 6:00 AM",0,0,0,1,156,2,2,10,8,18
1969,380,0,380,1,23,"QLD","Urban","6:00 PM - 12:00 AM",1,1,1,2,60,1,4,7,7,14
1092,3004,1760,1244,1,40,"NSW","Urban","6:00 AM - 12:00 PM",0,1,1,2,168,3,4,4,1,5
395,1446,1241,205,0,34,"NSW","Remote","6:00 PM - 12:00 AM",1,1,0,2,72,2,2,1,4,5
1075,1341,1121,220,1,24,"VIC","Regional","6:00 AM - 12:00 PM",1,1,1,3,36,2,3,5,5,10
1577,3470,2007,1463,1,57,"NSW","Urban","6:00 AM - 12:00 PM",0,0,1,1,84,4,3,10,9,19
796,4279,2349,1930,0,47,"WA","Urban","6:00 PM - 12:00 AM",0,0,0,2,66,3,3,10,10,20
1530,2816,1613,1203,0,37,"ACT","Urban","6:00 AM - 12:00 PM",1,1,0,1,102,4,4,9,7,16
1049,1950,1458,492,0,49,"NT","Urban","6:00 AM - 12:00 PM",0,1,0,3,114,1,1,6,5,11
185,1607,1225,382,1,28,"NT","Regional","12:00 AM - 6:00 AM",1,1,1,2,144,2,2,5,3,8
1901,3094,1664,1430,0,47,"ACT","Urban","6:00 PM - 12:00 AM",1,0,1,1,168,4,4,8,7,15
1707,3179,1576,1603,1,49,"VIC","Urban","6:00 PM - 12:00 AM",1,0,1,1,66,4,1,7,10,17
553,856,0,856,0,27,"ACT","Regional","6:00 PM - 12:00 AM",1,1,0,1,72,1,3,5,6,11
778,1096,0,1096,0,35,"NT","Remote","6:00 PM - 12:00 AM",1,1,1,2,12,1,4,7,3,10
1825,4672,2246,2426,0,58,"QLD","Urban","6:00 PM - 12:00 AM",0,0,0,3,174,1,3,4,6,10
1247,1661,1340,321,0,33,"TAS","Urban","12:00 PM - 6:00 PM",1,1,1,1,24,2,2,2,0,2
1581,1773,1618,155,1,34,"NSW","Remote","6:00 AM - 12:00 PM",1,1,1,3,132,2,4,5,5,10
1912,375,0,375,0,24,"NSW","Urban","6:00 PM - 12:00 AM",1,0,0,2,30,1,4,2,3,5
536,726,0,726,0,33,"QLD","Urban","6:00 PM - 12:00 AM",0,1,0,2,54,1,3,10,8,18
225,237,0,237,1,21,"NSW","Urban","12:00 PM - 6:00 PM",1,1,1,3,144,1,3,4,4,8
1065,1836,1600,236,1,50,"VIC","Urban","6:00 AM - 12:00 PM",0,0,0,1,126,1,2,7,9,16
35,157,0,157,0,40,"NSW","Urban","12:00 AM - 6:00 AM",0,1,0,3,168,1,2,1,1,2
1565,4008,2323,1685,1,45,"NSW","Urban","6:00 AM - 12:00 PM",0,1,0,2,96,4,2,10,10,20
1448,2934,1635,1299,1,49,"WA","Regional","6:00 AM - 12:00 PM",0,0,0,3,42,1,2,7,6,13
819,205,0,205,0,50,"NSW","Urban","6:00 PM - 12:00 AM",1,0,0,3,30,1,5,8,8,16
1165,1349,0,1349,1,41,"NSW","Urban","6:00 AM - 12:00 PM",0,1,1,3,78,2,3,10,9,19
1226,1810,1475,335,0,38,"SA","Urban","6:00 AM - 12:00 PM",0,1,0,3,24,2,4,3,0,3
1760,3746,2021,1725,1,54,"QLD","Regional","6:00 PM - 12:00 AM",0,0,0,3,132,4,3,9,10,19
1775,245,0,245,1,38,"NSW","Urban","6:00 PM - 12:00 AM",1,1,0,3,114,1,2,8,7,15
1966,4179,2195,1984,1,51,"NSW","Urban","6:00 PM - 12:00 AM",0,0,0,3,90,1,3,4,5,9
1696,3401,2209,1192,0,55,"NT","Urban","6:00 PM - 12:00 AM",0,0,0,3,180,1,2,6,7,13
1878,3734,2082,1652,1,41,"VIC","Remote","6:00 PM - 12:00 AM",0,1,1,3,138,4,3,8,4,12
165,3974,1967,2007,0,41,"NSW","Regional","12:00 AM - 6:00 AM",0,0,1,3,162,2,2,2,2,4
438,4102,2131,1971,1,56,"NSW","Urban","6:00 PM - 12:00 AM",1,0,1,3,90,2,2,10,9,19
1229,434,0,434,1,26,"NSW","Regional","6:00 AM - 12:00 PM",1,1,1,3,102,1,2,4,4,8
1809,1536,1341,195,0,33,"SA","Urban","6:00 PM - 12:00 AM",0,1,0,3,84,1,2,7,10,17
920,2744,1376,1368,1,57,"VIC","Urban","6:00 AM - 12:00 PM",0,1,0,3,168,3,3,6,5,11
943,667,0,667,1,34,"VIC","Urban","6:00 AM - 12:00 PM",1,1,0,3,90,1,3,10,10,20
788,460,0,460,1,25,"VIC","Urban","6:00 PM - 12:00 AM",1,1,0,3,36,1,4,7,6,13
58,368,0,368,1,25,"NT","Regional","12:00 PM - 6:00 PM",1,1,1,3,138,2,3,8,10,18
567,3857,1976,1881,0,46,"NSW","Urban","6:00 PM - 12:00 AM",0,0,1,3,48,4,4,6,5,11
1544,4137,2304,1833,0,55,"ACT","Urban","6:00 AM - 12:00 PM",0,0,1,2,180,2,3,6,7,13
519,3346,1905,1441,0,53,"QLD","Urban","6:00 PM - 12:00 AM",0,0,1,3,132,2,5,9,5,14
188,257,0,257,0,38,"NSW","Urban","12:00 AM - 6:00 AM",1,1,1,3,174,1,2,7,7,14
644,3804,2217,1587,0,42,"ACT","Regional","6:00 PM - 12:00 AM",0,0,0,2,156,2,3,5,4,9
720,1464,0,1464,1,35,"NSW","Regional","6:00 PM - 12:00 AM",1,0,0,2,120,2,2,9,9,18
1655,614,0,614,0,28,"VIC","Urban","6:00 PM - 12:00 AM",1,1,0,3,36,1,3,4,4,8
1666,281,0,281,0,23,"NSW","Regional","6:00 PM - 12:00 AM",1,1,1,3,36,1,2,8,8,16
407,793,0,793,0,36,"NSW","Urban","6:00 PM - 12:00 AM",1,1,1,3,114,1,2,8,8,16
175,1964,1670,294,0,33,"NSW","Urban","12:00 AM - 6:00 AM",1,1,0,2,162,2,2,9,5,14
1048,1522,0,1522,1,46,"VIC","Regional","6:00 AM - 12:00 PM",0,1,1,2,144,2,3,4,8,12
89,195,0,195,0,25,"NSW","Urban","12:00 AM - 6:00 AM",0,1,0,2,96,1,2,6,5,11
671,205,0,205,1,31,"QLD","Regional","6:00 PM - 12:00 AM",1,0,1,3,126,1,4,4,7,11
1038,961,0,961,1,33,"VIC","Regional","6:00 AM - 12:00 PM",1,1,0,3,162,2,3,9,7,16
45,3127,1714,1413,1,55,"NSW","Urban","12:00 AM - 6:00 AM",1,0,0,1,174,1,3,0,0,0
1401,373,0,373,1,24,"TAS","Urban","6:00 AM - 12:00 PM",0,0,0,3,120,1,3,7,7,14
794,929,0,929,1,36,"QLD","Urban","6:00 PM - 12:00 AM",1,1,1,2,126,2,1,8,10,18
1324,3528,2009,1519,0,56,"NT","Urban","12:00 PM - 6:00 PM",1,0,0,3,60,3,4,8,8,16
1041,153,0,153,1,29,"VIC","Regional","6:00 AM - 12:00 PM",1,1,0,3,42,1,2,4,3,7
594,326,0,326,1,23,"VIC","Urban","6:00 PM - 12:00 AM",1,1,0,3,144,2,4,7,7,14
717,440,0,440,0,20,"NSW","Regional","6:00 PM - 12:00 AM",0,0,1,2,72,1,3,10,8,18
400,222,0,222,1,21,"NSW","Regional","6:00 PM - 12:00 AM",1,1,0,3,72,1,3,4,5,9
1658,511,0,511,0,34,"VIC","Urban","6:00 PM - 12:00 AM",1,1,1,2,78,2,4,5,9,14
456,256,0,256,1,56,"NSW","Urban","6:00 PM - 12:00 AM",0,1,0,2,30,1,3,3,2,5
1115,4562,2640,1922,0,54,"WA","Urban","6:00 AM - 12:00 PM",0,0,0,3,156,2,3,3,3,6
1219,271,0,271,1,21,"NSW","Urban","6:00 AM - 12:00 PM",0,1,0,3,78,2,2,10,10,20
1291,240,0,240,1,39,"NSW","Urban","12:00 PM - 6:00 PM",0,1,0,3,42,1,3,10,7,17
1077,465,0,465,1,29,"NSW","Urban","6:00 AM - 12:00 PM",1,1,0,2,60,2,3,6,5,11
171,601,0,601,0,25,"TAS","Urban","12:00 AM - 6:00 AM",1,1,0,2,36,1,4,3,0,3
179,150,0,150,1,21,"WA","Urban","12:00 AM - 6:00 AM",1,1,0,2,102,1,3,10,10,20
1138,4713,2072,2641,0,46,"ACT","Urban","6:00 AM - 12:00 PM",0,0,0,2,114,3,2,5,5,10
1164,4427,2694,1733,1,48,"NSW","Regional","6:00 AM - 12:00 PM",0,0,1,2,180,4,4,9,7,16
1995,2916,1731,1185,1,59,"NSW","Remote","6:00 PM - 12:00 AM",0,0,0,1,96,1,3,10,10,20
615,3434,1834,1600,1,50,"NT","Regional","6:00 PM - 12:00 AM",1,0,0,1,60,4,4,10,10,20
1679,184,0,184,1,30,"ACT","Urban","6:00 PM - 12:00 AM",1,1,1,3,180,1,2,5,6,11
1119,3872,1913,1959,1,52,"TAS","Urban","6:00 AM - 12:00 PM",0,0,0,1,108,4,2,6,6,12
1686,3716,2157,1559,0,54,"NT","Urban","6:00 PM - 12:00 AM",0,0,0,2,120,2,2,10,10,20
856,3518,1860,1658,0,55,"NSW","Regional","6:00 PM - 12:00 AM",0,1,1,2,12,2,2,4,3,7
659,3274,1692,1582,1,47,"VIC","Remote","6:00 PM - 12:00 AM",0,1,0,3,174,4,3,5,4,9
71,309,0,309,0,21,"NSW","Urban","12:00 AM - 6:00 AM",0,1,1,3,78,1,2,6,5,11
1464,3208,1815,1393,0,53,"VIC","Urban","6:00 AM - 12:00 PM",1,0,0,3,48,2,2,7,8,15
852,2218,1706,512,1,40,"NSW","Urban","6:00 PM - 12:00 AM",1,1,1,3,102,2,3,10,10,20
224,262,0,262,0,21,"VIC","Remote","12:00 PM - 6:00 PM",1,1,0,3,174,1,4,1,0,1
1024,1561,1275,286,1,37,"NT","Urban","12:00 PM - 6:00 PM",0,1,1,3,12,1,3,1,0,1
663,3788,1893,1895,1,42,"QLD","Urban","6:00 PM - 12:00 AM",0,0,1,1,120,1,4,5,5,10
1484,1660,1335,325,1,29,"VIC","Urban","6:00 AM - 12:00 PM",1,1,0,1,42,1,2,0,2,2
1448,2934,1635,1299,1,49,"WA","Regional","6:00 AM - 12:00 PM",0,0,0,3,42,1,2,7,6,13
1315,4408,2264,2144,0,46,"NSW","Urban","6:00 AM - 12:00 PM",0,0,1,2,114,2,3,5,5,10
902,1472,1181,291,0,36,"NSW","Urban","12:00 PM - 6:00 PM",1,1,1,3,18,2,2,5,5,10
930,414,0,414,0,21,"TAS","Urban","6:00 AM - 12:00 PM",1,1,1,1,180,2,3,2,0,2
1446,198,0,198,0,21,"VIC","Regional","12:00 PM - 6:00 PM",1,1,1,3,168,1,3,3,6,9
672,1818,1501,317,0,31,"NSW","Regional","6:00 PM - 12:00 AM",1,0,1,3,24,2,3,0,2,2
884,1847,1441,406,0,27,"VIC","Urban","6:00 AM - 12:00 PM",0,1,0,3,72,1,3,4,3,7
1257,358,0,358,0,24,"NSW","Regional","6:00 AM - 12:00 PM",1,1,0,2,78,2,2,10,9,19
1377,742,0,742,1,29,"NSW","Regional","6:00 AM - 12:00 PM",1,1,0,1,126,1,4,4,4,8
1358,313,0,313,0,22,"ACT","Regional","12:00 PM - 6:00 PM",1,1,0,3,114,2,3,7,6,13
343,2106,1616,490,0,44,"VIC","Urban","6:00 PM - 12:00 AM",1,1,0,3,180,2,2,2,3,5
1724,202,0,202,1,24,"NSW","Urban","12:00 PM - 6:00 PM",0,1,1,3,84,1,3,6,5,11
455,490,0,490,1,26,"ACT","Urban","6:00 PM - 12:00 AM",1,1,0,1,180,2,4,3,3,6
545,1167,0,1167,1,36,"SA","Urban","6:00 PM - 12:00 AM",1,1,0,1,24,2,3,0,0,0
934,903,0,903,0,24,"SA","Urban","6:00 AM - 12:00 PM",1,1,0,1,24,1,2,4,3,7
802,353,0,353,0,24,"TAS","Urban","12:00 PM - 6:00 PM",0,1,0,3,90,2,4,5,4,9
519,3346,1905,1441,0,53,"QLD","Urban","6:00 PM - 12:00 AM",0,0,1,3,132,2,5,9,5,14
1291,240,0,240,1,39,"NSW","Urban","12:00 PM - 6:00 PM",0,1,0,3,42,1,3,10,7,17
375,3373,1774,1599,1,60,"VIC","Regional","6:00 PM - 12:00 AM",0,1,1,3,66,3,4,8,3,11
1039,1456,0,1456,0,48,"ACT","Urban","6:00 AM - 12:00 PM",0,1,1,3,18,1,4,0,4,4
1053,1411,1258,153,1,45,"VIC","Regional","6:00 AM - 12:00 PM",1,1,1,1,150,1,3,5,1,6
1303,1323,1173,150,1,27,"NSW","Urban","6:00 AM - 12:00 PM",0,1,1,2,174,1,1,4,6,10
257,2223,1807,416,1,39,"NT","Urban","12:00 AM - 6:00 AM",1,0,0,3,108,1,3,8,8,16
1218,375,0,375,1,29,"NSW","Regional","6:00 AM - 12:00 PM",1,1,0,3,156,2,2,10,7,17
1624,962,0,962,1,34,"TAS","Urban","12:00 PM - 6:00 PM",0,1,0,2,162,1,2,7,6,13
169,501,0,501,1,34,"NSW","Urban","12:00 PM - 6:00 PM",1,1,0,3,120,1,3,9,8,17
995,350,0,350,1,22,"VIC","Urban","6:00 AM - 12:00 PM",1,1,1,3,30,2,4,6,8,14
806,1910,1724,186,1,34,"NSW","Urban","6:00 PM - 12:00 AM",1,1,0,3,138,1,4,8,10,18
1837,414,0,414,0,20,"NT","Urban","6:00 PM - 12:00 AM",1,1,0,2,18,2,4,4,1,5
460,2988,1583,1405,1,49,"NSW","Urban","6:00 PM - 12:00 AM",0,0,1,3,108,3,4,9,10,19
1560,4096,2239,1857,1,47,"NSW","Urban","6:00 AM - 12:00 PM",0,1,1,3,114,2,1,7,4,11
1835,2606,1751,855,0,44,"ACT","Urban","12:00 PM - 6:00 PM",0,1,0,3,120,1,4,6,7,13
1324,3528,2009,1519,0,56,"NT","Urban","12:00 PM - 6:00 PM",1,0,0,3,60,3,4,8,8,16
1404,1602,1314,288,1,39,"ACT","Urban","6:00 AM - 12:00 PM",0,0,0,3,30,1,2,3,4,7
359,1369,1144,225,1,20,"VIC","Urban","6:00 PM - 12:00 AM",1,1,0,3,48,2,2,6,4,10
342,3539,1977,1562,0,53,"VIC","Regional","6:00 PM - 12:00 AM",0,0,0,2,30,4,4,3,3,6
1274,1523,1396,127,0,28,"VIC","Urban","6:00 AM - 12:00 PM",1,1,0,3,72,2,2,5,5,10
1131,1126,0,1126,1,43,"TAS","Urban","6:00 AM - 12:00 PM",1,1,1,3,30,2,2,7,6,13
1013,286,0,286,0,20,"NSW","Urban","12:00 PM - 6:00 PM",0,1,1,2,54,2,3,6,5,11
548,285,0,285,1,24,"ACT","Urban","6:00 PM - 12:00 AM",1,1,0,2,30,2,3,0,0,0
545,1167,0,1167,1,36,"SA","Urban","6:00 PM - 12:00 AM",1,1,0,1,24,2,3,0,0,0
176,243,0,243,0,31,"VIC","Regional","12:00 AM - 6:00 AM",1,1,0,3,78,1,3,10,10,20
317,900,0,900,1,25,"VIC","Regional","6:00 PM - 12:00 AM",1,1,0,3,150,1,1,8,5,13
721,4354,2408,1946,1,46,"ACT","Regional","6:00 PM - 12:00 AM",0,0,1,1,42,1,4,4,3,7
1533,1606,1305,301,0,26,"NSW","Remote","6:00 AM - 12:00 PM",1,1,0,3,48,2,3,5,4,9
940,163,0,163,0,51,"VIC","Regional","6:00 AM - 12:00 PM",1,1,0,3,54,1,5,2,6,8
1921,4222,2411,1811,1,43,"TAS","Urban","6:00 PM - 12:00 AM",1,1,1,2,150,1,5,10,10,20
1198,993,0,993,0,43,"NSW","Urban","6:00 AM - 12:00 PM",1,1,1,3,36,1,3,5,3,8
1786,4822,2593,2229,0,52,"SA","Urban","6:00 PM - 12:00 AM",1,0,0,3,108,1,3,10,10,20
847,2179,1923,256,1,38,"NSW","Urban","6:00 PM - 12:00 AM",1,1,1,3,36,2,3,10,6,16
1583,408,0,408,1,25,"NSW","Urban","6:00 AM - 12:00 PM",1,1,0,1,168,1,4,8,3,11
1856,1971,1467,504,1,40,"NSW","Urban","6:00 PM - 12:00 AM",0,1,1,3,162,2,3,1,0,1
1437,3510,1852,1658,0,54,"VIC","Urban","6:00 AM - 12:00 PM",0,0,1,3,72,4,5,10,10,20
502,390,0,390,0,24,"NSW","Urban","12:00 PM - 6:00 PM",0,1,0,3,42,1,3,3,0,3
1744,468,0,468,0,26,"WA","Regional","6:00 PM - 12:00 AM",1,1,1,1,78,2,3,6,4,10
307,1337,1166,171,1,25,"QLD","Regional","6:00 PM - 12:00 AM",1,1,1,3,168,1,3,0,3,3
343,2106,1616,490,0,44,"VIC","Urban","6:00 PM - 12:00 AM",1,1,0,3,180,2,2,2,3,5
1422,3665,2071,1594,0,41,"ACT","Remote","6:00 AM - 12:00 PM",0,1,0,3,120,1,3,9,8,17
1284,601,0,601,1,35,"NSW","Urban","6:00 AM - 12:00 PM",1,1,1,3,66,1,4,6,10,16
69,214,0,214,1,18,"NT","Regional","12:00 PM - 6:00 PM",1,1,0,3,126,1,2,7,7,14
710,3315,1806,1509,1,45,"NSW","Regional","6:00 PM - 12:00 AM",1,0,0,3,126,1,1,2,3,5
1738,1290,1067,223,1,38,"NSW","Urban","6:00 PM - 12:00 AM",0,1,0,3,66,1,4,10,10,20
1530,2816,1613,1203,0,37,"ACT","Urban","6:00 AM - 12:00 PM",1,1,0,1,102,4,4,9,7,16
1289,4260,2006,2254,0,47,"WA","Remote","6:00 AM - 12:00 PM",0,0,1,3,102,4,4,4,7,11
1801,3276,1859,1417,0,55,"NSW","Urban","6:00 PM - 12:00 AM",1,0,0,3,156,3,3,6,10,16
1125,401,0,401,1,29,"VIC","Remote","12:00 PM - 6:00 PM",1,1,1,3,54,2,2,10,9,19
1940,769,0,769,0,25,"VIC","Urban","6:00 PM - 12:00 AM",1,0,0,3,90,2,2,7,6,13
1080,2349,1405,944,1,43,"QLD","Urban","6:00 AM - 12:00 PM",1,1,0,3,144,3,4,5,3,8
1484,1660,1335,325,1,29,"VIC","Urban","6:00 AM - 12:00 PM",1,1,0,1,42,1,2,0,2,2
793,446,0,446,0,20,"NSW","Urban","6:00 PM - 12:00 AM",1,1,0,1,138,1,1,4,5,9
811,3117,1785,1332,0,49,"QLD","Regional","6:00 PM - 12:00 AM",0,0,1,3,84,4,4,10,10,20
875,3631,2010,1621,1,59,"NSW","Regional","6:00 PM - 12:00 AM",0,0,0,3,150,1,5,7,7,14
304,1268,0,1268,1,25,"WA","Urban","6:00 PM - 12:00 AM",0,0,1,3,96,1,3,7,10,17
1117,685,0,685,0,39,"QLD","Urban","6:00 AM - 12:00 PM",1,1,0,2,144,1,3,10,8,18
582,1819,1598,221,0,40,"WA","Urban","6:00 PM - 12:00 AM",1,1,0,1,36,1,2,0,2,2
1568,357,0,357,0,22,"VIC","Urban","6:00 AM - 12:00 PM",1,1,0,3,18,1,3,3,4,7
1737,655,0,655,0,34,"QLD","Urban","6:00 PM - 12:00 AM",0,1,0,3,132,2,1,10,9,19
52,296,0,296,0,21,"NT","Regional","12:00 AM - 6:00 AM",1,1,1,1,60,2,2,3,2,5
1762,4144,2208,1936,0,47,"TAS","Urban","6:00 PM - 12:00 AM",0,0,0,3,60,4,3,5,7,12
37,3373,1260,2113,1,57,"VIC","Urban","12:00 AM - 6:00 AM",1,0,1,2,126,3,4,9,10,19
1892,1587,1286,301,0,29,"VIC","Urban","6:00 PM - 12:00 AM",1,0,0,3,48,1,4,8,4,12
1678,3788,2127,1661,1,49,"NSW","Regional","6:00 PM - 12:00 AM",0,0,0,3,96,3,3,8,10,18
831,3246,1739,1507,1,44,"SA","Urban","6:00 PM - 12:00 AM",0,0,1,2,96,3,4,10,10,20
522,3113,1708,1405,1,48,"QLD","Urban","6:00 PM - 12:00 AM",1,0,0,3,60,2,3,3,2,5
1118,4476,2554,1922,0,50,"NSW","Urban","6:00 AM - 12:00 PM",0,0,0,3,30,4,5,9,9,18
1029,776,0,776,0,34,"VIC","Remote","6:00 AM - 12:00 PM",1,1,0,2,72,1,3,7,6,13
742,428,0,428,0,22,"QLD","Urban","6:00 PM - 12:00 AM",1,0,0,3,120,2,2,10,10,20
1534,314,0,314,0,22,"NSW","Urban","6:00 AM - 12:00 PM",1,1,1,3,60,2,3,9,8,17
1080,2349,1405,944,1,43,"QLD","Urban","6:00 AM - 12:00 PM",1,1,0,3,144,3,4,5,3,8
8,3363,1917,1446,1,48,"NSW","Urban","12:00 AM - 6:00 AM",1,0,1,2,42,3,3,5,4,9
369,4152,2281,1871,1,60,"QLD","Urban","12:00 PM - 6:00 PM",0,0,0,2,36,1,3,3,3,6
559,216,0,216,1,20,"NSW","Urban","6:00 PM - 12:00 AM",0,1,0,3,162,1,2,8,8,16
749,3363,1764,1599,1,52,"QLD","Urban","6:00 PM - 12:00 AM",0,0,0,2,114,3,2,6,6,12
573,484,0,484,0,36,"NSW","Regional","6:00 PM - 12:00 AM",0,1,0,1,156,2,3,7,10,17
1519,1741,1574,167,0,27,"QLD","Regional","6:00 AM - 12:00 PM",1,1,0,3,12,2,2,0,0,0
292,498,0,498,1,24,"NT","Urban","12:00 AM - 6:00 AM",1,0,0,3,36,1,4,4,6,10
648,3941,2070,1871,0,52,"NSW","Urban","6:00 PM - 12:00 AM",1,0,0,3,132,4,4,7,7,14
915,2015,1640,375,0,40,"VIC","Urban","6:00 AM - 12:00 PM",1,1,1,2,156,1,3,9,9,18
448,3772,2042,1730,1,58,"NT","Urban","6:00 PM - 12:00 AM",0,0,0,3,24,1,2,2,6,8
838,3018,1762,1256,0,50,"TAS","Urban","6:00 PM - 12:00 AM",0,0,1,3,78,4,3,5,5,10
3,167,0,167,0,37,"VIC","Urban","12:00 PM - 6:00 PM",1,1,0,3,18,1,3,7,2,9
451,702,0,702,1,36,"NSW","Urban","6:00 PM - 12:00 AM",1,1,0,3,162,2,3,1,1,2
299,2361,1362,999,1,40,"ACT","Regional","12:00 AM - 6:00 AM",1,0,0,2,72,2,4,4,4,8
894,1411,0,1411,1,41,"NT","Urban","6:00 AM - 12:00 PM",0,0,0,1,90,1,3,10,10,20
1231,3191,1833,1358,0,48,"NSW","Urban","6:00 AM - 12:00 PM",1,0,0,3,180,2,4,4,4,8
887,2209,1785,424,0,36,"VIC","Urban","6:00 AM - 12:00 PM",0,0,0,1,66,2,4,7,7,14
711,187,0,187,1,47,"WA","Urban","6:00 PM - 12:00 AM",0,0,0,3,30,1,4,6,6,12
78,354,0,354,0,21,"TAS","Urban","12:00 AM - 6:00 AM",0,1,0,3,144,2,4,4,3,7
1443,3538,1991,1547,1,57,"VIC","Urban","6:00 AM - 12:00 PM",1,0,0,3,60,4,4,4,2,6
920,2744,1376,1368,1,57,"VIC","Urban","6:00 AM - 12:00 PM",0,1,0,3,168,3,3,6,5,11
833,183,0,183,0,37,"VIC","Urban","6:00 PM - 12:00 AM",1,0,1,2,66,1,3,9,8,17
487,373,0,373,1,28,"VIC","Remote","6:00 PM - 12:00 AM",1,1,1,3,132,2,4,9,9,18
1378,361,0,361,0,21,"NSW","Urban","6:00 AM - 12:00 PM",1,1,0,2,72,2,2,7,7,14
1993,734,0,734,1,28,"QLD","Regional","6:00 PM - 12:00 AM",1,1,0,1,168,2,3,7,4,11
1121,199,0,199,1,24,"NT","Regional","6:00 AM - 12:00 PM",1,1,0,3,144,1,3,4,4,8
540,244,0,244,0,50,"NT","Urban","6:00 PM - 12:00 AM",0,1,0,2,180,1,2,0,0,0
1655,614,0,614,0,28,"VIC","Urban","6:00 PM - 12:00 AM",1,1,0,3,36,1,3,4,4,8
1843,3349,1739,1610,1,56,"NSW","Urban","6:00 PM - 12:00 AM",0,0,1,2,120,1,3,10,10,20
1192,436,0,436,1,24,"NSW","Regional","6:00 AM - 12:00 PM",1,1,0,3,150,1,3,3,0,3
1984,2822,1487,1335,1,36,"NSW","Urban","6:00 PM - 12:00 AM",0,1,0,3,138,2,2,10,7,17
415,1378,1136,242,0,37,"NSW","Urban","6:00 PM - 12:00 AM",0,1,1,3,114,1,3,8,7,15
1874,3668,2076,1592,0,56,"ACT","Urban","6:00 PM - 12:00 AM",1,1,0,2,72,4,4,5,3,8
1514,669,0,669,0,27,"TAS","Remote","6:00 AM - 12:00 PM",1,1,1,3,12,1,2,6,2,8
319,214,0,214,1,23,"TAS","Urban","6:00 PM - 12:00 AM",1,1,1,3,36,1,3,5,5,10
652,4385,2388,1997,0,60,"VIC","Regional","6:00 PM - 12:00 AM",0,0,1,3,180,2,2,4,2,6
1757,271,0,271,1,23,"SA","Regional","12:00 PM - 6:00 PM",0,1,1,3,132,1,3,10,9,19
171,601,0,601,0,25,"TAS","Urban","12:00 AM - 6:00 AM",1,1,0,2,36,1,4,3,0,3
1653,452,0,452,1,35,"VIC","Urban","6:00 PM - 12:00 AM",1,1,0,3,180,2,3,6,4,10
865,1897,1602,295,1,31,"NSW","Urban","6:00 PM - 12:00 AM",1,1,0,3,114,1,3,10,9,19
1900,1066,0,1066,0,35,"NT","Urban","6:00 PM - 12:00 AM",1,1,0,3,48,2,3,7,8,15
538,3942,1956,1986,1,52,"NT","Remote","6:00 PM - 12:00 AM",0,0,1,2,126,4,3,9,5,14
241,2911,1667,1244,0,59,"TAS","Urban","12:00 AM - 6:00 AM",0,1,0,3,18,2,4,5,5,10
15,1431,1182,249,1,29,"NSW","Urban","12:00 AM - 6:00 AM",1,1,1,2,60,2,2,10,9,19
1608,1172,0,1172,1,37,"NSW","Urban","6:00 AM - 12:00 PM",1,0,0,3,168,2,2,7,6,13
1475,4011,2053,1958,0,57,"TAS","Urban","6:00 AM - 12:00 PM",1,0,1,3,84,4,5,10,10,20
1919,3920,2409,1511,0,46,"VIC","Urban","6:00 PM - 12:00 AM",0,0,0,3,96,1,4,9,10,19
867,2624,1453,1171,1,45,"TAS","Urban","6:00 PM - 12:00 AM",0,0,1,3,138,1,4,4,7,11
557,1369,0,1369,0,30,"VIC","Regional","12:00 PM - 6:00 PM",1,1,1,3,24,1,2,3,0,3
1975,660,0,660,1,27,"NSW","Urban","6:00 PM - 12:00 AM",1,1,1,1,18,1,3,1,0,1
324,1412,1177,235,0,38,"NSW","Urban","12:00 PM - 6:00 PM",1,1,1,2,132,1,3,9,10,19
945,2401,2145,256,1,59,"VIC","Urban","6:00 AM - 12:00 PM",0,1,1,1,78,1,3,9,8,17
1453,166,0,166,1,43,"VIC","Urban","6:00 AM - 12:00 PM",0,0,0,3,120,1,3,10,10,20
713,4085,2318,1767,0,57,"NSW","Regional","12:00 PM - 6:00 PM",1,0,0,3,54,2,2,1,1,2
1150,1745,1494,251,0,42,"QLD","Urban","6:00 AM - 12:00 PM",1,1,1,3,162,1,4,2,1,3
1837,414,0,414,0,20,"NT","Urban","6:00 PM - 12:00 AM",1,1,0,2,18,2,4,4,1,5
1508,2996,1820,1176,1,42,"NSW","Urban","6:00 AM - 12:00 PM",0,0,0,2,108,1,4,10,7,17
906,2261,2133,128,1,53,"TAS","Urban","6:00 AM - 12:00 PM",0,0,0,3,24,2,2,8,3,11
90,396,0,396,1,23,"SA","Urban","12:00 AM - 6:00 AM",0,0,0,3,132,1,4,8,8,16
1916,3536,1833,1703,1,54,"NT","Urban","6:00 PM - 12:00 AM",0,1,0,3,24,1,2,4,8,12
1749,1716,1372,344,1,34,"NSW","Urban","6:00 PM - 12:00 AM",1,1,1,1,54,2,4,9,5,14
543,424,0,424,1,27,"NSW","Urban","6:00 PM - 12:00 AM",1,1,0,2,138,1,2,9,8,17
66,906,0,906,1,27,"WA","Urban","12:00 AM - 6:00 AM",1,1,1,3,36,2,2,0,0,0
520,872,0,872,1,34,"NSW","Urban","6:00 PM - 12:00 AM",1,1,0,3,72,2,3,10,10,20
301,1698,1441,257,0,31,"QLD","Urban","12:00 AM - 6:00 AM",1,1,1,3,138,2,4,7,6,13
482,236,0,236,0,47,"QLD","Regional","6:00 PM - 12:00 AM",1,1,1,3,162,1,2,6,7,13
1137,4229,1957,2272,1,46,"VIC","Regional","6:00 AM - 12:00 PM",1,0,0,3,54,4,3,10,9,19
1903,3765,1929,1836,0,45,"SA","Regional","6:00 PM - 12:00 AM",1,1,1,2,60,4,4,4,5,9
1981,4142,1920,2222,1,56,"QLD","Urban","6:00 PM - 12:00 AM",0,0,1,1,24,3,1,8,4,12
132,2096,1730,366,1,30,"VIC","Urban","12:00 AM - 6:00 AM",1,0,0,1,48,1,3,5,3,8
206,4426,2547,1879,1,43,"QLD","Urban","12:00 AM - 6:00 AM",0,0,1,3,78,4,4,9,9,18
1135,251,0,251,1,24,"NSW","Urban","6:00 AM - 12:00 PM",1,1,1,3,18,1,2,0,0,0
1156,303,0,303,1,24,"NSW","Regional","6:00 AM - 12:00 PM",0,1,1,3,72,2,2,5,5,10
264,3586,2147,1439,0,52,"NT","Regional","12:00 AM - 6:00 AM",0,0,0,1,48,2,5,10,10,20
1564,294,0,294,1,56,"NSW","Urban","6:00 AM - 12:00 PM",1,0,0,3,66,1,3,10,10,20
1430,2017,1501,516,1,33,"VIC","Regional","6:00 AM - 12:00 PM",1,1,0,1,18,1,3,0,0,0
421,282,0,282,0,20,"NSW","Remote","6:00 PM - 12:00 AM",1,1,1,3,168,1,4,2,3,5
809,2735,1581,1154,1,44,"WA","Urban","6:00 PM - 12:00 AM",0,0,1,3,54,4,4,7,10,17
964,431,0,431,1,39,"WA","Remote","6:00 AM - 12:00 PM",1,1,0,3,84,2,4,10,7,17
639,4369,2247,2122,1,55,"NSW","Urban","6:00 PM - 12:00 AM",1,0,1,3,24,2,5,8,8,16
28,1634,1400,234,0,37,"NSW","Regional","12:00 AM - 6:00 AM",1,1,0,3,102,2,2,6,3,9
1431,2492,1519,973,1,35,"VIC","Urban","6:00 AM - 12:00 PM",1,0,0,3,168,2,3,2,5,7
1774,1612,1366,246,0,45,"NSW","Urban","6:00 PM - 12:00 AM",1,1,0,1,84,2,2,9,10,19
915,2015,1640,375,0,40,"VIC","Urban","6:00 AM - 12:00 PM",1,1,1,2,156,1,3,9,9,18
384,4208,2092,2116,1,55,"NSW","Urban","6:00 PM - 12:00 AM",0,0,0,2,132,2,2,6,5,11
1431,2492,1519,973,1,35,"VIC","Urban","6:00 AM - 12:00 PM",1,0,0,3,168,2,3,2,5,7
1529,4371,2411,1960,0,44,"NT","Urban","6:00 AM - 12:00 PM",0,0,0,2,102,3,4,10,9,19
1355,826,0,826,1,33,"NSW","Urban","6:00 AM - 12:00 PM",1,1,0,2,48,2,4,7,8,15
1524,973,0,973,1,26,"NSW","Urban","12:00 PM - 6:00 PM",1,1,0,2,96,2,4,8,10,18
1899,1457,1269,188,1,27,"NT","Remote","6:00 PM - 12:00 AM",1,0,0,3,90,1,4,10,9,19
553,856,0,856,0,27,"ACT","Regional","6:00 PM - 12:00 AM",1,1,0,1,72,1,3,5,6,11
1778,4481,1993,2488,0,54,"NSW","Urban","6:00 PM - 12:00 AM",0,0,1,3,126,2,2,3,6,9
1415,3168,1786,1382,0,42,"VIC","Urban","6:00 AM - 12:00 PM",1,0,1,2,162,1,2,8,6,14
1094,4059,2256,1803,0,49,"NSW","Urban","6:00 AM - 12:00 PM",0,0,1,2,114,1,2,10,10,20
1126,375,0,375,1,24,"TAS","Urban","6:00 AM - 12:00 PM",1,1,0,3,78,1,4,9,7,16
71,309,0,309,0,21,"NSW","Urban","12:00 AM - 6:00 AM",0,1,1,3,78,1,2,6,5,11
874,1835,1656,179,0,39,"NSW","Urban","6:00 PM - 12:00 AM",1,1,0,3,180,2,1,1,0,1
1676,1456,1286,170,1,37,"NSW","Remote","6:00 PM - 12:00 AM",1,1,1,3,144,2,4,8,9,17
1636,2339,1910,429,0,51,"VIC","Urban","6:00 PM - 12:00 AM",0,0,0,1,66,2,3,6,7,13
1412,192,0,192,0,28,"QLD","Urban","6:00 AM - 12:00 PM",1,0,0,2,84,1,3,6,2,8
1085,1997,1572,425,0,41,"VIC","Urban","6:00 AM - 12:00 PM",1,1,0,3,96,2,2,6,7,13
989,1565,1284,281,0,35,"VIC","Urban","6:00 AM - 12:00 PM",1,1,1,3,144,1,3,7,7,14
196,1257,0,1257,0,30,"TAS","Regional","12:00 AM - 6:00 AM",1,1,1,3,150,1,2,1,5,6
20,217,0,217,1,25,"NSW","Urban","12:00 AM - 6:00 AM",1,1,0,3,174,1,2,6,2,8
1466,4140,2222,1918,0,49,"NSW","Urban","6:00 AM - 12:00 PM",0,0,0,3,168,3,2,2,0,2
1169,234,0,234,1,26,"NSW","Urban","12:00 PM - 6:00 PM",0,1,1,3,54,1,4,10,10,20
396,3683,2037,1646,0,47,"NSW","Urban","6:00 PM - 12:00 AM",0,0,1,2,162,3,2,7,5,12
104,3671,2193,1478,0,48,"NSW","Urban","12:00 AM - 6:00 AM",0,1,1,3,168,2,2,3,6,9
810,4277,2357,1920,0,46,"NT","Regional","6:00 PM - 12:00 AM",0,0,0,3,174,2,3,7,6,13
1363,868,0,868,0,38,"NSW","Regional","6:00 AM - 12:00 PM",1,1,1,3,126,1,3,5,9,14
78,354,0,354,0,21,"TAS","Urban","12:00 AM - 6:00 AM",0,1,0,3,144,2,4,4,3,7
1200,4647,2638,2009,0,52,"NT","Urban","6:00 AM - 12:00 PM",0,0,1,3,24,1,4,9,8,17
683,4119,2222,1897,0,56,"QLD","Regional","6:00 PM - 12:00 AM",0,0,1,1,156,4,1,8,7,15
1311,428,0,428,1,28,"NT","Urban","6:00 AM - 12:00 PM",1,1,0,2,138,1,2,3,5,8
796,4279,2349,1930,0,47,"WA","Urban","6:00 PM - 12:00 AM",0,0,0,2,66,3,3,10,10,20
808,1056,0,1056,0,31,"SA","Regional","6:00 PM - 12:00 AM",1,1,1,3,84,2,4,7,7,14
452,716,0,716,0,44,"VIC","Urban","6:00 PM - 12:00 AM",1,1,1,3,108,1,2,6,8,14
1711,213,0,213,0,27,"NSW","Urban","6:00 PM - 12:00 AM",0,1,1,2,42,1,2,5,1,6
1789,4071,2249,1822,1,49,"VIC","Urban","6:00 PM - 12:00 AM",1,0,1,3,48,4,4,5,4,9
1544,4137,2304,1833,0,55,"ACT","Urban","6:00 AM - 12:00 PM",0,0,1,2,180,2,3,6,7,13
1096,2905,1592,1313,0,54,"NSW","Urban","6:00 AM - 12:00 PM",0,0,0,3,108,2,3,10,9,19
1538,4222,2311,1911,1,47,"NSW","Regional","6:00 AM - 12:00 PM",0,0,1,2,54,2,3,5,5,10
1913,4063,2265,1798,0,60,"NSW","Urban","12:00 PM - 6:00 PM",1,0,0,1,162,4,3,0,4,4
445,3920,1950,1970,1,46,"SA","Regional","6:00 PM - 12:00 AM",1,0,0,2,162,2,3,2,6,8
201,4456,2135,2321,1,52,"NSW","Urban","12:00 AM - 6:00 AM",0,0,1,1,174,4,3,8,5,13
1472,2497,1510,987,1,40,"NSW","Urban","6:00 AM - 12:00 PM",1,1,1,3,90,4,5,8,8,16
1879,3917,2123,1794,0,55,"NT","Urban","12:00 PM - 6:00 PM",0,0,1,3,90,3,2,5,5,10
1966,4179,2195,1984,1,51,"NSW","Urban","6:00 PM - 12:00 AM",0,0,0,3,90,1,3,4,5,9
646,183,0,183,0,40,"NSW","Regional","12:00 PM - 6:00 PM",1,1,0,3,156,1,1,8,7,15
246,237,0,237,1,48,"QLD","Urban","12:00 AM - 6:00 AM",1,1,1,2,138,1,3,10,10,20
145,4529,2607,1922,0,49,"VIC","Urban","12:00 AM - 6:00 AM",0,0,0,2,48,2,4,9,10,19
573,484,0,484,0,36,"NSW","Regional","6:00 PM - 12:00 AM",0,1,0,1,156,2,3,7,10,17
1954,1243,0,1243,1,37,"VIC","Regional","6:00 PM - 12:00 AM",1,0,1,2,42,2,3,10,5,15
1248,213,0,213,1,24,"NSW","Urban","6:00 AM - 12:00 PM",0,1,0,2,48,1,3,0,2,2
482,236,0,236,0,47,"QLD","Regional","6:00 PM - 12:00 AM",1,1,1,3,162,1,2,6,7,13
99,1654,1333,321,0,27,"WA","Urban","12:00 AM - 6:00 AM",1,0,0,1,138,1,3,1,3,4
1148,307,0,307,0,20,"NSW","Remote","6:00 AM - 12:00 PM",0,1,0,1,180,2,3,0,3,3
191,1413,1217,196,1,30,"NT","Urban","12:00 PM - 6:00 PM",1,1,0,3,84,2,2,8,3,11
1000,245,0,245,0,24,"VIC","Urban","6:00 AM - 12:00 PM",1,1,1,3,180,1,4,6,6,12
988,400,0,400,0,24,"VIC","Regional","6:00 AM - 12:00 PM",1,1,1,3,150,1,4,10,10,20
175,1964,1670,294,0,33,"NSW","Urban","12:00 AM - 6:00 AM",1,1,0,2,162,2,2,9,5,14
1235,210,0,210,1,24,"NSW","Remote","6:00 AM - 12:00 PM",1,1,0,2,126,1,4,4,8,12
201,4456,2135,2321,1,52,"NSW","Urban","12:00 AM - 6:00 AM",0,0,1,1,174,4,3,8,5,13
301,1698,1441,257,0,31,"QLD","Urban","12:00 AM - 6:00 AM",1,1,1,3,138,2,4,7,6,13
1311,428,0,428,1,28,"NT","Urban","6:00 AM - 12:00 PM",1,1,0,2,138,1,2,3,5,8
1003,428,0,428,0,27,"NSW","Urban","6:00 AM - 12:00 PM",1,1,0,3,120,2,4,10,10,20
989,1565,1284,281,0,35,"VIC","Urban","6:00 AM - 12:00 PM",1,1,1,3,144,1,3,7,7,14
802,353,0,353,0,24,"TAS","Urban","12:00 PM - 6:00 PM",0,1,0,3,90,2,4,5,4,9
1603,200,0,200,1,21,"NSW","Urban","6:00 AM - 12:00 PM",1,0,1,3,144,1,3,9,10,19
610,3963,1858,2105,0,56,"NT","Remote","6:00 PM - 12:00 AM",0,0,0,3,174,3,2,6,5,11
1323,1562,1428,134,1,42,"WA","Regional","6:00 AM - 12:00 PM",0,1,1,3,84,2,4,9,8,17
145,4529,2607,1922,0,49,"VIC","Urban","12:00 AM - 6:00 AM",0,0,0,2,48,2,4,9,10,19
1583,408,0,408,1,25,"NSW","Urban","6:00 AM - 12:00 PM",1,1,0,1,168,1,4,8,3,11
1000,245,0,245,0,24,"VIC","Urban","6:00 AM - 12:00 PM",1,1,1,3,180,1,4,6,6,12
1529,4371,2411,1960,0,44,"NT","Urban","6:00 AM - 12:00 PM",0,0,0,2,102,3,4,10,9,19
1206,1454,1269,185,1,35,"NT","Urban","6:00 AM - 12:00 PM",1,1,1,3,156,2,4,10,10,20
1324,3528,2009,1519,0,56,"NT","Urban","12:00 PM - 6:00 PM",1,0,0,3,60,3,4,8,8,16
1284,601,0,601,1,35,"NSW","Urban","6:00 AM - 12:00 PM",1,1,1,3,66,1,4,6,10,16
534,795,0,795,0,31,"NSW","Urban","6:00 PM - 12:00 AM",0,1,0,1,114,2,2,4,3,7
594,326,0,326,1,23,"VIC","Urban","6:00 PM - 12:00 AM",1,1,0,3,144,2,4,7,7,14
355,3412,1973,1439,1,60,"VIC","Regional","6:00 PM - 12:00 AM",0,0,1,1,102,4,2,7,4,11
355,3412,1973,1439,1,60,"VIC","Regional","6:00 PM - 12:00 AM",0,0,1,1,102,4,2,7,4,11
1822,312,0,312,1,23,"QLD","Urban","6:00 PM - 12:00 AM",1,1,0,3,96,2,3,10,10,20
1284,601,0,601,1,35,"NSW","Urban","6:00 AM - 12:00 PM",1,1,1,3,66,1,4,6,10,16
1490,841,0,841,0,28,"VIC","Remote","6:00 AM - 12:00 PM",1,1,0,3,174,2,4,5,3,8
894,1411,0,1411,1,41,"NT","Urban","6:00 AM - 12:00 PM",0,0,0,1,90,1,3,10,10,20
1327,894,0,894,1,36,"NSW","Regional","6:00 AM - 12:00 PM",1,1,0,3,96,1,4,10,6,16
777,544,0,544,0,26,"NSW","Regional","6:00 PM - 12:00 AM",1,1,1,3,126,1,2,8,5,13
588,1082,0,1082,1,35,"WA","Urban","6:00 PM - 12:00 AM",1,1,1,3,174,2,2,0,0,0
1749,1716,1372,344,1,34,"NSW","Urban","6:00 PM - 12:00 AM",1,1,1,1,54,2,4,9,5,14
1475,4011,2053,1958,0,57,"TAS","Urban","6:00 AM - 12:00 PM",1,0,1,3,84,4,5,10,10,20
1887,1488,0,1488,1,36,"NT","Urban","6:00 PM - 12:00 AM",0,0,0,3,12,1,2,5,4,9
649,207,0,207,1,46,"NSW","Urban","6:00 PM - 12:00 AM",0,1,0,1,168,1,2,9,4,13
1531,3732,2175,1557,0,42,"TAS","Regional","6:00 AM - 12:00 PM",0,0,0,3,24,4,1,5,4,9
835,223,0,223,1,30,"TAS","Urban","12:00 PM - 6:00 PM",0,1,0,1,12,1,3,1,5,6
1605,2956,1694,1262,0,42,"NSW","Regional","6:00 AM - 12:00 PM",0,0,0,2,12,1,5,6,6,12
1174,906,0,906,0,31,"VIC","Regional","6:00 AM - 12:00 PM",1,1,1,3,150,1,2,9,9,18
573,484,0,484,0,36,"NSW","Regional","6:00 PM - 12:00 AM",0,1,0,1,156,2,3,7,10,17
1326,256,0,256,1,24,"SA","Urban","6:00 AM - 12:00 PM",1,1,1,3,102,2,1,9,8,17
578,413,0,413,1,29,"NSW","Urban","6:00 PM - 12:00 AM",1,1,1,2,156,1,2,9,4,13
913,3276,2150,1126,0,50,"NSW","Remote","12:00 PM - 6:00 PM",0,0,1,1,78,2,4,10,10,20
868,4795,2624,2171,0,51,"NSW","Urban","12:00 PM - 6:00 PM",1,0,0,3,66,2,3,10,9,19
1283,1053,0,1053,0,44,"NSW","Urban","6:00 AM - 12:00 PM",1,1,0,2,54,1,1,7,10,17
534,795,0,795,0,31,"NSW","Urban","6:00 PM - 12:00 AM",0,1,0,1,114,2,2,4,3,7
1617,316,0,316,1,51,"NT","Urban","6:00 PM - 12:00 AM",1,1,0,3,144,2,1,6,9,15
1711,213,0,213,0,27,"NSW","Urban","6:00 PM - 12:00 AM",0,1,1,2,42,1,2,5,1,6
1930,1779,1560,219,1,33,"NSW","Urban","6:00 PM - 12:00 AM",0,0,1,3,24,2,3,6,5,11
683,4119,2222,1897,0,56,"QLD","Regional","6:00 PM - 12:00 AM",0,0,1,1,156,4,1,8,7,15
228,3827,2102,1725,0,53,"QLD","Urban","12:00 AM - 6:00 AM",0,1,0,3,54,4,4,10,9,19
1787,3059,1726,1333,1,46,"NSW","Urban","6:00 PM - 12:00 AM",1,0,1,3,108,2,3,7,6,13
993,1516,1336,180,0,40,"VIC","Urban","6:00 AM - 12:00 PM",1,1,1,1,12,2,3,4,6,10
1378,361,0,361,0,21,"NSW","Urban","6:00 AM - 12:00 PM",1,1,0,2,72,2,2,7,7,14
207,1046,0,1046,1,39,"WA","Urban","12:00 AM - 6:00 AM",1,1,1,3,78,1,5,7,6,13
196,1257,0,1257,0,30,"TAS","Regional","12:00 AM - 6:00 AM",1,1,1,3,150,1,2,1,5,6
183,190,0,190,1,57,"NSW","Urban","12:00 AM - 6:00 AM",1,0,0,3,132,1,4,4,5,9
1275,1515,1326,189,1,35,"SA","Urban","6:00 AM - 12:00 PM",0,1,1,3,126,1,2,8,3,11
792,3251,1891,1360,1,47,"NSW","Urban","6:00 PM - 12:00 AM",0,0,1,3,78,3,5,10,10,20
1349,224,0,224,1,25,"NSW","Urban","6:00 AM - 12:00 PM",0,1,0,2,90,2,4,8,7,15
253,3791,1756,2035,1,42,"NSW","Remote","12:00 AM - 6:00 AM",0,1,0,2,30,3,3,3,5,8
1985,1048,0,1048,0,39,"NSW","Urban","6:00 PM - 12:00 AM",1,1,1,3,48,2,2,4,4,8
831,3246,1739,1507,1,44,"SA","Urban","6:00 PM - 12:00 AM",0,0,1,2,96,3,4,10,10,20
819,205,0,205,0,50,"NSW","Urban","6:00 PM - 12:00 AM",1,0,0,3,30,1,5,8,8,16
113,360,0,360,0,30,"SA","Regional","12:00 PM - 6:00 PM",1,1,0,3,96,1,1,8,10,18
1764,1471,1225,246,1,38,"VIC","Urban","6:00 PM - 12:00 AM",1,1,1,2,30,2,2,7,7,14
308,921,0,921,1,40,"TAS","Urban","6:00 PM - 12:00 AM",1,1,1,3,84,2,4,8,8,16
1539,3986,2002,1984,0,50,"ACT","Urban","6:00 AM - 12:00 PM",0,0,0,3,138,1,2,8,10,18
1908,1495,0,1495,1,36,"QLD","Urban","6:00 PM - 12:00 AM",1,0,0,3,90,1,4,5,5,10
574,918,0,918,1,40,"NSW","Urban","6:00 PM - 12:00 AM",0,1,0,3,126,1,3,5,5,10
1234,4086,2260,1826,0,47,"SA","Regional","6:00 AM - 12:00 PM",1,0,0,1,54,4,4,4,3,7
1418,4224,1990,2234,0,49,"SA","Urban","6:00 AM - 12:00 PM",0,0,0,3,180,3,4,6,6,12
397,3313,1210,2103,1,59,"VIC","Urban","6:00 PM - 12:00 AM",0,0,0,1,12,3,3,4,0,4
1741,4363,2318,2045,0,58,"NSW","Regional","6:00 PM - 12:00 AM",1,0,0,1,162,1,3,2,0,2
467,4606,2444,2162,1,46,"QLD","Regional","6:00 PM - 12:00 AM",1,0,1,1,30,2,4,3,3,6
28,1634,1400,234,0,37,"NSW","Regional","12:00 AM - 6:00 AM",1,1,0,3,102,2,2,6,3,9
26,3813,1933,1880,0,60,"WA","Urban","12:00 AM - 6:00 AM",1,0,0,1,84,1,2,9,5,14
79,342,0,342,0,20,"NSW","Urban","12:00 AM - 6:00 AM",0,1,0,2,84,2,5,8,7,15
11,1875,1606,269,0,44,"NSW","Urban","12:00 AM - 6:00 AM",1,1,1,2,162,1,4,7,10,17
1725,1134,0,1134,0,41,"VIC","Urban","6:00 PM - 12:00 AM",0,1,1,3,66,1,3,3,3,6
1566,3982,2027,1955,0,58,"NSW","Regional","6:00 AM - 12:00 PM",0,0,0,2,12,1,3,2,0,2
952,346,0,346,0,25,"VIC","Urban","6:00 AM - 12:00 PM",1,1,0,3,96,1,2,3,3,6
305,3536,1852,1684,0,59,"WA","Urban","6:00 PM - 12:00 AM",0,0,0,3,48,3,1,5,3,8
264,3586,2147,1439,0,52,"NT","Regional","12:00 AM - 6:00 AM",0,0,0,1,48,2,5,10,10,20
237,162,0,162,0,27,"NSW","Urban","12:00 AM - 6:00 AM",1,1,1,3,174,1,1,5,7,12
658,4206,2478,1728,1,51,"NSW","Urban","6:00 PM - 12:00 AM",1,0,0,3,126,1,2,8,10,18
116,751,0,751,0,21,"TAS","Urban","12:00 AM - 6:00 AM",0,1,1,3,54,1,2,10,9,19
358,401,0,401,1,23,"NSW","Urban","12:00 PM - 6:00 PM",1,1,0,1,60,2,3,0,4,4
1004,2243,1265,978,0,52,"VIC","Urban","6:00 AM - 12:00 PM",1,1,0,2,144,2,4,10,9,19
840,323,0,323,1,22,"ACT","Urban","6:00 PM - 12:00 AM",1,0,1,2,114,1,1,10,6,16
552,829,0,829,1,36,"QLD","Urban","6:00 PM - 12:00 AM",1,1,1,3,102,2,2,9,8,17
1790,1288,1092,196,0,34,"NSW","Urban","6:00 PM - 12:00 AM",1,1,0,3,132,2,2,9,6,15
384,4208,2092,2116,1,55,"NSW","Urban","6:00 PM - 12:00 AM",0,0,0,2,132,2,2,6,5,11
447,4481,1939,2542,0,55,"VIC","Regional","12:00 PM - 6:00 PM",0,0,0,3,108,3,3,8,10,18
1221,314,0,314,1,22,"WA","Urban","6:00 AM - 12:00 PM",0,1,0,3,36,2,1,7,3,10
140,203,0,203,0,47,"SA","Urban","12:00 AM - 6:00 AM",0,1,0,1,42,1,3,5,0,5
721,4354,2408,1946,1,46,"ACT","Regional","6:00 PM - 12:00 AM",0,0,1,1,42,1,4,4,3,7
1126,375,0,375,1,24,"TAS","Urban","6:00 AM - 12:00 PM",1,1,0,3,78,1,4,9,7,16
128,2287,1784,503,0,40,"TAS","Remote","12:00 AM - 6:00 AM",1,0,1,1,36,1,4,4,0,4
1029,776,0,776,0,34,"VIC","Remote","6:00 AM - 12:00 PM",1,1,0,2,72,1,3,7,6,13
1964,3204,1704,1500,0,60,"VIC","Urban","6:00 PM - 12:00 AM",0,0,0,1,60,1,3,7,8,15
1237,184,0,184,1,57,"WA","Urban","6:00 AM - 12:00 PM",1,1,1,3,150,1,3,2,2,4
1950,256,0,256,1,38,"VIC","Regional","6:00 PM - 12:00 AM",1,0,0,2,54,1,4,4,4,8
1127,4623,2119,2504,1,52,"NSW","Urban","6:00 AM - 12:00 PM",0,0,0,3,24,2,4,5,5,10
828,1619,1302,317,0,38,"NSW","Remote","6:00 PM - 12:00 AM",1,1,0,3,72,1,3,4,4,8
1939,964,0,964,0,27,"NSW","Regional","6:00 PM - 12:00 AM",0,0,0,2,144,2,3,10,10,20
956,486,0,486,1,37,"NT","Remote","6:00 AM - 12:00 PM",1,1,1,3,114,1,3,10,10,20
1051,1797,0,1797,1,59,"VIC","Regional","6:00 AM - 12:00 PM",0,1,1,3,120,3,2,6,9,15
212,3015,1694,1321,0,42,"WA","Urban","12:00 AM - 6:00 AM",0,0,1,3,66,2,4,10,10,20
1188,4319,2352,1967,1,58,"NSW","Remote","6:00 AM - 12:00 PM",0,0,1,3,114,4,3,5,8,13
72,383,0,383,1,24,"QLD","Urban","12:00 AM - 6:00 AM",1,1,0,3,60,1,3,0,4,4
969,1817,0,1817,0,56,"VIC","Urban","6:00 AM - 12:00 PM",0,1,0,3,66,1,4,10,10,20
781,277,0,277,1,50,"NSW","Urban","6:00 PM - 12:00 AM",1,0,0,3,72,1,3,6,7,13
1976,2959,1626,1333,1,60,"TAS","Urban","6:00 PM - 12:00 AM",0,0,1,3,120,1,2,10,9,19
1521,1578,1431,147,0,28,"VIC","Urban","6:00 AM - 12:00 PM",1,1,0,3,162,1,2,2,6,8
46,279,0,279,0,23,"ACT","Urban","12:00 AM - 6:00 AM",1,1,1,3,144,2,4,8,5,13
1884,4592,2287,2305,1,48,"WA","Urban","6:00 PM - 12:00 AM",0,1,1,3,18,4,2,0,0,0
12,859,0,859,0,33,"NSW","Regional","12:00 AM - 6:00 AM",1,1,0,3,66,2,4,2,5,7
559,216,0,216,1,20,"NSW","Urban","6:00 PM - 12:00 AM",0,1,0,3,162,1,2,8,8,16
1928,3472,2062,1410,0,46,"NSW","Urban","6:00 PM - 12:00 AM",0,0,1,3,84,4,2,5,4,9
872,3381,1813,1568,1,43,"QLD","Urban","6:00 PM - 12:00 AM",0,0,0,3,180,3,3,4,5,9
1563,1659,1378,281,1,30,"QLD","Urban","6:00 AM - 12:00 PM",1,1,1,3,120,1,2,4,3,7
1820,1197,0,1197,1,43,"NSW","Urban","6:00 PM - 12:00 AM",0,1,0,3,96,1,3,6,8,14
1793,1654,1447,207,1,33,"NSW","Remote","6:00 PM - 12:00 AM",0,1,1,3,54,2,3,10,10,20
129,336,0,336,0,20,"WA","Urban","12:00 AM - 6:00 AM",1,0,1,2,114,1,1,4,3,7
1687,3658,2111,1547,0,57,"NSW","Regional","6:00 PM - 12:00 AM",1,0,0,2,150,3,2,4,4,8
945,2401,2145,256,1,59,"VIC","Urban","6:00 AM - 12:00 PM",0,1,1,1,78,1,3,9,8,17
8,3363,1917,1446,1,48,"NSW","Urban","12:00 AM - 6:00 AM",1,0,1,2,42,3,3,5,4,9
974,2457,2183,274,0,58,"ACT","Remote","6:00 AM - 12:00 PM",0,0,0,1,12,4,3,4,7,11
688,3384,1934,1450,1,55,"SA","Regional","6:00 PM - 12:00 AM",0,0,0,1,120,2,2,8,4,12
1743,1414,0,1414,1,41,"ACT","Urban","6:00 PM - 12:00 AM",1,1,0,3,156,4,2,2,2,4
1909,1049,0,1049,0,37,"NSW","Regional","6:00 PM - 12:00 AM",1,0,0,1,24,1,3,7,5,12
1941,3957,2094,1863,1,47,"NSW","Urban","6:00 PM - 12:00 AM",1,1,0,3,42,2,2,1,0,1
651,3687,1928,1759,0,53,"NSW","Urban","6:00 PM - 12:00 AM",0,0,1,3,78,2,2,8,8,16
633,4079,2237,1842,1,48,"NSW","Urban","6:00 PM - 12:00 AM",0,0,1,3,48,4,2,10,7,17
1368,229,0,229,1,24,"WA","Urban","6:00 AM - 12:00 PM",1,1,1,3,42,1,4,8,10,18
88,162,0,162,1,23,"NSW","Regional","12:00 AM - 6:00 AM",1,0,1,3,102,1,2,8,6,14
1010,2278,1508,770,1,60,"NSW","Regional","6:00 AM - 12:00 PM",0,1,0,2,30,4,2,0,0,0
819,205,0,205,0,50,"NSW","Urban","6:00 PM - 12:00 AM",1,0,0,3,30,1,5,8,8,16
1284,601,0,601,1,35,"NSW","Urban","6:00 AM - 12:00 PM",1,1,1,3,66,1,4,6,10,16
1406,324,0,324,1,25,"QLD","Urban","6:00 AM - 12:00 PM",1,0,0,3,72,2,4,5,6,11
1126,375,0,375,1,24,"TAS","Urban","6:00 AM - 12:00 PM",1,1,0,3,78,1,4,9,7,16
1454,204,0,204,0,25,"TAS","Regional","6:00 AM - 12:00 PM",0,1,1,3,120,1,2,10,8,18
354,1814,1488,326,1,27,"ACT","Urban","6:00 PM - 12:00 AM",1,1,1,3,102,1,3,10,10,20
757,3827,2001,1826,1,46,"QLD","Urban","12:00 PM - 6:00 PM",1,0,1,1,180,2,3,6,5,11
1344,529,0,529,0,34,"QLD","Remote","6:00 AM - 12:00 PM",0,1,0,1,78,1,2,7,6,13
1985,1048,0,1048,0,39,"NSW","Urban","6:00 PM - 12:00 AM",1,1,1,3,48,2,2,4,4,8
1409,386,0,386,0,20,"NSW","Urban","6:00 AM - 12:00 PM",0,1,0,3,144,2,4,10,10,20
55,2212,1941,271,0,43,"VIC","Urban","12:00 AM - 6:00 AM",1,1,1,2,138,2,2,2,4,6
514,3896,2272,1624,0,47,"NSW","Urban","6:00 PM - 12:00 AM",1,0,1,1,60,1,3,5,3,8
906,2261,2133,128,1,53,"TAS","Urban","6:00 AM - 12:00 PM",0,0,0,3,24,2,2,8,3,11
589,371,0,371,1,24,"QLD","Remote","6:00 PM - 12:00 AM",1,1,1,3,156,1,2,1,1,2
1322,245,0,245,0,21,"NSW","Regional","6:00 AM - 12:00 PM",0,1,1,2,30,1,3,0,0,0
1340,1700,1480,220,1,31,"TAS","Remote","6:00 AM - 12:00 PM",0,1,1,3,126,2,3,10,9,19
1045,217,0,217,1,38,"VIC","Urban","6:00 AM - 12:00 PM",1,1,0,1,150,1,4,5,4,9
239,1485,1348,137,1,26,"WA","Urban","12:00 AM - 6:00 AM",1,0,0,2,144,2,3,5,5,10
1186,3527,2010,1517,0,48,"VIC","Urban","6:00 AM - 12:00 PM",0,0,1,1,156,1,3,7,4,11
1624,962,0,962,1,34,"TAS","Urban","12:00 PM - 6:00 PM",0,1,0,2,162,1,2,7,6,13
1365,177,0,177,0,24,"TAS","Regional","6:00 AM - 12:00 PM",0,1,1,1,108,1,2,10,10,20
546,1548,0,1548,1,50,"ACT","Regional","12:00 PM - 6:00 PM",0,0,0,3,174,4,2,2,1,3
1666,281,0,281,0,23,"NSW","Regional","6:00 PM - 12:00 AM",1,1,1,3,36,1,2,8,8,16
466,1973,1779,194,0,41,"NSW","Urban","6:00 PM - 12:00 AM",1,1,0,2,114,1,3,9,9,18
1198,993,0,993,0,43,"NSW","Urban","6:00 AM - 12:00 PM",1,1,1,3,36,1,3,5,3,8
858,1578,1399,179,0,27,"SA","Urban","6:00 PM - 12:00 AM",1,0,0,2,102,1,2,10,9,19
1441,2011,1718,293,0,39,"NSW","Urban","6:00 AM - 12:00 PM",0,0,0,3,180,1,3,7,4,11
73,1324,1144,180,1,23,"NSW","Regional","12:00 AM - 6:00 AM",1,1,1,3,102,2,5,9,10,19
1251,487,0,487,0,36,"QLD","Urban","6:00 AM - 12:00 PM",0,1,1,3,60,2,4,2,6,8
1680,948,0,948,1,30,"QLD","Urban","12:00 PM - 6:00 PM",0,1,1,3,174,2,2,4,2,6
998,317,0,317,1,21,"VIC","Urban","6:00 AM - 12:00 PM",1,1,0,3,114,2,3,7,4,11
28,1634,1400,234,0,37,"NSW","Regional","12:00 AM - 6:00 AM",1,1,0,3,102,2,2,6,3,9
716,285,0,285,1,56,"SA","Urban","6:00 PM - 12:00 AM",0,1,1,3,24,1,4,0,0,0
284,3464,1887,1577,1,51,"NT","Remote","12:00 AM - 6:00 AM",0,0,1,3,150,3,3,4,2,6
1744,468,0,468,0,26,"WA","Regional","6:00 PM - 12:00 AM",1,1,1,1,78,2,3,6,4,10
40,1365,0,1365,0,41,"ACT","Urban","12:00 AM - 6:00 AM",0,1,0,3,168,2,2,7,6,13
1028,1859,1664,195,0,51,"WA","Urban","6:00 AM - 12:00 PM",0,1,0,3,18,1,1,5,5,10
701,1077,0,1077,0,31,"NSW","Urban","6:00 PM - 12:00 AM",0,1,1,3,72,2,2,10,9,19
1111,3945,1992,1953,0,57,"WA","Urban","6:00 AM - 12:00 PM",0,0,1,2,66,1,4,10,10,20
1701,1505,1311,194,0,38,"VIC","Urban","6:00 PM - 12:00 AM",1,1,1,3,168,1,4,7,5,12
826,1814,1505,309,0,38,"QLD","Urban","6:00 PM - 12:00 AM",1,0,0,3,108,2,4,10,10,20
318,3657,2101,1556,1,47,"SA","Regional","6:00 PM - 12:00 AM",0,0,0,3,132,3,3,10,9,19
1379,1388,1186,202,1,30,"ACT","Urban","6:00 AM - 12:00 PM",0,1,0,2,90,1,3,10,10,20
777,544,0,544,0,26,"NSW","Regional","6:00 PM - 12:00 AM",1,1,1,3,126,1,2,8,5,13
295,188,0,188,0,26,"NSW","Urban","12:00 AM - 6:00 AM",1,0,0,3,174,1,2,5,4,9
90,396,0,396,1,23,"SA","Urban","12:00 AM - 6:00 AM",0,0,0,3,132,1,4,8,8,16
79,342,0,342,0,20,"NSW","Urban","12:00 AM - 6:00 AM",0,1,0,2,84,2,5,8,7,15
837,3701,2246,1455,1,52,"SA","Regional","6:00 PM - 12:00 AM",0,0,0,3,114,3,3,10,10,20
1593,2936,1721,1215,0,47,"NSW","Urban","6:00 AM - 12:00 PM",0,1,0,3,168,2,3,3,0,3
711,187,0,187,1,47,"WA","Urban","6:00 PM - 12:00 AM",0,0,0,3,30,1,4,6,6,12
480,349,0,349,0,26,"VIC","Regional","12:00 PM - 6:00 PM",1,1,1,3,72,2,2,4,3,7
75,389,0,389,0,20,"NSW","Urban","12:00 AM - 6:00 AM",0,1,0,3,120,2,3,2,5,7
506,262,0,262,0,24,"NSW","Urban","6:00 PM - 12:00 AM",1,1,0,3,114,1,4,10,10,20
1800,416,0,416,0,29,"VIC","Regional","6:00 PM - 12:00 AM",1,1,1,2,42,1,4,3,3,6
499,319,0,319,0,24,"VIC","Urban","6:00 PM - 12:00 AM",0,1,1,3,36,1,3,6,9,15
1699,3645,1756,1889,0,49,"NSW","Regional","6:00 PM - 12:00 AM",0,0,1,2,180,2,3,5,9,14
1068,3857,1989,1868,1,53,"VIC","Remote","12:00 PM - 6:00 PM",0,0,1,1,42,4,4,3,5,8
1406,324,0,324,1,25,"QLD","Urban","6:00 AM - 12:00 PM",1,0,0,3,72,2,4,5,6,11
921,1159,0,1159,0,43,"TAS","Regional","6:00 AM - 12:00 PM",1,1,0,2,78,1,1,6,1,7
1549,489,0,489,0,24,"SA","Urban","6:00 AM - 12:00 PM",1,1,1,1,66,1,4,10,10,20
112,197,0,197,1,54,"NSW","Urban","12:00 AM - 6:00 AM",0,0,1,3,144,1,2,6,5,11
1395,679,0,679,1,34,"VIC","Regional","6:00 AM - 12:00 PM",1,1,1,1,72,1,2,5,5,10
831,3246,1739,1507,1,44,"SA","Urban","6:00 PM - 12:00 AM",0,0,1,2,96,3,4,10,10,20
1971,3150,1676,1474,1,48,"SA","Urban","6:00 PM - 12:00 AM",0,0,0,3,36,2,3,2,2,4
1262,905,0,905,1,37,"NSW","Urban","6:00 AM - 12:00 PM",0,1,0,3,144,1,1,7,7,14
1225,641,0,641,0,37,"WA","Urban","12:00 PM - 6:00 PM",1,1,1,1,108,1,4,4,7,11
1295,3517,1883,1634,1,47,"SA","Urban","6:00 AM - 12:00 PM",1,0,1,2,72,4,4,6,4,10
426,417,0,417,0,26,"NT","Regional","6:00 PM - 12:00 AM",1,1,0,1,156,1,3,6,6,12
508,1594,1300,294,1,31,"TAS","Urban","6:00 PM - 12:00 AM",0,1,0,1,12,2,4,4,1,5
255,329,0,329,0,20,"VIC","Regional","12:00 AM - 6:00 AM",1,0,0,3,120,2,4,8,6,14
642,3229,1879,1350,1,59,"NSW","Urban","6:00 PM - 12:00 AM",1,1,0,3,132,2,3,8,3,11
1371,361,0,361,0,23,"NT","Urban","6:00 AM - 12:00 PM",0,1,0,3,84,2,3,9,9,18
699,1597,1380,217,1,29,"SA","Urban","6:00 PM - 12:00 AM",1,0,1,1,42,2,4,4,3,7
876,1437,0,1437,0,39,"TAS","Urban","6:00 PM - 12:00 AM",1,0,1,1,18,1,2,2,0,2
1519,1741,1574,167,0,27,"QLD","Regional","6:00 AM - 12:00 PM",1,1,0,3,12,2,2,0,0,0
1186,3527,2010,1517,0,48,"VIC","Urban","6:00 AM - 12:00 PM",0,0,1,1,156,1,3,7,4,11
1006,263,0,263,1,25,"TAS","Urban","6:00 AM - 12:00 PM",1,1,0,2,96,2,4,10,10,20
235,1709,1490,219,0,34,"NT","Urban","12:00 AM - 6:00 AM",1,0,0,3,24,2,2,5,5,10
437,3174,1854,1320,1,52,"NSW","Urban","6:00 PM - 12:00 AM",0,0,0,3,114,2,2,5,4,9
1541,4152,2308,1844,1,53,"NSW","Regional","6:00 AM - 12:00 PM",0,0,0,3,30,1,2,0,1,1
130,589,0,589,0,26,"NSW","Remote","12:00 AM - 6:00 AM",0,0,0,2,126,2,3,10,10,20
1546,653,0,653,0,31,"SA","Urban","12:00 PM - 6:00 PM",1,1,1,2,84,2,4,5,5,10
909,1621,1423,198,0,30,"ACT","Urban","6:00 AM - 12:00 PM",1,1,0,1,162,1,2,2,0,2
1868,787,0,787,1,28,"ACT","Urban","12:00 PM - 6:00 PM",0,1,0,3,168,1,2,5,4,9
1810,1423,0,1423,0,41,"ACT","Urban","6:00 PM - 12:00 AM",0,1,1,3,30,2,4,6,10,16
1798,196,0,196,1,24,"NSW","Regional","6:00 PM - 12:00 AM",1,1,1,1,126,1,4,8,5,13
208,2841,1685,1156,0,39,"VIC","Urban","12:00 AM - 6:00 AM",0,1,1,3,174,2,4,6,6,12
1005,224,0,224,1,35,"VIC","Urban","6:00 AM - 12:00 PM",1,1,0,1,168,1,4,9,4,13
1675,854,0,854,1,39,"NSW","Urban","6:00 PM - 12:00 AM",1,1,1,1,168,2,3,2,5,7
712,4407,2438,1969,1,54,"NSW","Urban","6:00 PM - 12:00 AM",0,1,0,2,36,3,2,8,5,13
786,2971,1520,1451,0,60,"VIC","Urban","6:00 PM - 12:00 AM",0,0,0,1,150,2,4,6,6,12
1279,3939,2348,1591,0,46,"NSW","Urban","6:00 AM - 12:00 PM",0,0,1,3,60,4,4,6,5,11
1424,906,0,906,0,26,"NSW","Urban","12:00 PM - 6:00 PM",1,1,0,3,18,2,1,2,0,2
114,454,0,454,1,24,"VIC","Urban","12:00 PM - 6:00 PM",1,1,0,3,132,1,3,8,3,11
1252,4312,2383,1929,0,55,"NSW","Urban","6:00 AM - 12:00 PM",0,0,0,1,102,4,5,9,8,17
1511,4308,2268,2040,0,53,"NSW","Urban","6:00 AM - 12:00 PM",0,0,0,3,18,1,2,6,5,11
431,1020,0,1020,1,40,"NT","Urban","6:00 PM - 12:00 AM",1,1,0,3,72,1,3,7,7,14
73,1324,1144,180,1,23,"NSW","Regional","12:00 AM - 6:00 AM",1,1,1,3,102,2,5,9,10,19
451,702,0,702,1,36,"NSW","Urban","6:00 PM - 12:00 AM",1,1,0,3,162,2,3,1,1,2
1085,1997,1572,425,0,41,"VIC","Urban","6:00 AM - 12:00 PM",1,1,0,3,96,2,2,6,7,13
560,3066,1659,1407,0,49,"SA","Urban","6:00 PM - 12:00 AM",1,0,0,2,138,3,5,8,4,12
615,3434,1834,1600,1,50,"NT","Regional","6:00 PM - 12:00 AM",1,0,0,1,60,4,4,10,10,20
471,3013,1747,1266,0,56,"NSW","Urban","6:00 PM - 12:00 AM",1,0,0,2,156,2,3,1,5,6
1755,4229,1953,2276,0,58,"SA","Urban","6:00 PM - 12:00 AM",1,0,0,2,54,1,4,6,10,16
1431,2492,1519,973,1,35,"VIC","Urban","6:00 AM - 12:00 PM",1,0,0,3,168,2,3,2,5,7
1596,679,0,679,0,22,"ACT","Regional","6:00 AM - 12:00 PM",1,0,1,3,150,2,5,10,10,20
508,1594,1300,294,1,31,"TAS","Urban","6:00 PM - 12:00 AM",0,1,0,1,12,2,4,4,1,5
790,1128,0,1128,0,33,"VIC","Urban","6:00 PM - 12:00 AM",1,1,0,2,96,2,4,8,8,16
1179,359,0,359,1,26,"NSW","Urban","6:00 AM - 12:00 PM",1,1,1,1,144,1,1,4,3,7
76,603,0,603,1,26,"NSW","Regional","12:00 AM - 6:00 AM",0,1,1,1,12,1,3,0,0,0
1852,501,0,501,1,22,"ACT","Urban","6:00 PM - 12:00 AM",0,1,0,3,162,1,2,3,1,4
1602,1797,1506,291,1,29,"VIC","Urban","12:00 PM - 6:00 PM",1,1,0,3,144,1,3,10,9,19
223,1589,1326,263,0,24,"NSW","Urban","12:00 AM - 6:00 AM",1,0,0,2,42,2,4,10,7,17
1937,1774,1401,373,1,39,"TAS","Urban","6:00 PM - 12:00 AM",0,0,0,3,60,2,4,10,8,18
872,3381,1813,1568,1,43,"QLD","Urban","6:00 PM - 12:00 AM",0,0,0,3,180,3,3,4,5,9
1212,217,0,217,0,56,"NSW","Remote","6:00 AM - 12:00 PM",1,1,0,3,102,1,2,6,6,12
189,1853,1477,376,0,29,"TAS","Urban","12:00 AM - 6:00 AM",1,1,1,3,138,2,4,9,10,19
792,3251,1891,1360,1,47,"NSW","Urban","6:00 PM - 12:00 AM",0,0,1,3,78,3,5,10,10,20
336,335,0,335,1,20,"WA","Urban","12:00 PM - 6:00 PM",1,1,0,3,138,1,2,7,6,13
1449,4140,2395,1745,0,52,"QLD","Urban","6:00 AM - 12:00 PM",0,0,0,3,120,3,2,7,7,14
363,174,0,174,1,33,"VIC","Regional","6:00 PM - 12:00 AM",1,1,0,2,168,1,3,2,1,3
230,444,0,444,1,28,"VIC","Urban","12:00 AM - 6:00 AM",1,0,1,3,120,1,3,1,5,6
208,2841,1685,1156,0,39,"VIC","Urban","12:00 AM - 6:00 AM",0,1,1,3,174,2,4,6,6,12
608,343,0,343,0,24,"VIC","Urban","6:00 PM - 12:00 AM",1,1,0,1,144,2,1,8,8,16
348,1022,0,1022,0,41,"SA","Regional","6:00 PM - 12:00 AM",1,1,0,2,54,1,3,9,9,18
1554,3561,1676,1885,1,44,"VIC","Urban","6:00 AM - 12:00 PM",0,0,1,2,120,3,4,8,8,16
1131,1126,0,1126,1,43,"TAS","Urban","6:00 AM - 12:00 PM",1,1,1,3,30,2,2,7,6,13
1297,294,0,294,1,23,"NSW","Urban","6:00 AM - 12:00 PM",0,1,0,1,12,1,1,0,0,0
1104,941,0,941,0,30,"TAS","Regional","6:00 AM - 12:00 PM",1,1,0,3,120,1,3,3,3,6
1264,424,0,424,0,33,"VIC","Urban","6:00 AM - 12:00 PM",0,1,0,3,18,2,3,3,2,5
246,237,0,237,1,48,"QLD","Urban","12:00 AM - 6:00 AM",1,1,1,2,138,1,3,10,10,20
120,694,0,694,1,22,"VIC","Regional","12:00 AM - 6:00 AM",0,0,0,3,18,1,2,0,2,2
1897,218,0,218,0,55,"SA","Urban","6:00 PM - 12:00 AM",0,0,0,1,120,1,3,10,10,20
655,175,0,175,1,56,"ACT","Urban","6:00 PM - 12:00 AM",0,1,1,2,42,1,3,2,1,3
336,335,0,335,1,20,"WA","Urban","12:00 PM - 6:00 PM",1,1,0,3,138,1,2,7,6,13
589,371,0,371,1,24,"QLD","Remote","6:00 PM - 12:00 AM",1,1,1,3,156,1,2,1,1,2
630,1257,0,1257,1,42,"NSW","Urban","6:00 PM - 12:00 AM",0,1,0,3,90,1,3,2,5,7
636,1276,0,1276,0,43,"TAS","Urban","6:00 PM - 12:00 AM",1,1,1,2,48,2,4,7,8,15
210,4214,2285,1929,0,52,"NSW","Regional","12:00 AM - 6:00 AM",0,0,0,3,150,4,3,9,8,17
41,1987,1773,214,0,43,"WA","Urban","12:00 AM - 6:00 AM",1,1,1,1,174,1,3,0,0,0
534,795,0,795,0,31,"NSW","Urban","6:00 PM - 12:00 AM",0,1,0,1,114,2,2,4,3,7
189,1853,1477,376,0,29,"TAS","Urban","12:00 AM - 6:00 AM",1,1,1,3,138,2,4,9,10,19
1618,2354,1781,573,1,37,"TAS","Urban","6:00 PM - 12:00 AM",0,0,0,3,144,3,3,6,8,14
461,221,0,221,0,24,"NSW","Regional","6:00 PM - 12:00 AM",1,1,1,3,102,1,4,5,5,10
1898,192,0,192,0,47,"NT","Urban","6:00 PM - 12:00 AM",0,0,0,1,78,1,3,10,10,20
1787,3059,1726,1333,1,46,"NSW","Urban","6:00 PM - 12:00 AM",1,0,1,3,108,2,3,7,6,13
864,4434,2090,2344,0,48,"QLD","Urban","6:00 PM - 12:00 AM",0,1,0,3,162,4,3,4,8,12
1626,220,0,220,0,41,"ACT","Regional","6:00 PM - 12:00 AM",1,1,1,3,54,1,2,5,6,11
1753,4525,2318,2207,0,49,"ACT","Remote","6:00 PM - 12:00 AM",0,0,1,2,174,4,3,7,6,13
703,1157,0,1157,1,30,"SA","Urban","6:00 PM - 12:00 AM",1,1,1,2,126,2,1,4,4,8
109,3547,1822,1725,0,52,"TAS","Urban","12:00 AM - 6:00 AM",1,0,1,3,174,1,3,2,1,3
334,3589,2011,1578,0,49,"WA","Regional","6:00 PM - 12:00 AM",0,0,1,3,102,3,3,9,8,17
1362,219,0,219,0,39,"NSW","Urban","6:00 AM - 12:00 PM",0,1,0,3,126,1,4,10,10,20
1166,2910,1494,1416,1,50,"TAS","Urban","6:00 AM - 12:00 PM",1,0,1,3,42,1,2,9,5,14
1855,4591,2249,2342,1,51,"NSW","Regional","6:00 PM - 12:00 AM",1,0,0,3,84,4,4,10,10,20
506,262,0,262,0,24,"NSW","Urban","6:00 PM - 12:00 AM",1,1,0,3,114,1,4,10,10,20
511,817,0,817,1,34,"QLD","Urban","6:00 PM - 12:00 AM",0,1,1,3,132,2,4,10,10,20
1841,4377,2258,2119,1,47,"NSW","Regional","6:00 PM - 12:00 AM",1,0,0,2,114,4,5,10,10,20
370,158,0,158,0,27,"VIC","Urban","6:00 PM - 12:00 AM",1,1,1,3,90,1,4,4,7,11
1860,238,0,238,1,50,"VIC","Urban","6:00 PM - 12:00 AM",0,1,1,3,126,1,3,9,8,17
588,1082,0,1082,1,35,"WA","Urban","6:00 PM - 12:00 AM",1,1,1,3,174,2,2,0,0,0
846,1269,0,1269,0,36,"VIC","Urban","12:00 PM - 6:00 PM",1,1,1,3,156,1,2,2,3,5
1711,213,0,213,0,27,"NSW","Urban","6:00 PM - 12:00 AM",0,1,1,2,42,1,2,5,1,6
534,795,0,795,0,31,"NSW","Urban","6:00 PM - 12:00 AM",0,1,0,1,114,2,2,4,3,7
1915,4383,2440,1943,0,43,"SA","Urban","6:00 PM - 12:00 AM",1,0,0,3,84,4,2,10,10,20
820,3293,1633,1660,1,50,"NSW","Regional","6:00 PM - 12:00 AM",0,0,1,3,96,3,3,9,9,18
684,2284,1956,328,1,38,"VIC","Urban","6:00 PM - 12:00 AM",0,0,0,1,102,2,3,6,5,11
946,3043,1558,1485,1,51,"VIC","Urban","12:00 PM - 6:00 PM",1,0,1,2,174,1,3,1,0,1
376,2958,1767,1191,0,58,"TAS","Urban","6:00 PM - 12:00 AM",0,1,1,2,72,3,3,6,3,9
1885,4236,2084,2152,0,46,"VIC","Urban","6:00 PM - 12:00 AM",1,0,0,3,162,2,4,2,0,2
437,3174,1854,1320,1,52,"NSW","Urban","6:00 PM - 12:00 AM",0,0,0,3,114,2,2,5,4,9
203,1375,0,1375,1,39,"VIC","Urban","12:00 AM - 6:00 AM",1,1,0,2,30,1,4,1,0,1
1107,3031,1782,1249,1,58,"NSW","Urban","6:00 AM - 12:00 PM",0,0,0,3,30,3,3,6,1,7
908,166,0,166,0,20,"VIC","Urban","6:00 AM - 12:00 PM",1,1,0,3,42,1,3,3,2,5
1079,4649,2790,1859,1,55,"NSW","Regional","12:00 PM - 6:00 PM",1,0,0,3,156,4,4,3,4,7
396,3683,2037,1646,0,47,"NSW","Urban","6:00 PM - 12:00 AM",0,0,1,2,162,3,2,7,5,12
1384,1697,1507,190,1,29,"VIC","Urban","6:00 AM - 12:00 PM",1,1,1,3,102,2,3,8,8,16
159,3191,1643,1548,1,44,"NSW","Urban","12:00 AM - 6:00 AM",0,0,1,1,102,3,2,10,9,19
1529,4371,2411,1960,0,44,"NT","Urban","6:00 AM - 12:00 PM",0,0,0,2,102,3,4,10,9,19
957,4168,2354,1814,1,53,"QLD","Urban","12:00 PM - 6:00 PM",0,0,0,3,150,2,2,10,9,19
172,208,0,208,1,26,"NSW","Urban","12:00 AM - 6:00 AM",1,1,1,1,72,1,4,6,6,12
1943,991,0,991,1,35,"NSW","Urban","6:00 PM - 12:00 AM",0,0,0,3,48,2,3,9,9,18
1249,158,0,158,0,60,"NSW","Urban","6:00 AM - 12:00 PM",1,1,1,2,156,1,2,4,4,8
41,1987,1773,214,0,43,"WA","Urban","12:00 AM - 6:00 AM",1,1,1,1,174,1,3,0,0,0
879,1060,0,1060,1,44,"TAS","Urban","12:00 PM - 6:00 PM",0,1,0,3,180,1,3,4,4,8
959,2828,1675,1153,1,59,"VIC","Urban","6:00 AM - 12:00 PM",1,1,1,1,36,2,3,6,4,10
1763,2071,1556,515,1,44,"NSW","Remote","6:00 PM - 12:00 AM",1,1,0,3,168,1,3,10,5,15
115,3119,1791,1328,1,51,"NSW","Remote","12:00 AM - 6:00 AM",0,0,0,1,150,2,3,7,5,12
219,3973,1995,1978,1,55,"VIC","Regional","12:00 AM - 6:00 AM",0,0,0,3,12,1,1,1,0,1
948,290,0,290,0,25,"VIC","Regional","6:00 AM - 12:00 PM",1,1,1,3,84,1,5,10,10,20
443,4651,2450,2201,0,46,"SA","Remote","6:00 PM - 12:00 AM",0,0,0,1,156,4,2,5,5,10
769,4401,2028,2373,1,44,"NSW","Regional","6:00 PM - 12:00 AM",0,0,1,3,30,4,4,5,4,9
1192,436,0,436,1,24,"NSW","Regional","6:00 AM - 12:00 PM",1,1,0,3,150,1,3,3,0,3
20,217,0,217,1,25,"NSW","Urban","12:00 AM - 6:00 AM",1,1,0,3,174,1,2,6,2,8
109,3547,1822,1725,0,52,"TAS","Urban","12:00 AM - 6:00 AM",1,0,1,3,174,1,3,2,1,3
965,234,0,234,1,39,"VIC","Regional","6:00 AM - 12:00 PM",1,1,0,1,174,1,2,2,3,5
1640,430,0,430,0,23,"ACT","Regional","6:00 PM - 12:00 AM",1,1,1,3,48,1,4,8,10,18
683,4119,2222,1897,0,56,"QLD","Regional","6:00 PM - 12:00 AM",0,0,1,1,156,4,1,8,7,15
1842,4426,2427,1999,1,47,"NSW","Urban","6:00 PM - 12:00 AM",1,0,0,3,114,2,4,8,7,15
1185,1688,1552,136,0,43,"NSW","Urban","6:00 AM - 12:00 PM",1,1,0,3,84,1,1,6,2,8
317,900,0,900,1,25,"VIC","Regional","6:00 PM - 12:00 AM",1,1,0,3,150,1,1,8,5,13
1653,452,0,452,1,35,"VIC","Urban","6:00 PM - 12:00 AM",1,1,0,3,180,2,3,6,4,10
215,1455,1455,0,1,29,"NSW","Urban","12:00 AM - 6:00 AM",1,1,1,1,120,2,4,10,10,20
1946,207,0,207,0,20,"QLD","Urban","12:00 PM - 6:00 PM",1,1,0,3,90,1,2,5,6,11
1989,447,0,447,1,20,"ACT","Urban","6:00 PM - 12:00 AM",1,1,1,3,126,2,5,6,4,10
1166,2910,1494,1416,1,50,"TAS","Urban","6:00 AM - 12:00 PM",1,0,1,3,42,1,2,9,5,14
1570,4038,2211,1827,0,51,"WA","Urban","6:00 AM - 12:00 PM",0,1,0,3,156,1,4,7,9,16
1535,4305,2300,2005,0,58,"QLD","Remote","12:00 PM - 6:00 PM",0,0,0,3,90,2,3,5,8,13
976,1262,0,1262,0,47,"NT","Urban","6:00 AM - 12:00 PM",0,1,1,2,78,2,2,4,4,8
374,1560,1354,206,1,34,"VIC","Urban","6:00 PM - 12:00 AM",1,1,0,2,78,2,2,10,9,19
257,2223,1807,416,1,39,"NT","Urban","12:00 AM - 6:00 AM",1,0,0,3,108,1,3,8,8,16
1963,1227,0,1227,1,33,"NSW","Urban","6:00 PM - 12:00 AM",1,1,0,2,84,1,4,7,6,13
1101,977,0,977,1,31,"NSW","Regional","12:00 PM - 6:00 PM",1,1,0,3,102,1,3,10,9,19
1181,3757,1973,1784,1,46,"QLD","Regional","6:00 AM - 12:00 PM",1,0,0,3,66,1,3,3,5,8
1188,4319,2352,1967,1,58,"NSW","Remote","6:00 AM - 12:00 PM",0,0,1,3,114,4,3,5,8,13
1265,975,0,975,0,39,"NSW","Remote","6:00 AM - 12:00 PM",0,1,0,2,132,2,2,4,2,6
1807,370,0,370,0,20,"WA","Urban","6:00 PM - 12:00 AM",0,1,0,3,138,1,3,8,10,18
1243,267,0,267,0,24,"NT","Remote","6:00 AM - 12:00 PM",1,1,1,2,156,1,2,0,4,4
327,181,0,181,0,25,"VIC","Urban","6:00 PM - 12:00 AM",1,1,1,2,96,1,2,7,8,15
828,1619,1302,317,0,38,"NSW","Remote","6:00 PM - 12:00 AM",1,1,0,3,72,1,3,4,4,8
1152,4519,2550,1969,1,50,"NSW","Urban","6:00 AM - 12:00 PM",0,0,1,3,150,1,3,3,3,6
1415,3168,1786,1382,0,42,"VIC","Urban","6:00 AM - 12:00 PM",1,0,1,2,162,1,2,8,6,14
874,1835,1656,179,0,39,"NSW","Urban","6:00 PM - 12:00 AM",1,1,0,3,180,2,1,1,0,1
1644,520,0,520,1,38,"VIC","Urban","6:00 PM - 12:00 AM",1,1,0,3,138,2,3,7,5,12
1164,4427,2694,1733,1,48,"NSW","Regional","6:00 AM - 12:00 PM",0,0,1,2,180,4,4,9,7,16
465,3448,1628,1820,0,50,"NSW","Urban","6:00 PM - 12:00 AM",0,0,1,3,90,2,3,10,10,20
30,1404,1175,229,1,35,"SA","Urban","12:00 AM - 6:00 AM",1,1,0,3,102,2,2,6,10,16
748,1535,0,1535,1,31,"NT","Regional","6:00 PM - 12:00 AM",1,1,1,3,24,1,4,3,2,5
7,3886,2152,1734,0,50,"SA","Urban","12:00 AM - 6:00 AM",1,0,1,3,120,3,3,4,3,7
1748,1540,1337,203,0,27,"NT","Urban","6:00 PM - 12:00 AM",0,1,1,1,84,1,2,5,6,11
239,1485,1348,137,1,26,"WA","Urban","12:00 AM - 6:00 AM",1,0,0,2,144,2,3,5,5,10
1920,4485,2306,2179,1,54,"NSW","Urban","6:00 PM - 12:00 AM",1,0,0,2,54,4,4,3,3,6
1226,1810,1475,335,0,38,"SA","Urban","6:00 AM - 12:00 PM",0,1,0,3,24,2,4,3,0,3
332,183,0,183,0,21,"VIC","Urban","6:00 PM - 12:00 AM",1,1,0,1,60,1,3,6,9,15
781,277,0,277,1,50,"NSW","Urban","6:00 PM - 12:00 AM",1,0,0,3,72,1,3,6,7,13
170,1930,1599,331,1,36,"NSW","Urban","12:00 AM - 6:00 AM",1,1,1,2,12,2,4,8,4,12
1279,3939,2348,1591,0,46,"NSW","Urban","6:00 AM - 12:00 PM",0,0,1,3,60,4,4,6,5,11
965,234,0,234,1,39,"VIC","Regional","6:00 AM - 12:00 PM",1,1,0,1,174,1,2,2,3,5
1723,206,0,206,1,31,"NSW","Urban","6:00 PM - 12:00 AM",1,1,1,3,150,1,3,4,6,10
1645,1101,0,1101,1,45,"VIC","Urban","6:00 PM - 12:00 AM",1,1,0,1,54,1,1,8,8,16
1653,452,0,452,1,35,"VIC","Urban","6:00 PM - 12:00 AM",1,1,0,3,180,2,3,6,4,10
1320,2926,1708,1218,1,48,"VIC","Regional","6:00 AM - 12:00 PM",1,0,0,2,144,2,3,10,9,19
794,929,0,929,1,36,"QLD","Urban","6:00 PM - 12:00 AM",1,1,1,2,126,2,1,8,10,18
1348,919,0,919,1,36,"NSW","Urban","6:00 AM - 12:00 PM",1,1,0,1,114,1,3,6,6,12
1633,749,0,749,1,35,"VIC","Urban","6:00 PM - 12:00 AM",1,1,0,3,54,2,3,3,3,6
1561,2940,1627,1313,1,45,"NSW","Urban","6:00 AM - 12:00 PM",0,0,0,3,102,1,2,9,8,17
1150,1745,1494,251,0,42,"QLD","Urban","6:00 AM - 12:00 PM",1,1,1,3,162,1,4,2,1,3
369,4152,2281,1871,1,60,"QLD","Urban","12:00 PM - 6:00 PM",0,0,0,2,36,1,3,3,3,6
258,303,0,303,0,25,"NT","Urban","12:00 PM - 6:00 PM",1,1,1,2,114,1,2,6,5,11
1837,414,0,414,0,20,"NT","Urban","6:00 PM - 12:00 AM",1,1,0,2,18,2,4,4,1,5
892,1174,0,1174,1,50,"VIC","Remote","6:00 AM - 12:00 PM",0,0,0,2,180,1,3,3,3,6
873,2604,1360,1244,1,54,"WA","Urban","6:00 PM - 12:00 AM",0,0,0,3,48,3,3,4,7,11
1437,3510,1852,1658,0,54,"VIC","Urban","6:00 AM - 12:00 PM",0,0,1,3,72,4,5,10,10,20
162,4392,2426,1966,0,44,"NSW","Urban","12:00 AM - 6:00 AM",0,0,0,1,36,2,3,7,10,17
1601,1710,1437,273,1,37,"TAS","Urban","6:00 AM - 12:00 PM",1,0,0,3,174,1,2,5,2,7
971,231,0,231,0,24,"VIC","Urban","6:00 AM - 12:00 PM",1,1,0,3,180,1,2,5,2,7
1395,679,0,679,1,34,"VIC","Regional","6:00 AM - 12:00 PM",1,1,1,1,72,1,2,5,5,10
1718,3886,1992,1894,0,58,"NSW","Urban","6:00 PM - 12:00 AM",0,0,0,1,48,1,3,3,3,6
1128,391,0,391,1,24,"NT","Urban","6:00 AM - 12:00 PM",1,1,0,3,30,2,4,7,7,14
881,1112,0,1112,1,54,"QLD","Regional","6:00 AM - 12:00 PM",0,0,0,3,18,2,3,6,5,11
866,814,0,814,1,24,"NSW","Urban","6:00 PM - 12:00 AM",1,0,0,3,126,2,2,5,5,10
696,1508,1398,110,0,29,"TAS","Urban","6:00 PM - 12:00 AM",0,1,0,3,132,2,5,10,7,17
1421,4233,2521,1712,0,41,"NT","Urban","6:00 AM - 12:00 PM",1,0,1,3,36,1,3,4,3,7
28,1634,1400,234,0,37,"NSW","Regional","12:00 AM - 6:00 AM",1,1,0,3,102,2,2,6,3,9
185,1607,1225,382,1,28,"NT","Regional","12:00 AM - 6:00 AM",1,1,1,2,144,2,2,5,3,8
874,1835,1656,179,0,39,"NSW","Urban","6:00 PM - 12:00 AM",1,1,0,3,180,2,1,1,0,1
1474,446,0,446,1,24,"NSW","Urban","6:00 AM - 12:00 PM",1,0,0,2,120,1,3,7,8,15
922,555,0,555,0,22,"WA","Urban","6:00 AM - 12:00 PM",0,0,1,3,36,1,3,8,9,17
1131,1126,0,1126,1,43,"TAS","Urban","6:00 AM - 12:00 PM",1,1,1,3,30,2,2,7,6,13
480,349,0,349,0,26,"VIC","Regional","12:00 PM - 6:00 PM",1,1,1,3,72,2,2,4,3,7
838,3018,1762,1256,0,50,"TAS","Urban","6:00 PM - 12:00 AM",0,0,1,3,78,4,3,5,5,10
1558,4463,2650,1813,1,53,"ACT","Urban","12:00 PM - 6:00 PM",0,0,1,3,84,2,3,10,10,20
1608,1172,0,1172,1,37,"NSW","Urban","6:00 AM - 12:00 PM",1,0,0,3,168,2,2,7,6,13
1487,3976,2013,1963,0,46,"VIC","Urban","6:00 AM - 12:00 PM",0,0,0,3,102,1,3,10,10,20
691,431,0,431,1,28,"WA","Urban","12:00 PM - 6:00 PM",0,1,0,3,60,2,4,10,10,20
1749,1716,1372,344,1,34,"NSW","Urban","6:00 PM - 12:00 AM",1,1,1,1,54,2,4,9,5,14
1342,281,0,281,1,24,"TAS","Regional","6:00 AM - 12:00 PM",1,1,0,3,168,1,5,4,2,6
613,4653,2192,2461,1,54,"NSW","Urban","12:00 PM - 6:00 PM",0,0,1,3,78,2,4,7,6,13
185,1607,1225,382,1,28,"NT","Regional","12:00 AM - 6:00 AM",1,1,1,2,144,2,2,5,3,8
1142,428,0,428,0,28,"VIC","Urban","6:00 AM - 12:00 PM",1,1,0,2,66,1,2,6,6,12
1399,3516,1929,1587,1,47,"QLD","Urban","6:00 AM - 12:00 PM",0,1,0,3,78,2,2,6,3,9
1097,363,0,363,0,24,"NSW","Regional","6:00 AM - 12:00 PM",1,1,1,3,132,2,3,5,7,12
1891,1344,0,1344,1,44,"NSW","Urban","12:00 PM - 6:00 PM",0,1,0,3,30,2,3,3,5,8
117,3071,1802,1269,1,58,"NSW","Urban","12:00 AM - 6:00 AM",0,1,1,3,174,2,3,1,1,2
360,628,0,628,0,40,"VIC","Urban","6:00 PM - 12:00 AM",1,1,1,1,126,1,3,5,5,10
54,1175,0,1175,1,28,"NT","Remote","12:00 AM - 6:00 AM",0,1,0,1,66,2,2,5,2,7
1341,985,0,985,0,36,"TAS","Urban","6:00 AM - 12:00 PM",0,1,0,3,66,1,3,7,7,14
1675,854,0,854,1,39,"NSW","Urban","6:00 PM - 12:00 AM",1,1,1,1,168,2,3,2,5,7
1360,890,0,890,1,26,"TAS","Urban","6:00 AM - 12:00 PM",1,1,1,3,30,1,1,8,6,14
1004,2243,1265,978,0,52,"VIC","Urban","6:00 AM - 12:00 PM",1,1,0,2,144,2,4,10,9,19
1482,1557,0,1557,0,31,"QLD","Regional","6:00 AM - 12:00 PM",1,0,0,3,96,2,2,7,2,9
1371,361,0,361,0,23,"NT","Urban","6:00 AM - 12:00 PM",0,1,0,3,84,2,3,9,9,18
566,997,0,997,1,45,"VIC","Urban","6:00 PM - 12:00 AM",0,1,0,3,174,2,3,3,2,5
201,4456,2135,2321,1,52,"NSW","Urban","12:00 AM - 6:00 AM",0,0,1,1,174,4,3,8,5,13
1552,1871,1673,198,0,36,"NSW","Regional","6:00 AM - 12:00 PM",1,1,1,2,48,1,4,10,9,19
1995,2916,1731,1185,1,59,"NSW","Remote","6:00 PM - 12:00 AM",0,0,0,1,96,1,3,10,10,20
1885,4236,2084,2152,0,46,"VIC","Urban","6:00 PM - 12:00 AM",1,0,0,3,162,2,4,2,0,2
589,371,0,371,1,24,"QLD","Remote","6:00 PM - 12:00 AM",1,1,1,3,156,1,2,1,1,2
1212,217,0,217,0,56,"NSW","Remote","6:00 AM - 12:00 PM",1,1,0,3,102,1,2,6,6,12
1718,3886,1992,1894,0,58,"NSW","Urban","6:00 PM - 12:00 AM",0,0,0,1,48,1,3,3,3,6
466,1973,1779,194,0,41,"NSW","Urban","6:00 PM - 12:00 AM",1,1,0,2,114,1,3,9,9,18
889,2475,1425,1050,1,54,"QLD","Urban","6:00 AM - 12:00 PM",0,0,0,2,132,2,2,10,10,20
1613,1613,1280,333,0,35,"TAS","Urban","12:00 PM - 6:00 PM",0,1,0,3,108,2,5,8,8,16
493,1197,0,1197,0,45,"NSW","Regional","6:00 PM - 12:00 AM",0,1,1,3,174,2,2,6,5,11
1418,4224,1990,2234,0,49,"SA","Urban","6:00 AM - 12:00 PM",0,0,0,3,180,3,4,6,6,12
977,1471,0,1471,1,48,"NSW","Regional","6:00 AM - 12:00 PM",0,0,0,3,24,1,2,4,3,7
1963,1227,0,1227,1,33,"NSW","Urban","6:00 PM - 12:00 AM",1,1,0,2,84,1,4,7,6,13
810,4277,2357,1920,0,46,"NT","Regional","6:00 PM - 12:00 AM",0,0,0,3,174,2,3,7,6,13
349,3163,1722,1441,1,57,"VIC","Regional","6:00 PM - 12:00 AM",0,0,1,3,90,2,2,6,7,13
1111,3945,1992,1953,0,57,"WA","Urban","6:00 AM - 12:00 PM",0,0,1,2,66,1,4,10,10,20
543,424,0,424,1,27,"NSW","Urban","6:00 PM - 12:00 AM",1,1,0,2,138,1,2,9,8,17
1814,1229,0,1229,0,40,"VIC","Remote","6:00 PM - 12:00 AM",1,1,1,3,114,1,4,10,10,20
242,1839,1547,292,1,36,"QLD","Urban","12:00 AM - 6:00 AM",1,0,1,3,162,2,4,10,9,19
1463,3110,1698,1412,1,59,"SA","Regional","6:00 AM - 12:00 PM",0,0,0,3,138,3,3,10,6,16
1785,3762,2255,1507,0,54,"WA","Regional","6:00 PM - 12:00 AM",1,0,1,1,84,4,3,10,10,20
708,3880,2271,1609,1,58,"NSW","Remote","6:00 PM - 12:00 AM",1,0,0,3,78,1,3,10,9,19
591,1521,1279,242,0,38,"SA","Urban","12:00 PM - 6:00 PM",0,1,1,3,96,2,4,10,10,20
1711,213,0,213,0,27,"NSW","Urban","6:00 PM - 12:00 AM",0,1,1,2,42,1,2,5,1,6
1173,519,0,519,1,28,"TAS","Urban","6:00 AM - 12:00 PM",1,1,1,3,162,2,2,0,2,2
1616,150,0,150,0,42,"WA","Regional","6:00 PM - 12:00 AM",1,1,0,3,12,1,4,1,4,5
1631,379,0,379,0,28,"VIC","Urban","6:00 PM - 12:00 AM",1,1,0,2,54,1,2,3,2,5
1919,3920,2409,1511,0,46,"VIC","Urban","6:00 PM - 12:00 AM",0,0,0,3,96,1,4,9,10,19
308,921,0,921,1,40,"TAS","Urban","6:00 PM - 12:00 AM",1,1,1,3,84,2,4,8,8,16
527,176,0,176,1,46,"TAS","Remote","6:00 PM - 12:00 AM",0,1,1,2,180,1,3,2,0,2
21,581,0,581,1,31,"TAS","Regional","12:00 AM - 6:00 AM",1,1,1,3,132,2,3,3,2,5
838,3018,1762,1256,0,50,"TAS","Urban","6:00 PM - 12:00 AM",0,0,1,3,78,4,3,5,5,10
535,259,0,259,0,21,"ACT","Regional","12:00 PM - 6:00 PM",0,1,0,3,12,2,3,3,2,5
274,545,0,545,0,21,"NSW","Remote","12:00 AM - 6:00 AM",1,1,1,2,36,2,3,3,7,10
1792,279,0,279,1,22,"SA","Regional","6:00 PM - 12:00 AM",0,1,0,3,60,1,2,2,2,4
1986,403,0,403,0,20,"ACT","Regional","6:00 PM - 12:00 AM",1,1,1,3,12,2,2,0,0,0
703,1157,0,1157,1,30,"SA","Urban","6:00 PM - 12:00 AM",1,1,1,2,126,2,1,4,4,8
1295,3517,1883,1634,1,47,"SA","Urban","6:00 AM - 12:00 PM",1,0,1,2,72,4,4,6,4,10
1181,3757,1973,1784,1,46,"QLD","Regional","6:00 AM - 12:00 PM",1,0,0,3,66,1,3,3,5,8
1216,535,0,535,0,26,"NT","Urban","6:00 AM - 12:00 PM",0,1,0,3,30,2,3,2,2,4
602,279,0,279,1,20,"NSW","Urban","12:00 PM - 6:00 PM",1,1,1,1,102,1,3,4,4,8
192,1334,0,1334,0,35,"WA","Urban","12:00 AM - 6:00 AM",1,1,1,3,96,2,3,7,10,17
95,438,0,438,1,21,"NSW","Urban","12:00 AM - 6:00 AM",1,0,0,3,168,2,3,3,2,5
1163,924,0,924,1,31,"NSW","Regional","6:00 AM - 12:00 PM",0,1,1,3,12,2,4,6,6,12
494,3251,1831,1420,0,49,"NSW","Regional","6:00 PM - 12:00 AM",0,0,0,2,138,4,2,10,10,20
1490,841,0,841,0,28,"VIC","Remote","6:00 AM - 12:00 PM",1,1,0,3,174,2,4,5,3,8
1114,1508,1343,165,1,33,"ACT","Urban","12:00 PM - 6:00 PM",0,1,1,3,54,2,3,8,8,16
1595,3737,2164,1573,1,53,"TAS","Remote","6:00 AM - 12:00 PM",0,0,0,2,138,2,4,10,7,17
1076,247,0,247,1,60,"WA","Regional","6:00 AM - 12:00 PM",1,1,0,1,144,1,2,0,3,3
1171,4588,2484,2104,1,53,"QLD","Urban","6:00 AM - 12:00 PM",1,0,0,2,108,2,3,6,7,13
1516,329,0,329,0,24,"VIC","Urban","6:00 AM - 12:00 PM",1,1,1,1,78,2,3,9,9,18
1064,2248,1680,568,1,50,"SA","Regional","6:00 AM - 12:00 PM",1,1,0,2,150,2,3,9,5,14
1190,452,0,452,0,26,"NSW","Urban","6:00 AM - 12:00 PM",0,1,1,3,102,1,3,6,9,15
823,2662,1653,1009,0,47,"VIC","Urban","6:00 PM - 12:00 AM",0,0,0,3,24,3,3,6,5,11
1065,1836,1600,236,1,50,"VIC","Urban","6:00 AM - 12:00 PM",0,0,0,1,126,1,2,7,9,16
1618,2354,1781,573,1,37,"TAS","Urban","6:00 PM - 12:00 AM",0,0,0,3,144,3,3,6,8,14
913,3276,2150,1126,0,50,"NSW","Remote","12:00 PM - 6:00 PM",0,0,1,1,78,2,4,10,10,20
1738,1290,1067,223,1,38,"NSW","Urban","6:00 PM - 12:00 AM",0,1,0,3,66,1,4,10,10,20
1869,2602,1503,1099,0,45,"NSW","Regional","6:00 PM - 12:00 AM",0,1,0,2,120,3,3,10,8,18
1903,3765,1929,1836,0,45,"SA","Regional","6:00 PM - 12:00 AM",1,1,1,2,60,4,4,4,5,9
1839,1336,0,1336,1,42,"TAS","Urban","6:00 PM - 12:00 AM",0,1,0,3,30,1,2,1,1,2
1304,475,0,475,0,30,"NSW","Regional","6:00 AM - 12:00 PM",0,1,0,2,48,2,3,4,3,7
1632,1453,1277,176,0,22,"NSW","Urban","6:00 PM - 12:00 AM",1,1,0,3,156,2,3,8,7,15
1641,1774,0,1774,1,51,"VIC","Regional","6:00 PM - 12:00 AM",1,1,1,3,90,3,3,10,9,19
1691,793,0,793,0,39,"NSW","Regional","12:00 PM - 6:00 PM",0,1,0,2,108,2,2,7,7,14
997,283,0,283,0,25,"VIC","Regional","6:00 AM - 12:00 PM",1,1,0,3,42,2,3,4,3,7
1672,479,0,479,0,27,"NSW","Urban","6:00 PM - 12:00 AM",1,1,1,3,60,2,3,9,10,19
421,282,0,282,0,20,"NSW","Remote","6:00 PM - 12:00 AM",1,1,1,3,168,1,4,2,3,5
1699,3645,1756,1889,0,49,"NSW","Regional","6:00 PM - 12:00 AM",0,0,1,2,180,2,3,5,9,14
506,262,0,262,0,24,"NSW","Urban","6:00 PM - 12:00 AM",1,1,0,3,114,1,4,10,10,20
543,424,0,424,1,27,"NSW","Urban","6:00 PM - 12:00 AM",1,1,0,2,138,1,2,9,8,17
23,3153,1905,1248,1,59,"NSW","Urban","12:00 AM - 6:00 AM",0,0,1,1,174,3,3,3,3,6
1374,2763,1765,998,1,56,"NT","Urban","6:00 AM - 12:00 PM",1,1,1,2,30,3,2,2,1,3
178,3933,2223,1710,1,53,"NSW","Urban","12:00 AM - 6:00 AM",0,0,1,3,180,2,4,1,1,2
8,3363,1917,1446,1,48,"NSW","Urban","12:00 AM - 6:00 AM",1,0,1,2,42,3,3,5,4,9
1671,4215,2317,1898,1,57,"ACT","Urban","6:00 PM - 12:00 AM",0,0,0,3,42,2,4,6,6,12
1246,323,0,323,0,20,"WA","Urban","6:00 AM - 12:00 PM",0,1,1,1,12,1,1,2,0,2
1346,1474,1184,290,1,26,"WA","Urban","6:00 AM - 12:00 PM",0,1,1,1,138,2,3,8,7,15
1874,3668,2076,1592,0,56,"ACT","Urban","6:00 PM - 12:00 AM",1,1,0,2,72,4,4,5,3,8
1187,3998,2232,1766,0,53,"TAS","Urban","6:00 AM - 12:00 PM",0,0,0,3,102,4,4,10,10,20
1854,4296,2417,1879,0,46,"VIC","Remote","6:00 PM - 12:00 AM",1,0,1,2,150,4,2,9,6,15
1860,238,0,238,1,50,"VIC","Urban","6:00 PM - 12:00 AM",0,1,1,3,126,1,3,9,8,17
411,796,0,796,1,26,"NSW","Regional","6:00 PM - 12:00 AM",1,1,1,1,150,1,4,6,5,11
675,4223,2058,2165,1,55,"SA","Urban","6:00 PM - 12:00 AM",0,0,1,1,126,3,3,8,7,15
1013,286,0,286,0,20,"NSW","Urban","12:00 PM - 6:00 PM",0,1,1,2,54,2,3,6,5,11
746,4795,2651,2144,1,52,"ACT","Urban","12:00 PM - 6:00 PM",1,0,1,3,120,3,4,8,8,16
1703,3670,1813,1857,0,49,"QLD","Urban","6:00 PM - 12:00 AM",1,0,0,3,150,3,2,8,10,18
1779,343,0,343,0,34,"VIC","Urban","12:00 PM - 6:00 PM",1,1,1,3,174,2,4,6,6,12
630,1257,0,1257,1,42,"NSW","Urban","6:00 PM - 12:00 AM",0,1,0,3,90,1,3,2,5,7
463,1192,0,1192,0,37,"NSW","Urban","6:00 PM - 12:00 AM",0,1,1,2,102,2,4,8,10,18
1579,1234,0,1234,1,39,"NSW","Regional","6:00 AM - 12:00 PM",1,1,0,2,48,1,2,3,3,6
407,793,0,793,0,36,"NSW","Urban","6:00 PM - 12:00 AM",1,1,1,3,114,1,2,8,8,16
885,1295,0,1295,1,57,"QLD","Urban","6:00 AM - 12:00 PM",0,0,0,3,90,1,2,8,9,17
743,1103,0,1103,0,36,"NSW","Remote","6:00 PM - 12:00 AM",1,0,0,3,60,1,3,5,0,5
767,840,0,840,1,27,"NSW","Urban","6:00 PM - 12:00 AM",1,1,1,3,126,1,3,8,8,16
995,350,0,350,1,22,"VIC","Urban","6:00 AM - 12:00 PM",1,1,1,3,30,2,4,6,8,14
819,205,0,205,0,50,"NSW","Urban","6:00 PM - 12:00 AM",1,0,0,3,30,1,5,8,8,16
815,1076,0,1076,0,33,"ACT","Regional","6:00 PM - 12:00 AM",1,0,0,3,72,1,3,5,5,10
861,850,0,850,1,24,"NSW","Regional","6:00 PM - 12:00 AM",1,0,0,2,150,2,4,7,7,14
1271,277,0,277,0,21,"SA","Regional","6:00 AM - 12:00 PM",1,1,1,3,18,1,3,0,0,0
517,2949,1719,1230,1,59,"NSW","Urban","6:00 PM - 12:00 AM",0,0,0,3,66,4,2,10,9,19
631,3121,1762,1359,0,56,"WA","Urban","6:00 PM - 12:00 AM",1,0,0,3,144,2,2,2,2,4
1393,200,0,200,0,34,"NSW","Urban","6:00 AM - 12:00 PM",1,1,1,2,120,1,2,9,6,15
758,247,0,247,0,34,"TAS","Urban","6:00 PM - 12:00 AM",1,1,0,2,72,1,2,2,4,6
1561,2940,1627,1313,1,45,"NSW","Urban","6:00 AM - 12:00 PM",0,0,0,3,102,1,2,9,8,17
1061,2441,1595,846,1,56,"TAS","Urban","6:00 AM - 12:00 PM",0,1,1,3,174,2,2,3,6,9
1335,2227,1798,429,0,59,"VIC","Urban","12:00 PM - 6:00 PM",1,1,1,3,18,1,4,4,5,9
1552,1871,1673,198,0,36,"NSW","Regional","6:00 AM - 12:00 PM",1,1,1,2,48,1,4,10,9,19
1402,533,0,533,1,39,"NSW","Urban","12:00 PM - 6:00 PM",0,1,0,3,66,1,5,7,10,17
1634,196,0,196,1,54,"VIC","Urban","6:00 PM - 12:00 AM",1,1,0,3,132,1,4,8,10,18
1040,1466,1099,367,1,40,"VIC","Urban","6:00 AM - 12:00 PM",1,1,1,3,12,2,5,2,6,8
1815,446,0,446,0,27,"ACT","Urban","6:00 PM - 12:00 AM",0,1,1,2,132,1,4,10,10,20
333,1600,0,1600,0,50,"VIC","Urban","6:00 PM - 12:00 AM",1,1,0,3,114,3,2,7,6,13
1743,1414,0,1414,1,41,"ACT","Urban","6:00 PM - 12:00 AM",1,1,0,3,156,4,2,2,2,4
1023,246,0,246,1,55,"VIC","Urban","6:00 AM - 12:00 PM",1,1,1,2,36,1,5,2,2,4
903,2028,1796,232,0,40,"VIC","Urban","6:00 AM - 12:00 PM",0,1,1,3,126,2,4,6,6,12
1045,217,0,217,1,38,"VIC","Urban","6:00 AM - 12:00 PM",1,1,0,1,150,1,4,5,4,9
1106,239,0,239,0,21,"NSW","Regional","6:00 AM - 12:00 PM",1,1,0,3,96,1,3,10,10,20
1037,542,0,542,1,44,"VIC","Regional","6:00 AM - 12:00 PM",1,1,0,3,90,1,3,9,9,18
1742,4407,2410,1997,0,46,"VIC","Urban","6:00 PM - 12:00 AM",0,0,0,3,174,4,4,5,4,9
1964,3204,1704,1500,0,60,"VIC","Urban","6:00 PM - 12:00 AM",0,0,0,1,60,1,3,7,8,15
185,1607,1225,382,1,28,"NT","Regional","12:00 AM - 6:00 AM",1,1,1,2,144,2,2,5,3,8
1884,4592,2287,2305,1,48,"WA","Urban","6:00 PM - 12:00 AM",0,1,1,3,18,4,2,0,0,0
1111,3945,1992,1953,0,57,"WA","Urban","6:00 AM - 12:00 PM",0,0,1,2,66,1,4,10,10,20
1770,942,0,942,1,33,"NSW","Urban","6:00 PM - 12:00 AM",0,1,0,3,168,1,3,3,0,3
1180,326,0,326,0,21,"SA","Regional","12:00 PM - 6:00 PM",0,1,1,2,120,2,3,10,10,20
1491,3040,1544,1496,1,58,"VIC","Urban","12:00 PM - 6:00 PM",1,0,1,3,60,4,4,10,10,20
492,4040,2204,1836,1,59,"NT","Remote","6:00 PM - 12:00 AM",0,0,1,3,144,4,2,7,9,16
1259,218,0,218,0,58,"NSW","Remote","6:00 AM - 12:00 PM",1,1,1,2,108,1,3,7,3,10
1223,289,0,289,0,24,"NSW","Regional","6:00 AM - 12:00 PM",0,1,0,2,30,1,2,1,0,1
1142,428,0,428,0,28,"VIC","Urban","6:00 AM - 12:00 PM",1,1,0,2,66,1,2,6,6,12
1480,205,0,205,0,21,"WA","Urban","12:00 PM - 6:00 PM",0,1,0,1,150,1,3,3,3,6
1322,245,0,245,0,21,"NSW","Regional","6:00 AM - 12:00 PM",0,1,1,2,30,1,3,0,0,0
1797,3242,1613,1629,1,59,"SA","Regional","6:00 PM - 12:00 AM",0,0,0,3,168,2,3,2,2,4
1064,2248,1680,568,1,50,"SA","Regional","6:00 AM - 12:00 PM",1,1,0,2,150,2,3,9,5,14
1996,3285,1968,1317,0,42,"TAS","Urban","6:00 PM - 12:00 AM",0,0,0,1,168,1,3,6,10,16
364,1471,1306,165,1,20,"NT","Regional","6:00 PM - 12:00 AM",1,1,1,2,162,2,4,6,10,16
478,343,0,343,0,28,"NSW","Urban","6:00 PM - 12:00 AM",0,1,0,3,90,1,4,9,10,19
1287,308,0,308,1,22,"ACT","Urban","6:00 AM - 12:00 PM",1,1,0,3,162,1,1,4,3,7
1360,890,0,890,1,26,"TAS","Urban","6:00 AM - 12:00 PM",1,1,1,3,30,1,1,8,6,14
917,1317,0,1317,1,47,"VIC","Urban","6:00 AM - 12:00 PM",0,0,1,3,174,2,4,7,4,11
1676,1456,1286,170,1,37,"NSW","Remote","6:00 PM - 12:00 AM",1,1,1,3,144,2,4,8,9,17
811,3117,1785,1332,0,49,"QLD","Regional","6:00 PM - 12:00 AM",0,0,1,3,84,4,4,10,10,20
850,3487,1991,1496,1,46,"NSW","Urban","6:00 PM - 12:00 AM",0,0,1,2,72,1,3,6,5,11
1503,3335,1732,1603,0,45,"WA","Urban","6:00 AM - 12:00 PM",0,0,0,2,12,1,2,0,0,0
784,2237,1873,364,0,35,"NSW","Urban","6:00 PM - 12:00 AM",1,1,0,3,162,2,3,3,6,9
1482,1557,0,1557,0,31,"QLD","Regional","6:00 AM - 12:00 PM",1,0,0,3,96,2,2,7,2,9
1454,204,0,204,0,25,"TAS","Regional","6:00 AM - 12:00 PM",0,1,1,3,120,1,2,10,8,18
745,1039,0,1039,0,29,"NSW","Regional","6:00 PM - 12:00 AM",1,0,0,1,144,2,3,6,5,11
535,259,0,259,0,21,"ACT","Regional","12:00 PM - 6:00 PM",0,1,0,3,12,2,3,3,2,5
1278,3421,1946,1475,1,46,"NSW","Urban","6:00 AM - 12:00 PM",0,0,0,3,12,2,3,0,4,4
615,3434,1834,1600,1,50,"NT","Regional","6:00 PM - 12:00 AM",1,0,0,1,60,4,4,10,10,20
937,2754,1518,1236,0,54,"VIC","Urban","6:00 AM - 12:00 PM",0,0,0,1,66,2,3,5,4,9
1472,2497,1510,987,1,40,"NSW","Urban","6:00 AM - 12:00 PM",1,1,1,3,90,4,5,8,8,16
449,1729,1410,319,1,40,"NT","Urban","6:00 PM - 12:00 AM",1,1,0,3,72,1,5,6,5,11
86,1353,1106,247,1,22,"NSW","Urban","12:00 AM - 6:00 AM",0,1,0,1,48,2,4,6,2,8
1404,1602,1314,288,1,39,"ACT","Urban","6:00 AM - 12:00 PM",0,0,0,3,30,1,2,3,4,7
453,1555,1228,327,0,40,"QLD","Remote","6:00 PM - 12:00 AM",1,1,1,2,144,1,4,10,10,20
1457,422,0,422,1,25,"NSW","Urban","6:00 AM - 12:00 PM",0,0,1,1,162,2,2,2,1,3
1438,2714,1553,1161,1,36,"TAS","Remote","6:00 AM - 12:00 PM",1,0,1,3,18,4,2,0,0,0
301,1698,1441,257,0,31,"QLD","Urban","12:00 AM - 6:00 AM",1,1,1,3,138,2,4,7,6,13
311,3411,2049,1362,1,52,"WA","Urban","6:00 PM - 12:00 AM",0,0,0,1,36,3,2,8,7,15
1781,3160,1800,1360,1,57,"NSW","Urban","6:00 PM - 12:00 AM",1,0,0,2,30,1,4,7,6,13
95,438,0,438,1,21,"NSW","Urban","12:00 AM - 6:00 AM",1,0,0,3,168,2,3,3,2,5
1089,3767,1908,1859,0,47,"ACT","Urban","6:00 AM - 12:00 PM",0,0,0,3,132,3,4,6,5,11
745,1039,0,1039,0,29,"NSW","Regional","6:00 PM - 12:00 AM",1,0,0,1,144,2,3,6,5,11
726,2813,1635,1178,0,48,"VIC","Regional","6:00 PM - 12:00 AM",1,1,0,3,144,4,4,5,5,10
1778,4481,1993,2488,0,54,"NSW","Urban","6:00 PM - 12:00 AM",0,0,1,3,126,2,2,3,6,9
228,3827,2102,1725,0,53,"QLD","Urban","12:00 AM - 6:00 AM",0,1,0,3,54,4,4,10,9,19
1854,4296,2417,1879,0,46,"VIC","Remote","6:00 PM - 12:00 AM",1,0,1,2,150,4,2,9,6,15
1046,329,0,329,0,22,"ACT","Urban","12:00 PM - 6:00 PM",1,1,1,3,24,1,2,2,0,2
825,3689,2066,1623,0,43,"NSW","Urban","6:00 PM - 12:00 AM",0,0,0,2,12,1,5,0,0,0
1497,3208,1921,1287,1,48,"NSW","Urban","6:00 AM - 12:00 PM",0,0,1,3,150,2,3,10,9,19
