"ID","TotalSpending","InternationalSpend","DomesticSpend","Female","Age","HomeState","HomeRegion","BookingTime","DeviceTypeMobileTablet","Windows.Android","PromotionsUsed","EaseOfUse","UsageDuration","BookingCount","AvailableFlights","Satisfaction","NetPromoterScore","TotalSatisfaction"
1610,2131,1667,464,0,33,"NSW","Urban","6:00 AM - 12:00 PM",1,0,1,1,156,2,2,5,5,10
1696,3401,2209,1192,0,55,"NT","Urban","6:00 PM - 12:00 AM",0,0,0,3,180,1,2,6,7,13
52,296,0,296,0,21,"NT","Regional","12:00 AM - 6:00 AM",1,1,1,1,60,2,2,3,2,5
1668,2197,1228,969,0,50,"VIC","Regional","12:00 PM - 6:00 PM",0,0,1,2,120,2,3,10,8,18
1744,468,0,468,0,26,"WA","Regional","6:00 PM - 12:00 AM",1,1,1,1,78,2,3,6,4,10
1912,375,0,375,0,24,"NSW","Urban","6:00 PM - 12:00 AM",1,0,0,2,30,1,4,2,3,5
1016,1400,1079,321,1,39,"ACT","Urban","6:00 AM - 12:00 PM",1,1,0,3,90,2,2,10,8,18
482,236,0,236,0,47,"QLD","Regional","6:00 PM - 12:00 AM",1,1,1,3,162,1,2,6,7,13
1174,906,0,906,0,31,"VIC","Regional","6:00 AM - 12:00 PM",1,1,1,3,150,1,2,9,9,18
1953,3065,1909,1156,0,53,"WA","Urban","6:00 PM - 12:00 AM",0,1,0,2,72,2,3,3,2,5
1824,3735,2055,1680,1,52,"QLD","Urban","12:00 PM - 6:00 PM",1,0,1,3,126,4,3,8,10,18
286,1012,0,1012,0,30,"WA","Urban","12:00 AM - 6:00 AM",1,0,0,3,60,1,4,10,9,19
1830,3642,1979,1663,1,48,"NSW","Urban","6:00 PM - 12:00 AM",0,0,1,3,102,2,3,7,6,13
383,4353,2268,2085,0,57,"TAS","Urban","6:00 PM - 12:00 AM",0,0,0,3,96,2,3,7,7,14
181,3958,2064,1894,1,57,"ACT","Regional","12:00 AM - 6:00 AM",0,0,1,3,36,1,1,2,3,5
1440,2973,1626,1347,1,54,"NSW","Urban","6:00 AM - 12:00 PM",0,1,0,3,168,2,2,6,6,12
1471,1766,1430,336,1,38,"NSW","Regional","6:00 AM - 12:00 PM",0,1,1,2,66,1,2,8,7,15
332,183,0,183,0,21,"VIC","Urban","6:00 PM - 12:00 AM",1,1,0,1,60,1,3,6,9,15
629,247,0,247,0,49,"ACT","Urban","6:00 PM - 12:00 AM",0,1,0,2,84,1,3,8,8,16
89,195,0,195,0,25,"NSW","Urban","12:00 AM - 6:00 AM",0,1,0,2,96,1,2,6,5,11
599,1681,1448,233,0,35,"VIC","Urban","6:00 PM - 12:00 AM",1,1,1,3,24,2,3,4,5,9
1565,4008,2323,1685,1,45,"NSW","Urban","6:00 AM - 12:00 PM",0,1,0,2,96,4,2,10,10,20
106,1872,1637,235,1,30,"NSW","Urban","12:00 AM - 6:00 AM",1,0,0,1,168,1,4,9,8,17
732,4141,2422,1719,1,57,"NSW","Remote","6:00 PM - 12:00 AM",1,1,0,3,144,2,3,9,9,18
1687,3658,2111,1547,0,57,"NSW","Regional","6:00 PM - 12:00 AM",1,0,0,2,150,3,2,4,4,8
1210,269,0,269,0,52,"ACT","Remote","6:00 AM - 12:00 PM",1,1,0,1,168,1,4,1,5,6
36,754,0,754,0,31,"NT","Remote","12:00 PM - 6:00 PM",1,1,0,2,102,1,1,10,9,19
1359,218,0,218,0,24,"NSW","Urban","6:00 AM - 12:00 PM",0,1,0,3,120,1,2,8,7,15
781,277,0,277,1,50,"NSW","Urban","6:00 PM - 12:00 AM",1,0,0,3,72,1,3,6,7,13
129,336,0,336,0,20,"WA","Urban","12:00 AM - 6:00 AM",1,0,1,2,114,1,1,4,3,7
400,222,0,222,1,21,"NSW","Regional","6:00 PM - 12:00 AM",1,1,0,3,72,1,3,4,5,9
724,355,0,355,1,29,"NSW","Regional","12:00 PM - 6:00 PM",0,1,0,3,120,2,3,7,7,14
1870,2962,1678,1284,1,49,"QLD","Urban","6:00 PM - 12:00 AM",1,0,0,3,60,2,4,10,10,20
1,1922,1527,395,0,26,"WA","Urban","12:00 PM - 6:00 PM",1,1,1,3,174,2,3,2,6,8
744,3919,1880,2039,0,59,"VIC","Urban","6:00 PM - 12:00 AM",0,0,1,3,126,2,3,5,7,12
1253,367,0,367,0,29,"ACT","Remote","6:00 AM - 12:00 PM",1,1,0,3,156,2,4,2,2,4
381,547,0,547,0,45,"VIC","Urban","6:00 PM - 12:00 AM",1,1,0,3,84,1,3,6,4,10
1924,173,0,173,1,24,"QLD","Regional","12:00 PM - 6:00 PM",0,1,0,2,54,1,4,9,8,17
691,431,0,431,1,28,"WA","Urban","12:00 PM - 6:00 PM",0,1,0,3,60,2,4,10,10,20
536,726,0,726,0,33,"QLD","Urban","6:00 PM - 12:00 AM",0,1,0,2,54,1,3,10,8,18
1663,4563,2446,2117,1,58,"QLD","Regional","6:00 PM - 12:00 AM",0,0,0,3,90,4,2,10,9,19
879,1060,0,1060,1,44,"TAS","Urban","12:00 PM - 6:00 PM",0,1,0,3,180,1,3,4,4,8
514,3896,2272,1624,0,47,"NSW","Urban","6:00 PM - 12:00 AM",1,0,1,1,60,1,3,5,3,8
101,1721,1573,148,1,27,"VIC","Urban","12:00 AM - 6:00 AM",0,0,1,3,120,2,5,9,7,16
910,2141,1363,778,0,59,"WA","Remote","6:00 AM - 12:00 PM",0,0,0,2,30,1,5,7,7,14
1382,1536,1367,169,1,26,"QLD","Urban","6:00 AM - 12:00 PM",1,1,1,3,42,2,2,0,0,0
1674,4630,2099,2531,0,53,"VIC","Urban","6:00 PM - 12:00 AM",0,0,0,3,60,2,4,10,10,20
989,1565,1284,281,0,35,"VIC","Urban","6:00 AM - 12:00 PM",1,1,1,3,144,1,3,7,7,14
108,1020,0,1020,1,33,"NSW","Regional","12:00 AM - 6:00 AM",1,0,0,2,84,1,3,5,7,12
1124,3183,1982,1201,0,59,"QLD","Urban","6:00 AM - 12:00 PM",0,0,0,3,138,4,4,8,10,18
271,474,0,474,1,24,"NSW","Regional","12:00 AM - 6:00 AM",1,0,1,3,54,2,4,4,7,11
811,3117,1785,1332,0,49,"QLD","Regional","6:00 PM - 12:00 AM",0,0,1,3,84,4,4,10,10,20
909,1621,1423,198,0,30,"ACT","Urban","6:00 AM - 12:00 PM",1,1,0,1,162,1,2,2,0,2
1251,487,0,487,0,36,"QLD","Urban","6:00 AM - 12:00 PM",0,1,1,3,60,2,4,2,6,8
81,576,0,576,0,21,"QLD","Urban","12:00 AM - 6:00 AM",1,0,1,2,24,2,3,3,0,3
1014,2208,1824,384,1,53,"VIC","Urban","6:00 AM - 12:00 PM",0,1,0,3,78,1,2,1,4,5
1148,307,0,307,0,20,"NSW","Remote","6:00 AM - 12:00 PM",0,1,0,1,180,2,3,0,3,3
1988,147,0,147,0,25,"VIC","Urban","6:00 PM - 12:00 AM",1,1,0,3,72,1,1,5,5,10
278,2957,1657,1300,1,60,"NSW","Urban","12:00 AM - 6:00 AM",0,0,0,3,132,4,4,10,10,20
1559,297,0,297,1,22,"ACT","Urban","6:00 AM - 12:00 PM",1,1,0,3,30,2,4,4,0,4
1887,1488,0,1488,1,36,"NT","Urban","6:00 PM - 12:00 AM",0,0,0,3,12,1,2,5,4,9
88,162,0,162,1,23,"NSW","Regional","12:00 AM - 6:00 AM",1,0,1,3,102,1,2,8,6,14
690,4283,1978,2305,1,47,"SA","Urban","6:00 PM - 12:00 AM",0,1,0,3,150,4,3,7,7,14
888,1373,1137,236,1,21,"WA","Urban","6:00 AM - 12:00 PM",1,1,0,3,48,1,3,3,1,4
1275,1515,1326,189,1,35,"SA","Urban","6:00 AM - 12:00 PM",0,1,1,3,126,1,2,8,3,11
449,1729,1410,319,1,40,"NT","Urban","6:00 PM - 12:00 AM",1,1,0,3,72,1,5,6,5,11
386,848,0,848,0,44,"WA","Urban","6:00 PM - 12:00 AM",1,1,0,3,156,1,2,4,5,9
593,3291,1937,1354,1,58,"NSW","Remote","6:00 PM - 12:00 AM",0,0,0,1,114,4,1,6,2,8
939,1653,1513,140,1,27,"NSW","Regional","6:00 AM - 12:00 PM",1,1,1,3,138,2,3,10,10,20
1026,196,0,196,0,59,"VIC","Urban","6:00 AM - 12:00 PM",1,1,0,3,108,1,3,10,9,19
1216,535,0,535,0,26,"NT","Urban","6:00 AM - 12:00 PM",0,1,0,3,30,2,3,2,2,4
1478,3236,1554,1682,1,54,"VIC","Urban","6:00 AM - 12:00 PM",0,0,0,1,108,1,5,5,6,11
1525,3042,1690,1352,0,46,"NSW","Regional","6:00 AM - 12:00 PM",0,0,0,1,114,4,2,8,10,18
761,3196,1795,1401,0,47,"NSW","Urban","6:00 PM - 12:00 AM",0,0,0,1,174,4,4,3,7,10
1181,3757,1973,1784,1,46,"QLD","Regional","6:00 AM - 12:00 PM",1,0,0,3,66,1,3,3,5,8
334,3589,2011,1578,0,49,"WA","Regional","6:00 PM - 12:00 AM",0,0,1,3,102,3,3,9,8,17
964,431,0,431,1,39,"WA","Remote","6:00 AM - 12:00 PM",1,1,0,3,84,2,4,10,7,17
1206,1454,1269,185,1,35,"NT","Urban","6:00 AM - 12:00 PM",1,1,1,3,156,2,4,10,10,20
926,1286,0,1286,1,50,"QLD","Urban","6:00 AM - 12:00 PM",0,1,0,1,90,2,2,7,7,14
868,4795,2624,2171,0,51,"NSW","Urban","12:00 PM - 6:00 PM",1,0,0,3,66,2,3,10,9,19
166,4337,2095,2242,0,53,"WA","Regional","12:00 AM - 6:00 AM",0,0,1,3,168,4,3,4,4,8
1984,2822,1487,1335,1,36,"NSW","Urban","6:00 PM - 12:00 AM",0,1,0,3,138,2,2,10,7,17
717,440,0,440,0,20,"NSW","Regional","6:00 PM - 12:00 AM",0,0,1,2,72,1,3,10,8,18
369,4152,2281,1871,1,60,"QLD","Urban","12:00 PM - 6:00 PM",0,0,0,2,36,1,3,3,3,6
1657,936,0,936,1,39,"NSW","Regional","12:00 PM - 6:00 PM",0,1,0,3,114,1,4,9,10,19
1166,2910,1494,1416,1,50,"TAS","Urban","6:00 AM - 12:00 PM",1,0,1,3,42,1,2,9,5,14
69,214,0,214,1,18,"NT","Regional","12:00 PM - 6:00 PM",1,1,0,3,126,1,2,7,7,14
1528,788,0,788,0,24,"NSW","Regional","6:00 AM - 12:00 PM",1,1,0,3,84,1,3,8,7,15
193,215,0,215,0,51,"NSW","Regional","12:00 AM - 6:00 AM",1,0,0,2,84,1,3,10,10,20
1289,4260,2006,2254,0,47,"WA","Remote","6:00 AM - 12:00 PM",0,0,1,3,102,4,4,4,7,11
1873,2667,1718,949,1,33,"WA","Urban","6:00 PM - 12:00 AM",0,0,0,1,132,1,4,10,8,18
282,3499,1921,1578,0,45,"NT","Urban","12:00 AM - 6:00 AM",0,1,0,2,66,3,3,6,5,11
1601,1710,1437,273,1,37,"TAS","Urban","6:00 AM - 12:00 PM",1,0,0,3,174,1,2,5,2,7
501,196,0,196,1,30,"TAS","Regional","6:00 PM - 12:00 AM",0,1,1,1,78,1,4,10,10,20
502,390,0,390,0,24,"NSW","Urban","12:00 PM - 6:00 PM",0,1,0,3,42,1,3,3,0,3
869,3620,2083,1537,0,47,"NT","Remote","6:00 PM - 12:00 AM",0,1,0,3,132,2,3,10,10,20
693,2970,1594,1376,0,42,"WA","Urban","6:00 PM - 12:00 AM",1,0,1,3,126,3,2,9,8,17
1307,294,0,294,0,24,"NT","Urban","6:00 AM - 12:00 PM",1,1,1,1,66,2,3,6,6,12
193,215,0,215,0,51,"NSW","Regional","12:00 AM - 6:00 AM",1,0,0,2,84,1,3,10,10,20
1017,2026,1563,463,0,58,"NT","Urban","6:00 AM - 12:00 PM",0,1,0,3,72,1,2,7,7,14
694,2925,1662,1263,1,44,"NSW","Urban","6:00 PM - 12:00 AM",1,1,1,3,150,4,3,5,2,7
466,1973,1779,194,0,41,"NSW","Urban","6:00 PM - 12:00 AM",1,1,0,2,114,1,3,9,9,18
1085,1997,1572,425,0,41,"VIC","Urban","6:00 AM - 12:00 PM",1,1,0,3,96,2,2,6,7,13
578,413,0,413,1,29,"NSW","Urban","6:00 PM - 12:00 AM",1,1,1,2,156,1,2,9,4,13
1017,2026,1563,463,0,58,"NT","Urban","6:00 AM - 12:00 PM",0,1,0,3,72,1,2,7,7,14
882,383,0,383,0,24,"QLD","Urban","6:00 AM - 12:00 PM",1,1,0,3,144,1,4,3,5,8
1691,793,0,793,0,39,"NSW","Regional","12:00 PM - 6:00 PM",0,1,0,2,108,2,2,7,7,14
1690,2707,1737,970,1,41,"QLD","Urban","6:00 PM - 12:00 AM",1,1,1,3,126,3,2,4,8,12
694,2925,1662,1263,1,44,"NSW","Urban","6:00 PM - 12:00 AM",1,1,1,3,150,4,3,5,2,7
413,4344,2448,1896,1,57,"VIC","Regional","12:00 PM - 6:00 PM",0,0,0,2,84,2,4,10,10,20
945,2401,2145,256,1,59,"VIC","Urban","6:00 AM - 12:00 PM",0,1,1,1,78,1,3,9,8,17
875,3631,2010,1621,1,59,"NSW","Regional","6:00 PM - 12:00 AM",0,0,0,3,150,1,5,7,7,14
1566,3982,2027,1955,0,58,"NSW","Regional","6:00 AM - 12:00 PM",0,0,0,2,12,1,3,2,0,2
593,3291,1937,1354,1,58,"NSW","Remote","6:00 PM - 12:00 AM",0,0,0,1,114,4,1,6,2,8
1202,1693,1468,225,1,40,"VIC","Regional","12:00 PM - 6:00 PM",0,1,0,3,168,1,3,5,7,12
1424,906,0,906,0,26,"NSW","Urban","12:00 PM - 6:00 PM",1,1,0,3,18,2,1,2,0,2
1017,2026,1563,463,0,58,"NT","Urban","6:00 AM - 12:00 PM",0,1,0,3,72,1,2,7,7,14
1964,3204,1704,1500,0,60,"VIC","Urban","6:00 PM - 12:00 AM",0,0,0,1,60,1,3,7,8,15
661,1487,0,1487,1,40,"NSW","Urban","6:00 PM - 12:00 AM",1,1,1,2,162,2,2,6,7,13
1401,373,0,373,1,24,"TAS","Urban","6:00 AM - 12:00 PM",0,0,0,3,120,1,3,7,7,14
1447,270,0,270,1,22,"ACT","Urban","12:00 PM - 6:00 PM",1,1,1,2,24,2,3,4,1,5
1082,3690,1952,1738,0,52,"NSW","Regional","6:00 AM - 12:00 PM",0,0,1,3,132,2,2,5,5,10
859,360,0,360,1,22,"WA","Urban","6:00 PM - 12:00 AM",1,0,1,3,150,2,2,7,3,10
1681,3455,1843,1612,1,50,"NSW","Urban","6:00 PM - 12:00 AM",0,0,0,3,120,4,4,8,6,14
1732,3481,1736,1745,1,59,"SA","Urban","6:00 PM - 12:00 AM",1,0,0,3,72,4,3,7,9,16
704,929,0,929,0,30,"NSW","Urban","6:00 PM - 12:00 AM",0,0,0,2,156,1,3,8,5,13
1524,973,0,973,1,26,"NSW","Urban","12:00 PM - 6:00 PM",1,1,0,2,96,2,4,8,10,18
1015,287,0,287,0,23,"VIC","Urban","6:00 AM - 12:00 PM",1,1,1,3,180,2,4,1,1,2
904,511,0,511,1,23,"WA","Regional","6:00 AM - 12:00 PM",1,1,0,2,96,2,3,8,7,15
1385,384,0,384,0,23,"NSW","Urban","6:00 AM - 12:00 PM",1,1,0,3,12,1,4,1,0,1
1519,1741,1574,167,0,27,"QLD","Regional","6:00 AM - 12:00 PM",1,1,0,3,12,2,2,0,0,0
752,1409,0,1409,1,35,"VIC","Regional","6:00 PM - 12:00 AM",1,1,1,2,66,1,4,5,9,14
1536,4579,2334,2245,0,41,"NSW","Urban","6:00 AM - 12:00 PM",0,0,0,2,12,3,2,3,2,5
1686,3716,2157,1559,0,54,"NT","Urban","6:00 PM - 12:00 AM",0,0,0,2,120,2,2,10,10,20
513,3710,2013,1697,0,58,"QLD","Remote","12:00 PM - 6:00 PM",0,0,1,1,48,2,2,9,10,19
1881,2967,1773,1194,0,50,"SA","Regional","6:00 PM - 12:00 AM",0,0,0,3,138,2,2,10,10,20
559,216,0,216,1,20,"NSW","Urban","6:00 PM - 12:00 AM",0,1,0,3,162,1,2,8,8,16
1542,3001,1601,1400,0,40,"NSW","Regional","6:00 AM - 12:00 PM",0,1,1,3,162,2,3,3,5,8
1031,273,0,273,1,50,"VIC","Urban","6:00 AM - 12:00 PM",1,1,0,3,114,1,3,10,10,20
1185,1688,1552,136,0,43,"NSW","Urban","6:00 AM - 12:00 PM",1,1,0,3,84,1,1,6,2,8
139,1309,1165,144,0,20,"QLD","Urban","12:00 AM - 6:00 AM",1,0,0,3,108,1,4,9,10,19
159,3191,1643,1548,1,44,"NSW","Urban","12:00 AM - 6:00 AM",0,0,1,1,102,3,2,10,9,19
747,194,0,194,1,24,"TAS","Regional","6:00 PM - 12:00 AM",1,0,1,3,36,1,5,9,9,18
1415,3168,1786,1382,0,42,"VIC","Urban","6:00 AM - 12:00 PM",1,0,1,2,162,1,2,8,6,14
628,2307,1656,651,1,43,"VIC","Urban","6:00 PM - 12:00 AM",1,1,1,3,162,2,3,8,5,13
1996,3285,1968,1317,0,42,"TAS","Urban","6:00 PM - 12:00 AM",0,0,0,1,168,1,3,6,10,16
1687,3658,2111,1547,0,57,"NSW","Regional","6:00 PM - 12:00 AM",1,0,0,2,150,3,2,4,4,8
425,337,0,337,0,28,"NSW","Urban","6:00 PM - 12:00 AM",1,1,0,2,114,1,3,10,10,20
690,4283,1978,2305,1,47,"SA","Urban","6:00 PM - 12:00 AM",0,1,0,3,150,4,3,7,7,14
1699,3645,1756,1889,0,49,"NSW","Regional","6:00 PM - 12:00 AM",0,0,1,2,180,2,3,5,9,14
102,715,0,715,1,39,"VIC","Urban","12:00 PM - 6:00 PM",1,1,1,3,144,2,3,5,6,11
1554,3561,1676,1885,1,44,"VIC","Urban","6:00 AM - 12:00 PM",0,0,1,2,120,3,4,8,8,16
523,328,0,328,0,29,"NSW","Urban","6:00 PM - 12:00 AM",1,1,0,3,162,2,2,3,6,9
1932,4102,2313,1789,0,55,"NSW","Urban","6:00 PM - 12:00 AM",0,0,1,3,72,3,3,10,9,19
1235,210,0,210,1,24,"NSW","Remote","6:00 AM - 12:00 PM",1,1,0,2,126,1,4,4,8,12
1681,3455,1843,1612,1,50,"NSW","Urban","6:00 PM - 12:00 AM",0,0,0,3,120,4,4,8,6,14
1784,423,0,423,1,26,"NSW","Remote","6:00 PM - 12:00 AM",0,1,1,3,66,1,3,10,10,20
971,231,0,231,0,24,"VIC","Urban","6:00 AM - 12:00 PM",1,1,0,3,180,1,2,5,2,7
930,414,0,414,0,21,"TAS","Urban","6:00 AM - 12:00 PM",1,1,1,1,180,2,3,2,0,2
857,3759,2216,1543,1,53,"QLD","Urban","12:00 PM - 6:00 PM",1,0,1,2,132,3,3,10,9,19
1654,2870,1607,1263,0,51,"NSW","Urban","6:00 PM - 12:00 AM",0,0,0,3,114,4,2,4,8,12
108,1020,0,1020,1,33,"NSW","Regional","12:00 AM - 6:00 AM",1,0,0,2,84,1,3,5,7,12
662,3218,1741,1477,0,52,"NSW","Urban","6:00 PM - 12:00 AM",1,1,0,3,120,3,3,5,4,9
1941,3957,2094,1863,1,47,"NSW","Urban","6:00 PM - 12:00 AM",1,1,0,3,42,2,2,1,0,1
756,2110,1884,226,0,36,"TAS","Urban","6:00 PM - 12:00 AM",1,1,1,3,180,2,2,2,1,3
107,221,0,221,0,55,"ACT","Urban","12:00 AM - 6:00 AM",0,1,0,3,78,1,2,5,4,9
1422,3665,2071,1594,0,41,"ACT","Remote","6:00 AM - 12:00 PM",0,1,0,3,120,1,3,9,8,17
68,417,0,417,1,22,"NSW","Urban","12:00 AM - 6:00 AM",1,1,0,3,108,2,2,5,5,10
1152,4519,2550,1969,1,50,"NSW","Urban","6:00 AM - 12:00 PM",0,0,1,3,150,1,3,3,3,6
269,184,0,184,1,21,"NT","Urban","12:00 PM - 6:00 PM",1,1,0,1,72,1,3,3,2,5
882,383,0,383,0,24,"QLD","Urban","6:00 AM - 12:00 PM",1,1,0,3,144,1,4,3,5,8
1584,3932,2046,1886,0,57,"TAS","Urban","6:00 AM - 12:00 PM",0,1,0,2,90,3,4,9,8,17
162,4392,2426,1966,0,44,"NSW","Urban","12:00 AM - 6:00 AM",0,0,0,1,36,2,3,7,10,17
1848,288,0,288,1,27,"NT","Urban","6:00 PM - 12:00 AM",0,1,0,3,108,1,2,7,6,13
20,217,0,217,1,25,"NSW","Urban","12:00 AM - 6:00 AM",1,1,0,3,174,1,2,6,2,8
536,726,0,726,0,33,"QLD","Urban","6:00 PM - 12:00 AM",0,1,0,2,54,1,3,10,8,18
1806,222,0,222,1,23,"NSW","Urban","6:00 PM - 12:00 AM",0,1,0,3,66,1,3,7,4,11
1311,428,0,428,1,28,"NT","Urban","6:00 AM - 12:00 PM",1,1,0,2,138,1,2,3,5,8
1485,761,0,761,1,28,"NSW","Urban","6:00 AM - 12:00 PM",1,1,1,3,60,1,2,7,5,12
704,929,0,929,0,30,"NSW","Urban","6:00 PM - 12:00 AM",0,0,0,2,156,1,3,8,5,13
1835,2606,1751,855,0,44,"ACT","Urban","12:00 PM - 6:00 PM",0,1,0,3,120,1,4,6,7,13
1329,382,0,382,1,21,"NSW","Regional","6:00 AM - 12:00 PM",1,1,0,3,54,2,3,6,5,11
1299,307,0,307,1,22,"NSW","Regional","6:00 AM - 12:00 PM",1,1,0,3,126,1,3,8,8,16
949,481,0,481,0,40,"SA","Urban","6:00 AM - 12:00 PM",1,1,0,1,30,2,3,1,0,1
243,4030,1844,2186,0,50,"VIC","Urban","12:00 AM - 6:00 AM",0,0,0,3,12,3,4,3,3,6
234,201,0,201,0,35,"NT","Urban","12:00 AM - 6:00 AM",1,0,0,2,90,1,2,4,8,12
1640,430,0,430,0,23,"ACT","Regional","6:00 PM - 12:00 AM",1,1,1,3,48,1,4,8,10,18
398,645,0,645,1,45,"SA","Urban","6:00 PM - 12:00 AM",1,1,0,3,72,2,2,4,3,7
1638,181,0,181,1,41,"VIC","Urban","6:00 PM - 12:00 AM",1,1,1,3,90,1,3,10,10,20
115,3119,1791,1328,1,51,"NSW","Remote","12:00 AM - 6:00 AM",0,0,0,1,150,2,3,7,5,12
1757,271,0,271,1,23,"SA","Regional","12:00 PM - 6:00 PM",0,1,1,3,132,1,3,10,9,19
645,216,0,216,0,58,"ACT","Urban","6:00 PM - 12:00 AM",0,1,0,3,78,1,2,4,7,11
585,3519,1850,1669,0,59,"NT","Regional","6:00 PM - 12:00 AM",0,0,0,3,24,3,3,6,7,13
118,178,0,178,0,21,"VIC","Urban","12:00 AM - 6:00 AM",0,0,0,3,36,1,3,8,8,16
19,3387,2250,1137,0,58,"NSW","Urban","12:00 AM - 6:00 AM",1,0,0,1,60,4,3,4,5,9
1337,3747,1704,2043,1,48,"NSW","Urban","6:00 AM - 12:00 PM",0,0,0,3,138,4,2,4,8,12
68,417,0,417,1,22,"NSW","Urban","12:00 AM - 6:00 AM",1,1,0,3,108,2,2,5,5,10
1788,3757,2137,1620,1,50,"NT","Remote","6:00 PM - 12:00 AM",1,0,1,3,54,4,3,8,10,18
1657,936,0,936,1,39,"NSW","Regional","12:00 PM - 6:00 PM",0,1,0,3,114,1,4,9,10,19
1680,948,0,948,1,30,"QLD","Urban","12:00 PM - 6:00 PM",0,1,1,3,174,2,2,4,2,6
368,458,0,458,0,28,"ACT","Urban","6:00 PM - 12:00 AM",1,1,1,2,120,1,3,8,8,16
1901,3094,1664,1430,0,47,"ACT","Urban","6:00 PM - 12:00 AM",1,0,1,1,168,4,4,8,7,15
235,1709,1490,219,0,34,"NT","Urban","12:00 AM - 6:00 AM",1,0,0,3,24,2,2,5,5,10
974,2457,2183,274,0,58,"ACT","Remote","6:00 AM - 12:00 PM",0,0,0,1,12,4,3,4,7,11
1260,3003,1676,1327,0,56,"QLD","Urban","6:00 AM - 12:00 PM",1,0,0,1,114,2,1,8,6,14
761,3196,1795,1401,0,47,"NSW","Urban","6:00 PM - 12:00 AM",0,0,0,1,174,4,4,3,7,10
1229,434,0,434,1,26,"NSW","Regional","6:00 AM - 12:00 PM",1,1,1,3,102,1,2,4,4,8
86,1353,1106,247,1,22,"NSW","Urban","12:00 AM - 6:00 AM",0,1,0,1,48,2,4,6,2,8
1482,1557,0,1557,0,31,"QLD","Regional","6:00 AM - 12:00 PM",1,0,0,3,96,2,2,7,2,9
1139,620,0,620,0,38,"NSW","Remote","6:00 AM - 12:00 PM",1,1,0,3,162,1,2,7,6,13
333,1600,0,1600,0,50,"VIC","Urban","6:00 PM - 12:00 AM",1,1,0,3,114,3,2,7,6,13
334,3589,2011,1578,0,49,"WA","Regional","6:00 PM - 12:00 AM",0,0,1,3,102,3,3,9,8,17
1320,2926,1708,1218,1,48,"VIC","Regional","6:00 AM - 12:00 PM",1,0,0,2,144,2,3,10,9,19
315,2567,1500,1067,1,56,"VIC","Urban","6:00 PM - 12:00 AM",0,1,1,3,90,3,2,9,8,17
1482,1557,0,1557,0,31,"QLD","Regional","6:00 AM - 12:00 PM",1,0,0,3,96,2,2,7,2,9
521,2935,1641,1294,1,44,"QLD","Regional","6:00 PM - 12:00 AM",0,1,0,3,132,2,2,8,7,15
1111,3945,1992,1953,0,57,"WA","Urban","6:00 AM - 12:00 PM",0,0,1,2,66,1,4,10,10,20
300,177,0,177,1,53,"NSW","Regional","12:00 AM - 6:00 AM",1,0,0,3,42,1,4,3,3,6
1277,3056,1652,1404,1,52,"TAS","Regional","6:00 AM - 12:00 PM",1,0,0,3,120,1,2,7,5,12
1346,1474,1184,290,1,26,"WA","Urban","6:00 AM - 12:00 PM",0,1,1,1,138,2,3,8,7,15
417,1937,1595,342,1,42,"VIC","Urban","6:00 PM - 12:00 AM",0,1,0,2,162,2,3,3,7,10
456,256,0,256,1,56,"NSW","Urban","6:00 PM - 12:00 AM",0,1,0,2,30,1,3,3,2,5
1569,624,0,624,1,35,"NSW","Urban","12:00 PM - 6:00 PM",0,1,0,3,174,1,2,0,0,0
1983,195,0,195,1,24,"NSW","Urban","6:00 PM - 12:00 AM",1,1,1,3,66,1,4,6,6,12
1716,1328,0,1328,1,41,"NSW","Urban","6:00 PM - 12:00 AM",0,1,0,3,90,1,2,10,10,20
209,153,0,153,1,30,"VIC","Urban","12:00 AM - 6:00 AM",1,1,0,3,150,1,2,6,6,12
13,407,0,407,0,21,"SA","Urban","12:00 AM - 6:00 AM",1,1,0,2,120,1,4,8,7,15
1943,991,0,991,1,35,"NSW","Urban","6:00 PM - 12:00 AM",0,0,0,3,48,2,3,9,9,18
437,3174,1854,1320,1,52,"NSW","Urban","6:00 PM - 12:00 AM",0,0,0,3,114,2,2,5,4,9
1245,1010,0,1010,1,42,"QLD","Urban","6:00 AM - 12:00 PM",0,1,0,3,108,2,3,4,3,7
149,4054,2194,1860,0,58,"NSW","Urban","12:00 AM - 6:00 AM",0,1,0,3,42,1,3,2,3,5
1216,535,0,535,0,26,"NT","Urban","6:00 AM - 12:00 PM",0,1,0,3,30,2,3,2,2,4
1663,4563,2446,2117,1,58,"QLD","Regional","6:00 PM - 12:00 AM",0,0,0,3,90,4,2,10,9,19
1678,3788,2127,1661,1,49,"NSW","Regional","6:00 PM - 12:00 AM",0,0,0,3,96,3,3,8,10,18
751,3380,1900,1480,0,59,"TAS","Urban","6:00 PM - 12:00 AM",0,0,0,1,120,3,3,6,5,11
1905,3961,2039,1922,1,44,"NSW","Remote","6:00 PM - 12:00 AM",0,0,0,3,132,2,3,4,4,8
1907,1974,1543,431,1,37,"NSW","Regional","6:00 PM - 12:00 AM",1,1,0,3,144,2,2,2,1,3
393,1518,0,1518,0,41,"SA","Remote","6:00 PM - 12:00 AM",1,1,1,3,168,1,4,8,7,15
569,3527,2169,1358,1,50,"NSW","Regional","12:00 PM - 6:00 PM",0,0,1,2,126,1,4,10,10,20
704,929,0,929,0,30,"NSW","Urban","6:00 PM - 12:00 AM",0,0,0,2,156,1,3,8,5,13
1162,370,0,370,1,20,"ACT","Regional","6:00 AM - 12:00 PM",1,1,0,2,84,1,2,9,9,18
1301,3579,1751,1828,1,58,"NSW","Urban","6:00 AM - 12:00 PM",0,0,0,3,138,2,3,6,3,9
1138,4713,2072,2641,0,46,"ACT","Urban","6:00 AM - 12:00 PM",0,0,0,2,114,3,2,5,5,10
1036,188,0,188,1,54,"WA","Urban","6:00 AM - 12:00 PM",1,1,0,3,156,1,3,3,7,10
50,194,0,194,0,38,"VIC","Regional","12:00 AM - 6:00 AM",0,1,0,2,48,1,4,4,5,9
1463,3110,1698,1412,1,59,"SA","Regional","6:00 AM - 12:00 PM",0,0,0,3,138,3,3,10,6,16
396,3683,2037,1646,0,47,"NSW","Urban","6:00 PM - 12:00 AM",0,0,1,2,162,3,2,7,5,12
111,2447,1669,778,0,38,"TAS","Urban","12:00 AM - 6:00 AM",0,1,0,3,108,1,3,10,9,19
325,1254,0,1254,1,34,"TAS","Urban","6:00 PM - 12:00 AM",1,1,0,3,12,2,3,3,3,6
1023,246,0,246,1,55,"VIC","Urban","6:00 AM - 12:00 PM",1,1,1,2,36,1,5,2,2,4
716,285,0,285,1,56,"SA","Urban","6:00 PM - 12:00 AM",0,1,1,3,24,1,4,0,0,0
1354,264,0,264,1,21,"NT","Urban","6:00 AM - 12:00 PM",0,1,0,2,30,1,4,5,5,10
820,3293,1633,1660,1,50,"NSW","Regional","6:00 PM - 12:00 AM",0,0,1,3,96,3,3,9,9,18
1229,434,0,434,1,26,"NSW","Regional","6:00 AM - 12:00 PM",1,1,1,3,102,1,2,4,4,8
95,438,0,438,1,21,"NSW","Urban","12:00 AM - 6:00 AM",1,0,0,3,168,2,3,3,2,5
273,3301,1992,1309,1,40,"NT","Urban","12:00 AM - 6:00 AM",0,0,1,3,72,2,4,5,5,10
650,3915,2296,1619,0,56,"ACT","Urban","6:00 PM - 12:00 AM",1,0,0,3,162,2,3,1,0,1
1516,329,0,329,0,24,"VIC","Urban","6:00 AM - 12:00 PM",1,1,1,1,78,2,3,9,9,18
1826,2902,1699,1203,1,50,"ACT","Urban","6:00 PM - 12:00 AM",1,0,0,3,96,3,3,10,10,20
1572,257,0,257,1,53,"SA","Urban","6:00 AM - 12:00 PM",1,0,0,1,150,1,3,4,4,8
1110,228,0,228,1,52,"QLD","Urban","6:00 AM - 12:00 PM",1,1,0,1,24,1,2,8,3,11
1744,468,0,468,0,26,"WA","Regional","6:00 PM - 12:00 AM",1,1,1,1,78,2,3,6,4,10
1622,1441,0,1441,0,48,"VIC","Urban","6:00 PM - 12:00 AM",0,0,0,3,66,1,3,10,10,20
396,3683,2037,1646,0,47,"NSW","Urban","6:00 PM - 12:00 AM",0,0,1,2,162,3,2,7,5,12
291,237,0,237,1,21,"VIC","Urban","12:00 PM - 6:00 PM",1,1,0,1,18,1,2,2,0,2
1854,4296,2417,1879,0,46,"VIC","Remote","6:00 PM - 12:00 AM",1,0,1,2,150,4,2,9,6,15
1701,1505,1311,194,0,38,"VIC","Urban","6:00 PM - 12:00 AM",1,1,1,3,168,1,4,7,5,12
1286,816,0,816,0,38,"NT","Urban","6:00 AM - 12:00 PM",0,1,0,3,120,1,3,4,4,8
1939,964,0,964,0,27,"NSW","Regional","6:00 PM - 12:00 AM",0,0,0,2,144,2,3,10,10,20
1389,199,0,199,0,34,"VIC","Regional","6:00 AM - 12:00 PM",1,1,0,3,162,1,2,7,6,13
920,2744,1376,1368,1,57,"VIC","Urban","6:00 AM - 12:00 PM",0,1,0,3,168,3,3,6,5,11
1125,401,0,401,1,29,"VIC","Remote","12:00 PM - 6:00 PM",1,1,1,3,54,2,2,10,9,19
1863,659,0,659,1,34,"NSW","Urban","6:00 PM - 12:00 AM",0,1,1,1,120,2,3,8,8,16
1463,3110,1698,1412,1,59,"SA","Regional","6:00 AM - 12:00 PM",0,0,0,3,138,3,3,10,6,16
744,3919,1880,2039,0,59,"VIC","Urban","6:00 PM - 12:00 AM",0,0,1,3,126,2,3,5,7,12
459,4704,2548,2156,0,46,"NSW","Regional","6:00 PM - 12:00 AM",1,0,0,3,90,3,2,5,8,13
65,406,0,406,0,23,"NT","Urban","12:00 AM - 6:00 AM",1,1,0,3,102,2,3,8,5,13
1671,4215,2317,1898,1,57,"ACT","Urban","6:00 PM - 12:00 AM",0,0,0,3,42,2,4,6,6,12
186,2968,1748,1220,1,43,"SA","Urban","12:00 AM - 6:00 AM",0,0,1,3,168,4,5,5,5,10
1981,4142,1920,2222,1,56,"QLD","Urban","6:00 PM - 12:00 AM",0,0,1,1,24,3,1,8,4,12
793,446,0,446,0,20,"NSW","Urban","6:00 PM - 12:00 AM",1,1,0,1,138,1,1,4,5,9
597,518,0,518,1,31,"NSW","Urban","6:00 PM - 12:00 AM",0,1,0,3,90,1,2,10,10,20
370,158,0,158,0,27,"VIC","Urban","6:00 PM - 12:00 AM",1,1,1,3,90,1,4,4,7,11
1469,317,0,317,1,21,"TAS","Urban","12:00 PM - 6:00 PM",1,1,1,1,156,2,4,6,6,12
1916,3536,1833,1703,1,54,"NT","Urban","6:00 PM - 12:00 AM",0,1,0,3,24,1,2,4,8,12
69,214,0,214,1,18,"NT","Regional","12:00 PM - 6:00 PM",1,1,0,3,126,1,2,7,7,14
859,360,0,360,1,22,"WA","Urban","6:00 PM - 12:00 AM",1,0,1,3,150,2,2,7,3,10
243,4030,1844,2186,0,50,"VIC","Urban","12:00 AM - 6:00 AM",0,0,0,3,12,3,4,3,3,6
1408,1540,1234,306,1,27,"ACT","Regional","6:00 AM - 12:00 PM",1,0,0,3,84,2,4,3,5,8
1488,217,0,217,0,21,"ACT","Regional","6:00 AM - 12:00 PM",1,1,1,3,108,1,2,10,8,18
1279,3939,2348,1591,0,46,"NSW","Urban","6:00 AM - 12:00 PM",0,0,1,3,60,4,4,6,5,11
753,4461,2163,2298,0,41,"NSW","Regional","6:00 PM - 12:00 AM",0,0,0,2,12,4,4,7,4,11
893,1465,0,1465,1,43,"QLD","Urban","6:00 AM - 12:00 PM",1,1,0,1,126,4,2,6,4,10
1515,3077,1855,1222,0,58,"WA","Urban","6:00 AM - 12:00 PM",0,0,0,2,102,3,3,9,10,19
833,183,0,183,0,37,"VIC","Urban","6:00 PM - 12:00 AM",1,0,1,2,66,1,3,9,8,17
1704,294,0,294,0,23,"NSW","Urban","6:00 PM - 12:00 AM",0,1,1,3,102,1,2,4,5,9
219,3973,1995,1978,1,55,"VIC","Regional","12:00 AM - 6:00 AM",0,0,0,3,12,1,1,1,0,1
1666,281,0,281,0,23,"NSW","Regional","6:00 PM - 12:00 AM",1,1,1,3,36,1,2,8,8,16
474,216,0,216,1,29,"NSW","Remote","6:00 PM - 12:00 AM",1,1,0,3,156,1,2,3,2,5
1520,1494,1378,116,1,26,"WA","Urban","6:00 AM - 12:00 PM",1,1,0,3,132,1,2,2,2,4
439,4782,2342,2440,1,57,"NSW","Urban","6:00 PM - 12:00 AM",1,0,1,2,126,4,2,8,3,11
1849,3526,2157,1369,1,46,"ACT","Urban","6:00 PM - 12:00 AM",1,0,1,1,156,2,5,6,10,16
725,3234,1997,1237,0,49,"NSW","Urban","6:00 PM - 12:00 AM",0,0,1,3,12,4,2,0,0,0
1988,147,0,147,0,25,"VIC","Urban","6:00 PM - 12:00 AM",1,1,0,3,72,1,1,5,5,10
1049,1950,1458,492,0,49,"NT","Urban","6:00 AM - 12:00 PM",0,1,0,3,114,1,1,6,5,11
1808,3850,2067,1783,0,52,"VIC","Remote","6:00 PM - 12:00 AM",0,0,0,2,60,1,2,7,10,17
330,607,0,607,0,21,"VIC","Regional","6:00 PM - 12:00 AM",1,1,1,2,78,2,4,7,2,9
1098,2037,1526,511,1,40,"VIC","Urban","6:00 AM - 12:00 PM",1,1,0,3,162,1,3,0,3,3
1481,4394,2437,1957,0,58,"TAS","Urban","6:00 AM - 12:00 PM",0,0,1,2,114,1,3,10,10,20
541,1689,1492,197,0,31,"VIC","Urban","6:00 PM - 12:00 AM",1,1,1,3,108,2,3,8,8,16
644,3804,2217,1587,0,42,"ACT","Regional","6:00 PM - 12:00 AM",0,0,0,2,156,2,3,5,4,9
1014,2208,1824,384,1,53,"VIC","Urban","6:00 AM - 12:00 PM",0,1,0,3,78,1,2,1,4,5
1368,229,0,229,1,24,"WA","Urban","6:00 AM - 12:00 PM",1,1,1,3,42,1,4,8,10,18
850,3487,1991,1496,1,46,"NSW","Urban","6:00 PM - 12:00 AM",0,0,1,2,72,1,3,6,5,11
38,209,0,209,1,48,"TAS","Urban","12:00 AM - 6:00 AM",0,1,0,1,150,1,3,8,8,16
779,1482,1256,226,0,26,"VIC","Urban","12:00 PM - 6:00 PM",1,1,1,1,48,1,3,3,2,5
1991,2267,2031,236,0,36,"WA","Urban","6:00 PM - 12:00 AM",1,1,0,2,96,2,3,3,4,7
348,1022,0,1022,0,41,"SA","Regional","6:00 PM - 12:00 AM",1,1,0,2,54,1,3,9,9,18
1145,1091,0,1091,1,45,"NT","Regional","6:00 AM - 12:00 PM",1,1,1,2,66,2,4,10,10,20
47,1030,0,1030,1,31,"VIC","Urban","12:00 PM - 6:00 PM",1,1,0,2,162,2,2,4,7,11
755,1768,1482,286,0,33,"NSW","Urban","6:00 PM - 12:00 AM",1,1,1,3,72,1,3,10,10,20
1592,1950,1433,517,0,33,"QLD","Regional","6:00 AM - 12:00 PM",1,0,1,3,126,1,3,8,10,18
84,198,0,198,0,22,"NSW","Urban","12:00 AM - 6:00 AM",0,0,1,3,144,1,2,9,8,17
1082,3690,1952,1738,0,52,"NSW","Regional","6:00 AM - 12:00 PM",0,0,1,3,132,2,2,5,5,10
1046,329,0,329,0,22,"ACT","Urban","12:00 PM - 6:00 PM",1,1,1,3,24,1,2,2,0,2
1698,3101,1842,1259,0,60,"SA","Urban","6:00 PM - 12:00 AM",0,0,1,3,36,3,2,10,7,17
637,3261,1706,1555,0,47,"QLD","Remote","6:00 PM - 12:00 AM",0,0,0,3,66,2,4,10,10,20
1295,3517,1883,1634,1,47,"SA","Urban","6:00 AM - 12:00 PM",1,0,1,2,72,4,4,6,4,10
63,342,0,342,1,25,"QLD","Regional","12:00 AM - 6:00 AM",0,1,1,3,150,1,2,3,6,9
1702,1544,1263,281,1,38,"TAS","Urban","12:00 PM - 6:00 PM",0,1,0,3,90,1,2,3,6,9
424,612,0,612,0,38,"SA","Urban","12:00 PM - 6:00 PM",1,1,1,3,162,1,4,3,3,6
443,4651,2450,2201,0,46,"SA","Remote","6:00 PM - 12:00 AM",0,0,0,1,156,4,2,5,5,10
1745,4514,2412,2102,1,50,"VIC","Urban","6:00 PM - 12:00 AM",0,0,1,3,150,2,3,5,4,9
896,846,0,846,0,38,"TAS","Urban","6:00 AM - 12:00 PM",1,1,0,3,48,1,2,2,1,3
1277,3056,1652,1404,1,52,"TAS","Regional","6:00 AM - 12:00 PM",1,0,0,3,120,1,2,7,5,12
1107,3031,1782,1249,1,58,"NSW","Urban","6:00 AM - 12:00 PM",0,0,0,3,30,3,3,6,1,7
405,224,0,224,1,36,"NSW","Remote","6:00 PM - 12:00 AM",1,1,0,3,162,1,2,4,7,11
1781,3160,1800,1360,1,57,"NSW","Urban","6:00 PM - 12:00 AM",1,0,0,2,30,1,4,7,6,13
731,3649,1754,1895,0,41,"TAS","Urban","6:00 PM - 12:00 AM",0,0,0,3,72,4,2,9,10,19
946,3043,1558,1485,1,51,"VIC","Urban","12:00 PM - 6:00 PM",1,0,1,2,174,1,3,1,0,1
1763,2071,1556,515,1,44,"NSW","Remote","6:00 PM - 12:00 AM",1,1,0,3,168,1,3,10,5,15
1038,961,0,961,1,33,"VIC","Regional","6:00 AM - 12:00 PM",1,1,0,3,162,2,3,9,7,16
158,304,0,304,0,18,"NSW","Urban","12:00 PM - 6:00 PM",1,1,0,2,126,1,3,9,7,16
293,347,0,347,1,24,"SA","Urban","12:00 AM - 6:00 AM",1,0,0,3,102,1,3,10,10,20
958,364,0,364,0,22,"SA","Remote","6:00 AM - 12:00 PM",1,1,1,2,126,1,2,6,5,11
713,4085,2318,1767,0,57,"NSW","Regional","12:00 PM - 6:00 PM",1,0,0,3,54,2,2,1,1,2
1231,3191,1833,1358,0,48,"NSW","Urban","6:00 AM - 12:00 PM",1,0,0,3,180,2,4,4,4,8
1939,964,0,964,0,27,"NSW","Regional","6:00 PM - 12:00 AM",0,0,0,2,144,2,3,10,10,20
580,1512,0,1512,1,44,"SA","Urban","12:00 PM - 6:00 PM",0,1,0,3,156,2,4,8,9,17
1874,3668,2076,1592,0,56,"ACT","Urban","6:00 PM - 12:00 AM",1,1,0,2,72,4,4,5,3,8
662,3218,1741,1477,0,52,"NSW","Urban","6:00 PM - 12:00 AM",1,1,0,3,120,3,3,5,4,9
588,1082,0,1082,1,35,"WA","Urban","6:00 PM - 12:00 AM",1,1,1,3,174,2,2,0,0,0
815,1076,0,1076,0,33,"ACT","Regional","6:00 PM - 12:00 AM",1,0,0,3,72,1,3,5,5,10
1671,4215,2317,1898,1,57,"ACT","Urban","6:00 PM - 12:00 AM",0,0,0,3,42,2,4,6,6,12
896,846,0,846,0,38,"TAS","Urban","6:00 AM - 12:00 PM",1,1,0,3,48,1,2,2,1,3
928,138,0,138,1,51,"VIC","Urban","6:00 AM - 12:00 PM",1,1,1,1,78,1,3,5,5,10
1901,3094,1664,1430,0,47,"ACT","Urban","6:00 PM - 12:00 AM",1,0,1,1,168,4,4,8,7,15
671,205,0,205,1,31,"QLD","Regional","6:00 PM - 12:00 AM",1,0,1,3,126,1,4,4,7,11
69,214,0,214,1,18,"NT","Regional","12:00 PM - 6:00 PM",1,1,0,3,126,1,2,7,7,14
396,3683,2037,1646,0,47,"NSW","Urban","6:00 PM - 12:00 AM",0,0,1,2,162,3,2,7,5,12
711,187,0,187,1,47,"WA","Urban","6:00 PM - 12:00 AM",0,0,0,3,30,1,4,6,6,12
1900,1066,0,1066,0,35,"NT","Urban","6:00 PM - 12:00 AM",1,1,0,3,48,2,3,7,8,15
1091,989,0,989,0,39,"NSW","Remote","6:00 AM - 12:00 PM",1,1,1,3,138,1,3,9,8,17
276,1917,1486,431,1,39,"SA","Urban","12:00 AM - 6:00 AM",1,0,0,2,108,2,4,10,7,17
1138,4713,2072,2641,0,46,"ACT","Urban","6:00 AM - 12:00 PM",0,0,0,2,114,3,2,5,5,10
388,179,0,179,0,55,"QLD","Urban","6:00 PM - 12:00 AM",1,1,0,3,18,1,3,0,0,0
1936,396,0,396,0,22,"NSW","Urban","6:00 PM - 12:00 AM",1,0,0,2,78,2,3,6,2,8
258,303,0,303,0,25,"NT","Urban","12:00 PM - 6:00 PM",1,1,1,2,114,1,2,6,5,11
1835,2606,1751,855,0,44,"ACT","Urban","12:00 PM - 6:00 PM",0,1,0,3,120,1,4,6,7,13
1391,241,0,241,0,22,"VIC","Urban","12:00 PM - 6:00 PM",1,1,0,2,126,1,5,8,8,16
273,3301,1992,1309,1,40,"NT","Urban","12:00 AM - 6:00 AM",0,0,1,3,72,2,4,5,5,10
1187,3998,2232,1766,0,53,"TAS","Urban","6:00 AM - 12:00 PM",0,0,0,3,102,4,4,10,10,20
375,3373,1774,1599,1,60,"VIC","Regional","6:00 PM - 12:00 AM",0,1,1,3,66,3,4,8,3,11
1387,177,0,177,0,49,"SA","Urban","6:00 AM - 12:00 PM",1,1,0,3,150,1,2,5,5,10
594,326,0,326,1,23,"VIC","Urban","6:00 PM - 12:00 AM",1,1,0,3,144,2,4,7,7,14
1793,1654,1447,207,1,33,"NSW","Remote","6:00 PM - 12:00 AM",0,1,1,3,54,2,3,10,10,20
1843,3349,1739,1610,1,56,"NSW","Urban","6:00 PM - 12:00 AM",0,0,1,2,120,1,3,10,10,20
1110,228,0,228,1,52,"QLD","Urban","6:00 AM - 12:00 PM",1,1,0,1,24,1,2,8,3,11
295,188,0,188,0,26,"NSW","Urban","12:00 AM - 6:00 AM",1,0,0,3,174,1,2,5,4,9
889,2475,1425,1050,1,54,"QLD","Urban","6:00 AM - 12:00 PM",0,0,0,2,132,2,2,10,10,20
1846,484,0,484,0,27,"NSW","Regional","12:00 PM - 6:00 PM",0,1,1,3,90,1,5,10,10,20
685,3879,1994,1885,0,49,"NSW","Urban","6:00 PM - 12:00 AM",1,1,1,1,24,1,3,5,1,6
1307,294,0,294,0,24,"NT","Urban","6:00 AM - 12:00 PM",1,1,1,1,66,2,3,6,6,12
87,268,0,268,1,28,"VIC","Regional","12:00 AM - 6:00 AM",1,0,1,3,72,1,4,7,7,14
1028,1859,1664,195,0,51,"WA","Urban","6:00 AM - 12:00 PM",0,1,0,3,18,1,1,5,5,10
1214,264,0,264,0,24,"VIC","Urban","6:00 AM - 12:00 PM",0,1,1,2,66,1,3,6,5,11
588,1082,0,1082,1,35,"WA","Urban","6:00 PM - 12:00 AM",1,1,1,3,174,2,2,0,0,0
769,4401,2028,2373,1,44,"NSW","Regional","6:00 PM - 12:00 AM",0,0,1,3,30,4,4,5,4,9
650,3915,2296,1619,0,56,"ACT","Urban","6:00 PM - 12:00 AM",1,0,0,3,162,2,3,1,0,1
26,3813,1933,1880,0,60,"WA","Urban","12:00 AM - 6:00 AM",1,0,0,1,84,1,2,9,5,14
755,1768,1482,286,0,33,"NSW","Urban","6:00 PM - 12:00 AM",1,1,1,3,72,1,3,10,10,20
1444,3032,1745,1287,1,36,"ACT","Remote","6:00 AM - 12:00 PM",1,1,1,2,114,3,4,7,8,15
1404,1602,1314,288,1,39,"ACT","Urban","6:00 AM - 12:00 PM",0,0,0,3,30,1,2,3,4,7
1518,292,0,292,1,46,"WA","Urban","6:00 AM - 12:00 PM",1,0,0,2,96,1,2,6,6,12
1726,957,0,957,0,35,"NSW","Urban","6:00 PM - 12:00 AM",0,1,1,1,150,2,3,1,4,5
173,171,0,171,0,57,"QLD","Remote","12:00 AM - 6:00 AM",1,0,0,3,102,1,3,8,5,13
797,4048,2049,1999,1,57,"NSW","Regional","6:00 PM - 12:00 AM",0,0,0,2,90,1,4,10,10,20
1691,793,0,793,0,39,"NSW","Regional","12:00 PM - 6:00 PM",0,1,0,2,108,2,2,7,7,14
1782,515,0,515,1,37,"NSW","Urban","6:00 PM - 12:00 AM",0,1,0,1,144,2,4,10,10,20
1081,458,0,458,0,38,"VIC","Remote","6:00 AM - 12:00 PM",1,1,0,2,78,2,2,8,7,15
1736,327,0,327,1,28,"NSW","Urban","6:00 PM - 12:00 AM",1,1,0,1,36,2,2,0,0,0
281,4281,2293,1988,1,49,"NSW","Urban","12:00 AM - 6:00 AM",0,0,0,1,180,3,5,7,5,12
256,1968,1692,276,1,39,"NSW","Urban","12:00 AM - 6:00 AM",1,1,1,3,42,1,4,9,7,16
158,304,0,304,0,18,"NSW","Urban","12:00 PM - 6:00 PM",1,1,0,2,126,1,3,9,7,16
1950,256,0,256,1,38,"VIC","Regional","6:00 PM - 12:00 AM",1,0,0,2,54,1,4,4,4,8
793,446,0,446,0,20,"NSW","Urban","6:00 PM - 12:00 AM",1,1,0,1,138,1,1,4,5,9
1425,3710,2054,1656,0,46,"NT","Regional","6:00 AM - 12:00 PM",1,1,0,2,162,2,4,6,6,12
325,1254,0,1254,1,34,"TAS","Urban","6:00 PM - 12:00 AM",1,1,0,3,12,2,3,3,3,6
56,4141,2691,1450,1,58,"NSW","Urban","12:00 AM - 6:00 AM",1,0,1,3,108,4,2,10,9,19
1253,367,0,367,0,29,"ACT","Remote","6:00 AM - 12:00 PM",1,1,0,3,156,2,4,2,2,4
72,383,0,383,1,24,"QLD","Urban","12:00 AM - 6:00 AM",1,1,0,3,60,1,3,0,4,4
619,2003,1673,330,1,44,"VIC","Regional","6:00 PM - 12:00 AM",1,1,0,3,138,2,3,6,2,8
1166,2910,1494,1416,1,50,"TAS","Urban","6:00 AM - 12:00 PM",1,0,1,3,42,1,2,9,5,14
24,244,0,244,1,31,"ACT","Regional","12:00 AM - 6:00 AM",1,1,0,3,54,1,5,9,10,19
1204,3600,1742,1858,0,47,"NSW","Urban","6:00 AM - 12:00 PM",0,0,1,2,138,1,5,10,10,20
230,444,0,444,1,28,"VIC","Urban","12:00 AM - 6:00 AM",1,0,1,3,120,1,3,1,5,6
97,411,0,411,0,23,"QLD","Urban","12:00 AM - 6:00 AM",0,0,0,3,54,1,4,4,8,12
1823,4196,2353,1843,0,59,"VIC","Urban","6:00 PM - 12:00 AM",0,0,1,3,96,2,3,10,10,20
1354,264,0,264,1,21,"NT","Urban","6:00 AM - 12:00 PM",0,1,0,2,30,1,4,5,5,10
894,1411,0,1411,1,41,"NT","Urban","6:00 AM - 12:00 PM",0,0,0,1,90,1,3,10,10,20
875,3631,2010,1621,1,59,"NSW","Regional","6:00 PM - 12:00 AM",0,0,0,3,150,1,5,7,7,14
174,211,0,211,1,22,"NSW","Regional","12:00 AM - 6:00 AM",1,1,0,3,18,1,4,5,4,9
866,814,0,814,1,24,"NSW","Urban","6:00 PM - 12:00 AM",1,0,0,3,126,2,2,5,5,10
1928,3472,2062,1410,0,46,"NSW","Urban","6:00 PM - 12:00 AM",0,0,1,3,84,4,2,5,4,9
503,3556,1846,1710,0,55,"VIC","Urban","6:00 PM - 12:00 AM",0,0,0,3,18,4,3,0,0,0
1870,2962,1678,1284,1,49,"QLD","Urban","6:00 PM - 12:00 AM",1,0,0,3,60,2,4,10,10,20
1247,1661,1340,321,0,33,"TAS","Urban","12:00 PM - 6:00 PM",1,1,1,1,24,2,2,2,0,2
171,601,0,601,0,25,"TAS","Urban","12:00 AM - 6:00 AM",1,1,0,2,36,1,4,3,0,3
1313,1376,0,1376,0,43,"NSW","Regional","12:00 PM - 6:00 PM",1,1,1,1,78,2,4,5,4,9
1420,2041,1540,501,1,35,"QLD","Regional","6:00 AM - 12:00 PM",1,1,0,3,180,2,2,0,0,0
1251,487,0,487,0,36,"QLD","Urban","6:00 AM - 12:00 PM",0,1,1,3,60,2,4,2,6,8
1243,267,0,267,0,24,"NT","Remote","6:00 AM - 12:00 PM",1,1,1,2,156,1,2,0,4,4
973,1415,1165,250,1,43,"WA","Regional","6:00 AM - 12:00 PM",1,1,1,2,54,2,2,9,10,19
264,3586,2147,1439,0,52,"NT","Regional","12:00 AM - 6:00 AM",0,0,0,1,48,2,5,10,10,20
526,3834,2029,1805,0,46,"ACT","Urban","6:00 PM - 12:00 AM",1,0,1,3,180,3,5,4,0,4
1240,1198,0,1198,0,39,"TAS","Urban","6:00 AM - 12:00 PM",0,1,1,3,78,2,3,8,10,18
1767,1688,1350,338,1,31,"NSW","Urban","6:00 PM - 12:00 AM",0,1,1,3,120,2,3,8,10,18
810,4277,2357,1920,0,46,"NT","Regional","6:00 PM - 12:00 AM",0,0,0,3,174,2,3,7,6,13
187,3816,2198,1618,0,44,"NT","Urban","12:00 AM - 6:00 AM",0,0,0,3,120,1,1,4,4,8
1710,2290,1999,291,0,44,"QLD","Regional","6:00 PM - 12:00 AM",0,1,1,3,138,3,3,9,9,18
978,1610,1331,279,1,39,"SA","Remote","6:00 AM - 12:00 PM",1,1,0,3,114,1,1,6,6,12
472,3459,1933,1526,1,60,"NSW","Urban","6:00 PM - 12:00 AM",0,0,1,2,180,3,1,5,5,10
511,817,0,817,1,34,"QLD","Urban","6:00 PM - 12:00 AM",0,1,1,3,132,2,4,10,10,20
1002,965,0,965,0,39,"WA","Urban","12:00 PM - 6:00 PM",0,1,0,3,24,1,3,0,1,1
1877,3132,1725,1407,1,43,"NT","Urban","6:00 PM - 12:00 AM",0,0,0,3,90,4,3,10,10,20
1223,289,0,289,0,24,"NSW","Regional","6:00 AM - 12:00 PM",0,1,0,2,30,1,2,1,0,1
1398,3837,2140,1697,0,42,"NSW","Urban","6:00 AM - 12:00 PM",1,0,1,3,102,1,3,4,4,8
1338,132,0,132,0,24,"NSW","Regional","6:00 AM - 12:00 PM",0,1,1,3,24,1,4,4,7,11
1246,323,0,323,0,20,"WA","Urban","6:00 AM - 12:00 PM",0,1,1,1,12,1,1,2,0,2
1868,787,0,787,1,28,"ACT","Urban","12:00 PM - 6:00 PM",0,1,0,3,168,1,2,5,4,9
647,3816,1821,1995,0,50,"ACT","Urban","6:00 PM - 12:00 AM",0,0,0,3,90,4,4,10,8,18
1909,1049,0,1049,0,37,"NSW","Regional","6:00 PM - 12:00 AM",1,0,0,1,24,1,3,7,5,12
1470,3229,1715,1514,1,53,"NSW","Regional","6:00 AM - 12:00 PM",0,0,0,2,60,4,3,10,7,17
560,3066,1659,1407,0,49,"SA","Urban","6:00 PM - 12:00 AM",1,0,0,2,138,3,5,8,4,12
557,1369,0,1369,0,30,"VIC","Regional","12:00 PM - 6:00 PM",1,1,1,3,24,1,2,3,0,3
1114,1508,1343,165,1,33,"ACT","Urban","12:00 PM - 6:00 PM",0,1,1,3,54,2,3,8,8,16
1997,1023,0,1023,1,30,"VIC","Regional","6:00 PM - 12:00 AM",1,1,1,3,60,2,2,5,4,9
128,2287,1784,503,0,40,"TAS","Remote","12:00 AM - 6:00 AM",1,0,1,1,36,1,4,4,0,4
606,3778,1859,1919,1,55,"QLD","Regional","6:00 PM - 12:00 AM",0,0,0,1,84,4,2,10,10,20
278,2957,1657,1300,1,60,"NSW","Urban","12:00 AM - 6:00 AM",0,0,0,3,132,4,4,10,10,20
74,453,0,453,0,22,"VIC","Urban","12:00 AM - 6:00 AM",0,1,1,2,156,1,5,10,9,19
708,3880,2271,1609,1,58,"NSW","Remote","6:00 PM - 12:00 AM",1,0,0,3,78,1,3,10,9,19
567,3857,1976,1881,0,46,"NSW","Urban","6:00 PM - 12:00 AM",0,0,1,3,48,4,4,6,5,11
684,2284,1956,328,1,38,"VIC","Urban","6:00 PM - 12:00 AM",0,0,0,1,102,2,3,6,5,11
52,296,0,296,0,21,"NT","Regional","12:00 AM - 6:00 AM",1,1,1,1,60,2,2,3,2,5
896,846,0,846,0,38,"TAS","Urban","6:00 AM - 12:00 PM",1,1,0,3,48,1,2,2,1,3
413,4344,2448,1896,1,57,"VIC","Regional","12:00 PM - 6:00 PM",0,0,0,2,84,2,4,10,10,20
1749,1716,1372,344,1,34,"NSW","Urban","6:00 PM - 12:00 AM",1,1,1,1,54,2,4,9,5,14
1017,2026,1563,463,0,58,"NT","Urban","6:00 AM - 12:00 PM",0,1,0,3,72,1,2,7,7,14
405,224,0,224,1,36,"NSW","Remote","6:00 PM - 12:00 AM",1,1,0,3,162,1,2,4,7,11
1948,427,0,427,1,25,"SA","Urban","6:00 PM - 12:00 AM",0,0,0,3,24,1,2,2,1,3
13,407,0,407,0,21,"SA","Urban","12:00 AM - 6:00 AM",1,1,0,2,120,1,4,8,7,15
1142,428,0,428,0,28,"VIC","Urban","6:00 AM - 12:00 PM",1,1,0,2,66,1,2,6,6,12
1228,174,0,174,0,21,"NSW","Urban","6:00 AM - 12:00 PM",1,1,0,3,156,1,3,3,3,6
281,4281,2293,1988,1,49,"NSW","Urban","12:00 AM - 6:00 AM",0,0,0,1,180,3,5,7,5,12
1045,217,0,217,1,38,"VIC","Urban","6:00 AM - 12:00 PM",1,1,0,1,150,1,4,5,4,9
829,1934,1495,439,0,31,"TAS","Urban","6:00 PM - 12:00 AM",1,0,1,2,126,1,2,9,8,17
1980,4520,2643,1877,0,57,"SA","Urban","6:00 PM - 12:00 AM",0,0,0,2,30,4,2,4,4,8
1699,3645,1756,1889,0,49,"NSW","Regional","6:00 PM - 12:00 AM",0,0,1,2,180,2,3,5,9,14
700,205,0,205,0,34,"ACT","Urban","6:00 PM - 12:00 AM",0,0,0,3,156,1,2,10,8,18
151,3826,1838,1988,0,48,"ACT","Urban","12:00 AM - 6:00 AM",0,0,0,3,54,4,5,10,10,20
83,363,0,363,1,20,"NSW","Regional","12:00 AM - 6:00 AM",0,1,0,3,102,1,2,6,2,8
403,3159,1678,1481,0,57,"VIC","Urban","6:00 PM - 12:00 AM",0,1,0,2,120,2,1,10,10,20
1754,143,0,143,1,59,"QLD","Urban","6:00 PM - 12:00 AM",0,1,0,2,66,1,3,8,10,18
1533,1606,1305,301,0,26,"NSW","Remote","6:00 AM - 12:00 PM",1,1,0,3,48,2,3,5,4,9
1332,3473,2072,1401,1,59,"TAS","Urban","6:00 AM - 12:00 PM",0,0,1,3,60,2,2,6,8,14
1472,2497,1510,987,1,40,"NSW","Urban","6:00 AM - 12:00 PM",1,1,1,3,90,4,5,8,8,16
1850,4457,2359,2098,0,49,"NSW","Urban","6:00 PM - 12:00 AM",0,0,0,3,12,1,3,5,4,9
1572,257,0,257,1,53,"SA","Urban","6:00 AM - 12:00 PM",1,0,0,1,150,1,3,4,4,8
1738,1290,1067,223,1,38,"NSW","Urban","6:00 PM - 12:00 AM",0,1,0,3,66,1,4,10,10,20
1768,1625,1267,358,1,42,"SA","Urban","12:00 PM - 6:00 PM",1,1,1,3,138,1,3,4,3,7
730,226,0,226,0,46,"NSW","Regional","6:00 PM - 12:00 AM",1,1,0,2,150,1,3,8,7,15
639,4369,2247,2122,1,55,"NSW","Urban","6:00 PM - 12:00 AM",1,0,1,3,24,2,5,8,8,16
983,878,0,878,0,35,"VIC","Urban","6:00 AM - 12:00 PM",1,1,1,3,138,1,2,10,10,20
33,1743,1350,393,1,37,"WA","Urban","12:00 AM - 6:00 AM",0,1,0,3,12,2,4,0,0,0
364,1471,1306,165,1,20,"NT","Regional","6:00 PM - 12:00 AM",1,1,1,2,162,2,4,6,10,16
198,1489,1281,208,1,24,"QLD","Regional","12:00 AM - 6:00 AM",1,1,0,3,120,2,3,10,10,20
271,474,0,474,1,24,"NSW","Regional","12:00 AM - 6:00 AM",1,0,1,3,54,2,4,4,7,11
1786,4822,2593,2229,0,52,"SA","Urban","6:00 PM - 12:00 AM",1,0,0,3,108,1,3,10,10,20
658,4206,2478,1728,1,51,"NSW","Urban","6:00 PM - 12:00 AM",1,0,0,3,126,1,2,8,10,18
537,3805,2202,1603,1,58,"NSW","Urban","6:00 PM - 12:00 AM",1,0,0,3,150,2,3,10,8,18
1313,1376,0,1376,0,43,"NSW","Regional","12:00 PM - 6:00 PM",1,1,1,1,78,2,4,5,4,9
1982,687,0,687,1,25,"NSW","Urban","6:00 PM - 12:00 AM",1,1,0,3,120,1,2,7,4,11
1438,2714,1553,1161,1,36,"TAS","Remote","6:00 AM - 12:00 PM",1,0,1,3,18,4,2,0,0,0
1442,4432,2390,2042,0,47,"VIC","Urban","6:00 AM - 12:00 PM",1,0,0,3,48,3,4,0,4,4
47,1030,0,1030,1,31,"VIC","Urban","12:00 PM - 6:00 PM",1,1,0,2,162,2,2,4,7,11
1305,4264,2092,2172,1,51,"SA","Regional","6:00 AM - 12:00 PM",1,0,0,1,126,3,2,4,2,6
1362,219,0,219,0,39,"NSW","Urban","6:00 AM - 12:00 PM",0,1,0,3,126,1,4,10,10,20
840,323,0,323,1,22,"ACT","Urban","6:00 PM - 12:00 AM",1,0,1,2,114,1,1,10,6,16
1456,4153,2187,1966,1,58,"NSW","Urban","6:00 AM - 12:00 PM",0,0,1,3,18,3,3,5,4,9
691,431,0,431,1,28,"WA","Urban","12:00 PM - 6:00 PM",0,1,0,3,60,2,4,10,10,20
1507,4127,2135,1992,0,56,"NSW","Urban","6:00 AM - 12:00 PM",0,0,0,3,174,2,5,7,8,15
1368,229,0,229,1,24,"WA","Urban","6:00 AM - 12:00 PM",1,1,1,3,42,1,4,8,10,18
1406,324,0,324,1,25,"QLD","Urban","6:00 AM - 12:00 PM",1,0,0,3,72,2,4,5,6,11
1507,4127,2135,1992,0,56,"NSW","Urban","6:00 AM - 12:00 PM",0,0,0,3,174,2,5,7,8,15
1003,428,0,428,0,27,"NSW","Urban","6:00 AM - 12:00 PM",1,1,0,3,120,2,4,10,10,20
176,243,0,243,0,31,"VIC","Regional","12:00 AM - 6:00 AM",1,1,0,3,78,1,3,10,10,20
129,336,0,336,0,20,"WA","Urban","12:00 AM - 6:00 AM",1,0,1,2,114,1,1,4,3,7
1887,1488,0,1488,1,36,"NT","Urban","6:00 PM - 12:00 AM",0,0,0,3,12,1,2,5,4,9
1412,192,0,192,0,28,"QLD","Urban","6:00 AM - 12:00 PM",1,0,0,2,84,1,3,6,2,8
1665,329,0,329,0,23,"ACT","Urban","6:00 PM - 12:00 AM",1,1,0,3,126,2,4,6,8,14
1318,4237,2361,1876,1,59,"SA","Urban","6:00 AM - 12:00 PM",1,0,1,2,150,2,3,8,6,14
511,817,0,817,1,34,"QLD","Urban","6:00 PM - 12:00 AM",0,1,1,3,132,2,4,10,10,20
963,335,0,335,0,20,"VIC","Urban","6:00 AM - 12:00 PM",1,1,1,3,174,2,4,7,2,9
1823,4196,2353,1843,0,59,"VIC","Urban","6:00 PM - 12:00 AM",0,0,1,3,96,2,3,10,10,20
1000,245,0,245,0,24,"VIC","Urban","6:00 AM - 12:00 PM",1,1,1,3,180,1,4,6,6,12
872,3381,1813,1568,1,43,"QLD","Urban","6:00 PM - 12:00 AM",0,0,0,3,180,3,3,4,5,9
835,223,0,223,1,30,"TAS","Urban","12:00 PM - 6:00 PM",0,1,0,1,12,1,3,1,5,6
1941,3957,2094,1863,1,47,"NSW","Urban","6:00 PM - 12:00 AM",1,1,0,3,42,2,2,1,0,1
1040,1466,1099,367,1,40,"VIC","Urban","6:00 AM - 12:00 PM",1,1,1,3,12,2,5,2,6,8
220,4028,1925,2103,0,50,"QLD","Urban","12:00 AM - 6:00 AM",0,0,1,2,36,2,2,3,3,6
1011,1422,0,1422,0,58,"NT","Urban","6:00 AM - 12:00 PM",0,1,1,3,24,1,3,5,8,13
1051,1797,0,1797,1,59,"VIC","Regional","6:00 AM - 12:00 PM",0,1,1,3,120,3,2,6,9,15
536,726,0,726,0,33,"QLD","Urban","6:00 PM - 12:00 AM",0,1,0,2,54,1,3,10,8,18
1017,2026,1563,463,0,58,"NT","Urban","6:00 AM - 12:00 PM",0,1,0,3,72,1,2,7,7,14
69,214,0,214,1,18,"NT","Regional","12:00 PM - 6:00 PM",1,1,0,3,126,1,2,7,7,14
583,214,0,214,1,34,"NSW","Urban","6:00 PM - 12:00 AM",0,1,0,2,132,1,3,4,3,7
637,3261,1706,1555,0,47,"QLD","Remote","6:00 PM - 12:00 AM",0,0,0,3,66,2,4,10,10,20
1284,601,0,601,1,35,"NSW","Urban","6:00 AM - 12:00 PM",1,1,1,3,66,1,4,6,10,16
1583,408,0,408,1,25,"NSW","Urban","6:00 AM - 12:00 PM",1,1,0,1,168,1,4,8,3,11
1901,3094,1664,1430,0,47,"ACT","Urban","6:00 PM - 12:00 AM",1,0,1,1,168,4,4,8,7,15
549,155,0,155,0,25,"QLD","Remote","6:00 PM - 12:00 AM",0,1,0,3,132,1,2,8,8,16
1212,217,0,217,0,56,"NSW","Remote","6:00 AM - 12:00 PM",1,1,0,3,102,1,2,6,6,12
815,1076,0,1076,0,33,"ACT","Regional","6:00 PM - 12:00 AM",1,0,0,3,72,1,3,5,5,10
637,3261,1706,1555,0,47,"QLD","Remote","6:00 PM - 12:00 AM",0,0,0,3,66,2,4,10,10,20
917,1317,0,1317,1,47,"VIC","Urban","6:00 AM - 12:00 PM",0,0,1,3,174,2,4,7,4,11
1990,346,0,346,0,21,"WA","Urban","12:00 PM - 6:00 PM",0,1,1,3,84,1,4,8,10,18
1104,941,0,941,0,30,"TAS","Regional","6:00 AM - 12:00 PM",1,1,0,3,120,1,3,3,3,6
1760,3746,2021,1725,1,54,"QLD","Regional","6:00 PM - 12:00 AM",0,0,0,3,132,4,3,9,10,19
793,446,0,446,0,20,"NSW","Urban","6:00 PM - 12:00 AM",1,1,0,1,138,1,1,4,5,9
1431,2492,1519,973,1,35,"VIC","Urban","6:00 AM - 12:00 PM",1,0,0,3,168,2,3,2,5,7
1110,228,0,228,1,52,"QLD","Urban","6:00 AM - 12:00 PM",1,1,0,1,24,1,2,8,3,11
1134,142,0,142,1,26,"TAS","Remote","6:00 AM - 12:00 PM",1,1,0,2,180,1,2,3,6,9
1222,3969,2057,1912,0,49,"NSW","Urban","6:00 AM - 12:00 PM",1,0,0,2,102,3,2,6,8,14
742,428,0,428,0,22,"QLD","Urban","6:00 PM - 12:00 AM",1,0,0,3,120,2,2,10,10,20
15,1431,1182,249,1,29,"NSW","Urban","12:00 AM - 6:00 AM",1,1,1,2,60,2,2,10,9,19
1474,446,0,446,1,24,"NSW","Urban","6:00 AM - 12:00 PM",1,0,0,2,120,1,3,7,8,15
1702,1544,1263,281,1,38,"TAS","Urban","12:00 PM - 6:00 PM",0,1,0,3,90,1,2,3,6,9
1538,4222,2311,1911,1,47,"NSW","Regional","6:00 AM - 12:00 PM",0,0,1,2,54,2,3,5,5,10
59,967,0,967,0,45,"WA","Urban","12:00 AM - 6:00 AM",0,1,0,3,72,2,2,7,3,10
1960,472,0,472,0,24,"NSW","Urban","6:00 PM - 12:00 AM",1,1,1,3,144,1,1,3,7,10
1695,340,0,340,0,20,"WA","Regional","6:00 PM - 12:00 AM",1,1,1,2,108,1,4,10,9,19
1322,245,0,245,0,21,"NSW","Regional","6:00 AM - 12:00 PM",0,1,1,2,30,1,3,0,0,0
1085,1997,1572,425,0,41,"VIC","Urban","6:00 AM - 12:00 PM",1,1,0,3,96,2,2,6,7,13
1000,245,0,245,0,24,"VIC","Urban","6:00 AM - 12:00 PM",1,1,1,3,180,1,4,6,6,12
655,175,0,175,1,56,"ACT","Urban","6:00 PM - 12:00 AM",0,1,1,2,42,1,3,2,1,3
672,1818,1501,317,0,31,"NSW","Regional","6:00 PM - 12:00 AM",1,0,1,3,24,2,3,0,2,2
74,453,0,453,0,22,"VIC","Urban","12:00 AM - 6:00 AM",0,1,1,2,156,1,5,10,9,19
1699,3645,1756,1889,0,49,"NSW","Regional","6:00 PM - 12:00 AM",0,0,1,2,180,2,3,5,9,14
1827,3678,2126,1552,1,56,"NT","Urban","6:00 PM - 12:00 AM",1,0,1,3,12,1,2,0,0,0
344,1726,1381,345,0,42,"QLD","Urban","6:00 PM - 12:00 AM",1,1,0,2,60,2,3,5,5,10
541,1689,1492,197,0,31,"VIC","Urban","6:00 PM - 12:00 AM",1,1,1,3,108,2,3,8,8,16
215,1455,1455,0,1,29,"NSW","Urban","12:00 AM - 6:00 AM",1,1,1,1,120,2,4,10,10,20
1626,220,0,220,0,41,"ACT","Regional","6:00 PM - 12:00 AM",1,1,1,3,54,1,2,5,6,11
939,1653,1513,140,1,27,"NSW","Regional","6:00 AM - 12:00 PM",1,1,1,3,138,2,3,10,10,20
987,1284,0,1284,0,52,"VIC","Urban","6:00 AM - 12:00 PM",0,1,0,3,126,1,4,8,4,12
690,4283,1978,2305,1,47,"SA","Urban","6:00 PM - 12:00 AM",0,1,0,3,150,4,3,7,7,14
1125,401,0,401,1,29,"VIC","Remote","12:00 PM - 6:00 PM",1,1,1,3,54,2,2,10,9,19
334,3589,2011,1578,0,49,"WA","Regional","6:00 PM - 12:00 AM",0,0,1,3,102,3,3,9,8,17
1520,1494,1378,116,1,26,"WA","Urban","6:00 AM - 12:00 PM",1,1,0,3,132,1,2,2,2,4
1873,2667,1718,949,1,33,"WA","Urban","6:00 PM - 12:00 AM",0,0,0,1,132,1,4,10,8,18
1080,2349,1405,944,1,43,"QLD","Urban","6:00 AM - 12:00 PM",1,1,0,3,144,3,4,5,3,8
1353,594,0,594,0,36,"SA","Urban","6:00 AM - 12:00 PM",0,1,1,2,78,1,5,3,5,8
538,3942,1956,1986,1,52,"NT","Remote","6:00 PM - 12:00 AM",0,0,1,2,126,4,3,9,5,14
62,619,0,619,0,38,"VIC","Urban","12:00 AM - 6:00 AM",1,1,1,3,114,1,3,7,5,12
193,215,0,215,0,51,"NSW","Regional","12:00 AM - 6:00 AM",1,0,0,2,84,1,3,10,10,20
472,3459,1933,1526,1,60,"NSW","Urban","6:00 PM - 12:00 AM",0,0,1,2,180,3,1,5,5,10
288,2773,1727,1046,1,59,"QLD","Regional","12:00 AM - 6:00 AM",0,0,0,1,30,2,4,6,9,15
2,1469,0,1469,1,39,"VIC","Urban","12:00 PM - 6:00 PM",1,1,1,3,24,1,3,6,2,8
1993,734,0,734,1,28,"QLD","Regional","6:00 PM - 12:00 AM",1,1,0,1,168,2,3,7,4,11
1203,351,0,351,0,24,"SA","Regional","6:00 AM - 12:00 PM",0,1,0,3,108,2,5,7,6,13
1520,1494,1378,116,1,26,"WA","Urban","6:00 AM - 12:00 PM",1,1,0,3,132,1,2,2,2,4
270,1283,0,1283,0,38,"SA","Urban","12:00 AM - 6:00 AM",1,0,0,3,84,2,2,10,10,20
1126,375,0,375,1,24,"TAS","Urban","6:00 AM - 12:00 PM",1,1,0,3,78,1,4,9,7,16
263,2675,1488,1187,0,49,"VIC","Urban","12:00 AM - 6:00 AM",0,0,0,3,144,1,3,4,2,6
272,4199,2172,2027,0,47,"NSW","Urban","12:00 AM - 6:00 AM",0,1,0,3,174,3,2,0,0,0
1826,2902,1699,1203,1,50,"ACT","Urban","6:00 PM - 12:00 AM",1,0,0,3,96,3,3,10,10,20
126,3009,1762,1247,1,41,"ACT","Urban","12:00 AM - 6:00 AM",0,0,0,3,78,1,3,10,9,19
693,2970,1594,1376,0,42,"WA","Urban","6:00 PM - 12:00 AM",1,0,1,3,126,3,2,9,8,17
1416,1777,1514,263,0,34,"NSW","Urban","6:00 AM - 12:00 PM",0,0,1,2,66,1,2,10,10,20
1194,4267,2263,2004,0,51,"NSW","Urban","6:00 AM - 12:00 PM",0,0,0,3,102,3,3,7,7,14
820,3293,1633,1660,1,50,"NSW","Regional","6:00 PM - 12:00 AM",0,0,1,3,96,3,3,9,9,18
681,4192,1949,2243,0,58,"VIC","Urban","6:00 PM - 12:00 AM",1,0,1,3,72,4,3,10,10,20
546,1548,0,1548,1,50,"ACT","Regional","12:00 PM - 6:00 PM",0,0,0,3,174,4,2,2,1,3
1430,2017,1501,516,1,33,"VIC","Regional","6:00 AM - 12:00 PM",1,1,0,1,18,1,3,0,0,0
833,183,0,183,0,37,"VIC","Urban","6:00 PM - 12:00 AM",1,0,1,2,66,1,3,9,8,17
764,2970,1740,1230,1,45,"NSW","Urban","6:00 PM - 12:00 AM",0,0,1,2,156,4,3,4,3,7
23,3153,1905,1248,1,59,"NSW","Urban","12:00 AM - 6:00 AM",0,0,1,1,174,3,3,3,3,6
303,542,0,542,0,29,"VIC","Urban","6:00 PM - 12:00 AM",1,1,1,3,138,1,3,4,2,6
1704,294,0,294,0,23,"NSW","Urban","6:00 PM - 12:00 AM",0,1,1,3,102,1,2,4,5,9
1475,4011,2053,1958,0,57,"TAS","Urban","6:00 AM - 12:00 PM",1,0,1,3,84,4,5,10,10,20
700,205,0,205,0,34,"ACT","Urban","6:00 PM - 12:00 AM",0,0,0,3,156,1,2,10,8,18
1792,279,0,279,1,22,"SA","Regional","6:00 PM - 12:00 AM",0,1,0,3,60,1,2,2,2,4
385,3397,1791,1606,0,57,"VIC","Urban","6:00 PM - 12:00 AM",0,0,1,3,156,4,3,6,3,9
406,3289,1783,1506,0,47,"NSW","Regional","6:00 PM - 12:00 AM",0,0,1,3,60,4,3,7,6,13
1640,430,0,430,0,23,"ACT","Regional","6:00 PM - 12:00 AM",1,1,1,3,48,1,4,8,10,18
1418,4224,1990,2234,0,49,"SA","Urban","6:00 AM - 12:00 PM",0,0,0,3,180,3,4,6,6,12
676,3850,2046,1804,1,58,"VIC","Urban","6:00 PM - 12:00 AM",0,1,0,1,36,2,5,1,1,2
918,303,0,303,0,24,"VIC","Urban","6:00 AM - 12:00 PM",1,1,0,3,102,1,4,10,5,15
1943,991,0,991,1,35,"NSW","Urban","6:00 PM - 12:00 AM",0,0,0,3,48,2,3,9,9,18
1532,2022,1738,284,1,36,"NSW","Regional","6:00 AM - 12:00 PM",1,1,0,3,24,1,3,0,0,0
1175,3715,1779,1936,0,55,"VIC","Urban","6:00 AM - 12:00 PM",1,0,1,3,30,1,4,5,4,9
1454,204,0,204,0,25,"TAS","Regional","6:00 AM - 12:00 PM",0,1,1,3,120,1,2,10,8,18
1327,894,0,894,1,36,"NSW","Regional","6:00 AM - 12:00 PM",1,1,0,3,96,1,4,10,6,16
332,183,0,183,0,21,"VIC","Urban","6:00 PM - 12:00 AM",1,1,0,1,60,1,3,6,9,15
650,3915,2296,1619,0,56,"ACT","Urban","6:00 PM - 12:00 AM",1,0,0,3,162,2,3,1,0,1
82,469,0,469,0,24,"QLD","Urban","12:00 AM - 6:00 AM",0,0,0,3,108,1,1,8,5,13
679,3598,1872,1726,0,60,"WA","Urban","6:00 PM - 12:00 AM",1,0,0,2,42,2,1,1,1,2
1677,4823,2792,2031,0,59,"WA","Urban","6:00 PM - 12:00 AM",0,0,1,2,66,2,2,7,6,13
1281,479,0,479,1,28,"NSW","Remote","6:00 AM - 12:00 PM",0,1,1,1,126,2,3,10,10,20
56,4141,2691,1450,1,58,"NSW","Urban","12:00 AM - 6:00 AM",1,0,1,3,108,4,2,10,9,19
992,1434,0,1434,0,51,"VIC","Regional","6:00 AM - 12:00 PM",0,1,1,3,84,4,2,9,8,17
1964,3204,1704,1500,0,60,"VIC","Urban","6:00 PM - 12:00 AM",0,0,0,1,60,1,3,7,8,15
403,3159,1678,1481,0,57,"VIC","Urban","6:00 PM - 12:00 AM",0,1,0,2,120,2,1,10,10,20
373,217,0,217,1,55,"VIC","Urban","6:00 PM - 12:00 AM",1,1,0,2,54,1,4,6,5,11
1041,153,0,153,1,29,"VIC","Regional","6:00 AM - 12:00 PM",1,1,0,3,42,1,2,4,3,7
209,153,0,153,1,30,"VIC","Urban","12:00 AM - 6:00 AM",1,1,0,3,150,1,2,6,6,12
700,205,0,205,0,34,"ACT","Urban","6:00 PM - 12:00 AM",0,0,0,3,156,1,2,10,8,18
380,1380,1216,164,0,30,"SA","Urban","12:00 PM - 6:00 PM",1,1,1,3,84,1,4,7,3,10
1489,4181,2112,2069,0,53,"TAS","Urban","6:00 AM - 12:00 PM",0,0,1,2,174,1,1,4,5,9
529,691,0,691,1,39,"VIC","Regional","6:00 PM - 12:00 AM",0,1,0,3,36,1,4,1,2,3
417,1937,1595,342,1,42,"VIC","Urban","6:00 PM - 12:00 AM",0,1,0,2,162,2,3,3,7,10
1114,1508,1343,165,1,33,"ACT","Urban","12:00 PM - 6:00 PM",0,1,1,3,54,2,3,8,8,16
1907,1974,1543,431,1,37,"NSW","Regional","6:00 PM - 12:00 AM",1,1,0,3,144,2,2,2,1,3
1427,2901,1617,1284,1,55,"NSW","Regional","6:00 AM - 12:00 PM",0,1,1,3,162,4,2,5,4,9
1309,4065,2303,1762,1,52,"NSW","Urban","6:00 AM - 12:00 PM",0,0,1,1,150,3,4,6,3,9
1241,382,0,382,1,24,"WA","Regional","6:00 AM - 12:00 PM",0,1,0,1,132,2,3,6,1,7
256,1968,1692,276,1,39,"NSW","Urban","12:00 AM - 6:00 AM",1,1,1,3,42,1,4,9,7,16
731,3649,1754,1895,0,41,"TAS","Urban","6:00 PM - 12:00 AM",0,0,0,3,72,4,2,9,10,19
1366,511,0,511,1,22,"NSW","Urban","6:00 AM - 12:00 PM",0,1,1,3,12,2,1,1,1,2
1951,1437,1110,327,1,26,"NSW","Urban","6:00 PM - 12:00 AM",1,0,1,3,150,1,4,3,6,9
1070,2185,1718,467,0,56,"TAS","Urban","6:00 AM - 12:00 PM",0,1,1,3,144,2,4,4,4,8
802,353,0,353,0,24,"TAS","Urban","12:00 PM - 6:00 PM",0,1,0,3,90,2,4,5,4,9
1718,3886,1992,1894,0,58,"NSW","Urban","6:00 PM - 12:00 AM",0,0,0,1,48,1,3,3,3,6
357,3602,1853,1749,0,60,"SA","Urban","6:00 PM - 12:00 AM",0,0,0,3,30,1,2,5,7,12
1291,240,0,240,1,39,"NSW","Urban","12:00 PM - 6:00 PM",0,1,0,3,42,1,3,10,7,17
1079,4649,2790,1859,1,55,"NSW","Regional","12:00 PM - 6:00 PM",1,0,0,3,156,4,4,3,4,7
1884,4592,2287,2305,1,48,"WA","Urban","6:00 PM - 12:00 AM",0,1,1,3,18,4,2,0,0,0
1220,1570,1385,185,1,33,"NSW","Regional","6:00 AM - 12:00 PM",1,1,0,1,120,2,2,10,10,20
82,469,0,469,0,24,"QLD","Urban","12:00 AM - 6:00 AM",0,0,0,3,108,1,1,8,5,13
960,279,0,279,1,23,"VIC","Urban","6:00 AM - 12:00 PM",1,1,0,3,12,1,3,0,0,0
1017,2026,1563,463,0,58,"NT","Urban","6:00 AM - 12:00 PM",0,1,0,3,72,1,2,7,7,14
922,555,0,555,0,22,"WA","Urban","6:00 AM - 12:00 PM",0,0,1,3,36,1,3,8,9,17
1185,1688,1552,136,0,43,"NSW","Urban","6:00 AM - 12:00 PM",1,1,0,3,84,1,1,6,2,8
1847,634,0,634,1,34,"TAS","Urban","6:00 PM - 12:00 AM",0,1,1,3,96,1,3,8,8,16
672,1818,1501,317,0,31,"NSW","Regional","6:00 PM - 12:00 AM",1,0,1,3,24,2,3,0,2,2
1196,206,0,206,0,60,"NSW","Urban","6:00 AM - 12:00 PM",1,1,1,2,96,1,3,5,5,10
393,1518,0,1518,0,41,"SA","Remote","6:00 PM - 12:00 AM",1,1,1,3,168,1,4,8,7,15
484,197,0,197,0,59,"NT","Urban","6:00 PM - 12:00 AM",0,1,0,3,144,1,4,5,8,13
1297,294,0,294,1,23,"NSW","Urban","6:00 AM - 12:00 PM",0,1,0,1,12,1,1,0,0,0
705,1458,0,1458,0,35,"NSW","Regional","6:00 PM - 12:00 AM",0,1,0,2,24,1,5,0,4,4
1110,228,0,228,1,52,"QLD","Urban","6:00 AM - 12:00 PM",1,1,0,1,24,1,2,8,3,11
1122,1692,1497,195,1,43,"QLD","Urban","6:00 AM - 12:00 PM",1,1,0,1,90,1,3,8,7,15
1663,4563,2446,2117,1,58,"QLD","Regional","6:00 PM - 12:00 AM",0,0,0,3,90,4,2,10,9,19
976,1262,0,1262,0,47,"NT","Urban","6:00 AM - 12:00 PM",0,1,1,2,78,2,2,4,4,8
878,2957,1748,1209,0,47,"NSW","Urban","6:00 PM - 12:00 AM",0,0,0,3,132,3,4,7,7,14
86,1353,1106,247,1,22,"NSW","Urban","12:00 AM - 6:00 AM",0,1,0,1,48,2,4,6,2,8
1347,4472,2305,2167,0,48,"NSW","Urban","12:00 PM - 6:00 PM",1,0,0,3,114,2,2,6,6,12
1306,4050,1998,2052,0,51,"NSW","Urban","6:00 AM - 12:00 PM",0,0,1,3,12,3,3,5,1,6
739,413,0,413,1,23,"NSW","Urban","6:00 PM - 12:00 AM",1,0,0,2,126,2,3,8,3,11
530,725,0,725,1,33,"NSW","Regional","6:00 PM - 12:00 AM",1,1,0,2,48,2,3,6,5,11
912,2140,1655,485,0,60,"VIC","Urban","6:00 AM - 12:00 PM",0,0,0,3,96,1,3,6,6,12
126,3009,1762,1247,1,41,"ACT","Urban","12:00 AM - 6:00 AM",0,0,0,3,78,1,3,10,9,19
1201,285,0,285,1,21,"QLD","Regional","6:00 AM - 12:00 PM",1,1,0,1,78,2,3,4,3,7
624,4465,2054,2411,1,55,"NSW","Regional","12:00 PM - 6:00 PM",0,0,0,3,54,3,4,5,5,10
1108,3335,1846,1489,0,57,"NSW","Urban","6:00 AM - 12:00 PM",0,0,0,2,72,3,3,7,9,16
5,265,0,265,1,25,"NSW","Remote","12:00 AM - 6:00 AM",0,1,0,3,42,2,3,4,8,12
1272,1308,0,1308,1,42,"QLD","Urban","6:00 AM - 12:00 PM",1,1,0,3,84,2,3,9,9,18
641,3569,1994,1575,1,44,"NSW","Remote","6:00 PM - 12:00 AM",0,0,1,3,66,4,3,7,4,11
462,699,0,699,0,30,"ACT","Urban","6:00 PM - 12:00 AM",1,1,0,3,24,1,3,3,3,6
1950,256,0,256,1,38,"VIC","Regional","6:00 PM - 12:00 AM",1,0,0,2,54,1,4,4,4,8
1916,3536,1833,1703,1,54,"NT","Urban","6:00 PM - 12:00 AM",0,1,0,3,24,1,2,4,8,12
542,634,0,634,0,38,"WA","Urban","6:00 PM - 12:00 AM",0,1,0,2,60,2,2,8,8,16
1524,973,0,973,1,26,"NSW","Urban","12:00 PM - 6:00 PM",1,1,0,2,96,2,4,8,10,18
1726,957,0,957,0,35,"NSW","Urban","6:00 PM - 12:00 AM",0,1,1,1,150,2,3,1,4,5
21,581,0,581,1,31,"TAS","Regional","12:00 AM - 6:00 AM",1,1,1,3,132,2,3,3,2,5
823,2662,1653,1009,0,47,"VIC","Urban","6:00 PM - 12:00 AM",0,0,0,3,24,3,3,6,5,11
1141,304,0,304,1,24,"NSW","Remote","6:00 AM - 12:00 PM",0,1,1,3,96,1,2,6,5,11
1881,2967,1773,1194,0,50,"SA","Regional","6:00 PM - 12:00 AM",0,0,0,3,138,2,2,10,10,20
1976,2959,1626,1333,1,60,"TAS","Urban","6:00 PM - 12:00 AM",0,0,1,3,120,1,2,10,9,19
1345,298,0,298,0,25,"NSW","Urban","6:00 AM - 12:00 PM",1,1,0,3,150,1,3,7,5,12
134,3978,2217,1761,1,48,"NT","Remote","12:00 AM - 6:00 AM",1,0,1,3,66,4,2,4,4,8
468,330,0,330,1,23,"QLD","Urban","6:00 PM - 12:00 AM",0,1,1,3,156,1,3,6,6,12
1154,267,0,267,0,23,"TAS","Regional","6:00 AM - 12:00 PM",1,1,0,2,90,1,4,10,10,20
1699,3645,1756,1889,0,49,"NSW","Regional","6:00 PM - 12:00 AM",0,0,1,2,180,2,3,5,9,14
339,1542,1430,112,1,24,"ACT","Regional","6:00 PM - 12:00 AM",1,1,0,3,54,1,3,2,2,4
48,1481,1310,171,1,36,"NSW","Urban","12:00 AM - 6:00 AM",1,1,0,3,18,2,4,1,0,1
1770,942,0,942,1,33,"NSW","Urban","6:00 PM - 12:00 AM",0,1,0,3,168,1,3,3,0,3
441,3179,1599,1580,0,52,"NSW","Urban","6:00 PM - 12:00 AM",0,0,1,2,54,2,3,4,4,8
1846,484,0,484,0,27,"NSW","Regional","12:00 PM - 6:00 PM",0,1,1,3,90,1,5,10,10,20
482,236,0,236,0,47,"QLD","Regional","6:00 PM - 12:00 AM",1,1,1,3,162,1,2,6,7,13
868,4795,2624,2171,0,51,"NSW","Urban","12:00 PM - 6:00 PM",1,0,0,3,66,2,3,10,9,19
1373,223,0,223,0,28,"NSW","Urban","6:00 AM - 12:00 PM",1,1,0,3,138,1,2,3,2,5
1520,1494,1378,116,1,26,"WA","Urban","6:00 AM - 12:00 PM",1,1,0,3,132,1,2,2,2,4
445,3920,1950,1970,1,46,"SA","Regional","6:00 PM - 12:00 AM",1,0,0,2,162,2,3,2,6,8
1029,776,0,776,0,34,"VIC","Remote","6:00 AM - 12:00 PM",1,1,0,2,72,1,3,7,6,13
1892,1587,1286,301,0,29,"VIC","Urban","6:00 PM - 12:00 AM",1,0,0,3,48,1,4,8,4,12
496,4352,2570,1782,0,55,"NSW","Urban","6:00 PM - 12:00 AM",0,0,1,1,84,3,3,8,7,15
1069,2095,1792,303,0,52,"NSW","Remote","6:00 AM - 12:00 PM",0,0,0,3,108,1,1,10,9,19
411,796,0,796,1,26,"NSW","Regional","6:00 PM - 12:00 AM",1,1,1,1,150,1,4,6,5,11
851,1352,1180,172,1,21,"NSW","Regional","6:00 PM - 12:00 AM",1,0,1,3,84,1,3,6,5,11
1020,250,0,250,1,53,"VIC","Urban","6:00 AM - 12:00 PM",1,1,0,3,30,1,2,6,1,7
1615,227,0,227,1,20,"ACT","Urban","6:00 AM - 12:00 PM",0,0,1,3,42,1,4,10,10,20
780,2127,1838,289,0,41,"NT","Regional","12:00 PM - 6:00 PM",0,1,0,3,66,1,3,3,7,10
552,829,0,829,1,36,"QLD","Urban","6:00 PM - 12:00 AM",1,1,1,3,102,2,2,9,8,17
1648,1375,0,1375,0,50,"SA","Urban","6:00 PM - 12:00 AM",0,1,1,2,90,2,3,6,6,12
339,1542,1430,112,1,24,"ACT","Regional","6:00 PM - 12:00 AM",1,1,0,3,54,1,3,2,2,4
515,262,0,262,0,22,"NSW","Urban","6:00 PM - 12:00 AM",0,1,0,3,18,1,4,6,6,12
650,3915,2296,1619,0,56,"ACT","Urban","6:00 PM - 12:00 AM",1,0,0,3,162,2,3,1,0,1
1532,2022,1738,284,1,36,"NSW","Regional","6:00 AM - 12:00 PM",1,1,0,3,24,1,3,0,0,0
711,187,0,187,1,47,"WA","Urban","6:00 PM - 12:00 AM",0,0,0,3,30,1,4,6,6,12
1807,370,0,370,0,20,"WA","Urban","6:00 PM - 12:00 AM",0,1,0,3,138,1,3,8,10,18
101,1721,1573,148,1,27,"VIC","Urban","12:00 AM - 6:00 AM",0,0,1,3,120,2,5,9,7,16
497,606,0,606,1,35,"NSW","Regional","6:00 PM - 12:00 AM",0,1,0,3,120,1,5,9,10,19
1899,1457,1269,188,1,27,"NT","Remote","6:00 PM - 12:00 AM",1,0,0,3,90,1,4,10,9,19
779,1482,1256,226,0,26,"VIC","Urban","12:00 PM - 6:00 PM",1,1,1,1,48,1,3,3,2,5
1357,1497,1333,164,1,38,"VIC","Urban","6:00 AM - 12:00 PM",0,1,0,3,120,1,3,10,9,19
1010,2278,1508,770,1,60,"NSW","Regional","6:00 AM - 12:00 PM",0,1,0,2,30,4,2,0,0,0
1168,1401,1121,280,1,31,"QLD","Urban","6:00 AM - 12:00 PM",1,1,1,3,24,2,4,2,0,2
1135,251,0,251,1,24,"NSW","Urban","6:00 AM - 12:00 PM",1,1,1,3,18,1,2,0,0,0
1360,890,0,890,1,26,"TAS","Urban","6:00 AM - 12:00 PM",1,1,1,3,30,1,1,8,6,14
383,4353,2268,2085,0,57,"TAS","Urban","6:00 PM - 12:00 AM",0,0,0,3,96,2,3,7,7,14
1343,1394,1092,302,1,37,"NT","Urban","6:00 AM - 12:00 PM",1,1,0,2,84,1,4,7,3,10
934,903,0,903,0,24,"SA","Urban","6:00 AM - 12:00 PM",1,1,0,1,24,1,2,4,3,7
1441,2011,1718,293,0,39,"NSW","Urban","6:00 AM - 12:00 PM",0,0,0,3,180,1,3,7,4,11
1111,3945,1992,1953,0,57,"WA","Urban","6:00 AM - 12:00 PM",0,0,1,2,66,1,4,10,10,20
1760,3746,2021,1725,1,54,"QLD","Regional","6:00 PM - 12:00 AM",0,0,0,3,132,4,3,9,10,19
1467,367,0,367,0,21,"NSW","Urban","6:00 AM - 12:00 PM",1,1,1,3,138,2,4,4,7,11
1631,379,0,379,0,28,"VIC","Urban","6:00 PM - 12:00 AM",1,1,0,2,54,1,2,3,2,5
1275,1515,1326,189,1,35,"SA","Urban","6:00 AM - 12:00 PM",0,1,1,3,126,1,2,8,3,11
1253,367,0,367,0,29,"ACT","Remote","6:00 AM - 12:00 PM",1,1,0,3,156,2,4,2,2,4
1368,229,0,229,1,24,"WA","Urban","6:00 AM - 12:00 PM",1,1,1,3,42,1,4,8,10,18
473,628,0,628,1,36,"VIC","Urban","6:00 PM - 12:00 AM",0,1,0,2,66,2,4,10,10,20
505,3955,2022,1933,1,56,"VIC","Urban","6:00 PM - 12:00 AM",0,0,1,2,24,3,3,6,5,11
1783,1873,1691,182,0,41,"NSW","Urban","6:00 PM - 12:00 AM",1,1,0,3,60,2,2,7,6,13
1618,2354,1781,573,1,37,"TAS","Urban","6:00 PM - 12:00 AM",0,0,0,3,144,3,3,6,8,14
1967,3158,1979,1179,1,54,"NSW","Urban","6:00 PM - 12:00 AM",0,0,1,3,120,3,3,5,3,8
12,859,0,859,0,33,"NSW","Regional","12:00 AM - 6:00 AM",1,1,0,3,66,2,4,2,5,7
1605,2956,1694,1262,0,42,"NSW","Regional","6:00 AM - 12:00 PM",0,0,0,2,12,1,5,6,6,12
1895,3423,2086,1337,1,42,"NSW","Urban","6:00 PM - 12:00 AM",0,1,0,1,42,3,3,4,0,4
1759,3831,2066,1765,0,60,"VIC","Urban","6:00 PM - 12:00 AM",1,0,0,2,168,1,3,5,9,14
652,4385,2388,1997,0,60,"VIC","Regional","6:00 PM - 12:00 AM",0,0,1,3,180,2,2,4,2,6
1748,1540,1337,203,0,27,"NT","Urban","6:00 PM - 12:00 AM",0,1,1,1,84,1,2,5,6,11
963,335,0,335,0,20,"VIC","Urban","6:00 AM - 12:00 PM",1,1,1,3,174,2,4,7,2,9
1229,434,0,434,1,26,"NSW","Regional","6:00 AM - 12:00 PM",1,1,1,3,102,1,2,4,4,8
923,903,0,903,1,29,"QLD","Urban","6:00 AM - 12:00 PM",1,1,0,2,174,2,4,5,7,12
66,906,0,906,1,27,"WA","Urban","12:00 AM - 6:00 AM",1,1,1,3,36,2,2,0,0,0
1301,3579,1751,1828,1,58,"NSW","Urban","6:00 AM - 12:00 PM",0,0,0,3,138,2,3,6,3,9
1778,4481,1993,2488,0,54,"NSW","Urban","6:00 PM - 12:00 AM",0,0,1,3,126,2,2,3,6,9
1074,1627,1414,213,1,40,"NT","Urban","6:00 AM - 12:00 PM",1,1,0,3,12,2,3,2,0,2
1434,4346,1914,2432,0,55,"TAS","Urban","6:00 AM - 12:00 PM",0,1,0,3,30,4,2,6,3,9
996,1471,1327,144,1,44,"VIC","Urban","6:00 AM - 12:00 PM",1,1,1,3,168,2,3,2,1,3
855,1820,1493,327,0,26,"QLD","Regional","6:00 PM - 12:00 AM",1,0,0,2,78,1,1,10,10,20
1016,1400,1079,321,1,39,"ACT","Urban","6:00 AM - 12:00 PM",1,1,0,3,90,2,2,10,8,18
933,1110,0,1110,1,44,"VIC","Urban","6:00 AM - 12:00 PM",1,1,0,1,36,2,3,4,8,12
436,2576,1555,1021,1,45,"VIC","Regional","6:00 PM - 12:00 AM",1,1,0,1,18,2,3,6,5,11
1096,2905,1592,1313,0,54,"NSW","Urban","6:00 AM - 12:00 PM",0,0,0,3,108,2,3,10,9,19
235,1709,1490,219,0,34,"NT","Urban","12:00 AM - 6:00 AM",1,0,0,3,24,2,2,5,5,10
1283,1053,0,1053,0,44,"NSW","Urban","6:00 AM - 12:00 PM",1,1,0,2,54,1,1,7,10,17
1139,620,0,620,0,38,"NSW","Remote","6:00 AM - 12:00 PM",1,1,0,3,162,1,2,7,6,13
380,1380,1216,164,0,30,"SA","Urban","12:00 PM - 6:00 PM",1,1,1,3,84,1,4,7,3,10
731,3649,1754,1895,0,41,"TAS","Urban","6:00 PM - 12:00 AM",0,0,0,3,72,4,2,9,10,19
1322,245,0,245,0,21,"NSW","Regional","6:00 AM - 12:00 PM",0,1,1,2,30,1,3,0,0,0
1982,687,0,687,1,25,"NSW","Urban","6:00 PM - 12:00 AM",1,1,0,3,120,1,2,7,4,11
168,2934,1892,1042,0,47,"NSW","Urban","12:00 AM - 6:00 AM",0,0,1,3,138,3,2,6,1,7
427,298,0,298,0,24,"NSW","Regional","6:00 PM - 12:00 AM",0,1,1,1,84,1,3,10,10,20
38,209,0,209,1,48,"TAS","Urban","12:00 AM - 6:00 AM",0,1,0,1,150,1,3,8,8,16
1073,310,0,310,0,20,"SA","Remote","6:00 AM - 12:00 PM",1,1,0,3,84,1,5,7,4,11
344,1726,1381,345,0,42,"QLD","Urban","6:00 PM - 12:00 AM",1,1,0,2,60,2,3,5,5,10
345,2653,1259,1394,0,37,"QLD","Urban","6:00 PM - 12:00 AM",1,1,0,3,120,3,5,6,5,11
1528,788,0,788,0,24,"NSW","Regional","6:00 AM - 12:00 PM",1,1,0,3,84,1,3,8,7,15
518,4039,2305,1734,1,60,"TAS","Urban","6:00 PM - 12:00 AM",1,0,0,3,120,1,3,3,4,7
883,1530,1174,356,0,44,"SA","Urban","6:00 AM - 12:00 PM",1,1,1,3,60,1,3,6,10,16
1225,641,0,641,0,37,"WA","Urban","12:00 PM - 6:00 PM",1,1,1,1,108,1,4,4,7,11
1669,3946,1877,2069,0,55,"NSW","Regional","12:00 PM - 6:00 PM",0,0,0,2,132,2,3,8,6,14
918,303,0,303,0,24,"VIC","Urban","6:00 AM - 12:00 PM",1,1,0,3,102,1,4,10,5,15
1654,2870,1607,1263,0,51,"NSW","Urban","6:00 PM - 12:00 AM",0,0,0,3,114,4,2,4,8,12
444,4263,2393,1870,0,53,"NSW","Urban","6:00 PM - 12:00 AM",1,0,0,1,132,4,2,9,9,18
486,1639,1296,343,1,45,"NSW","Urban","6:00 PM - 12:00 AM",1,1,0,3,84,1,3,5,8,13
462,699,0,699,0,30,"ACT","Urban","6:00 PM - 12:00 AM",1,1,0,3,24,1,3,3,3,6
95,438,0,438,1,21,"NSW","Urban","12:00 AM - 6:00 AM",1,0,0,3,168,2,3,3,2,5
1281,479,0,479,1,28,"NSW","Remote","6:00 AM - 12:00 PM",0,1,1,1,126,2,3,10,10,20
1848,288,0,288,1,27,"NT","Urban","6:00 PM - 12:00 AM",0,1,0,3,108,1,2,7,6,13
1718,3886,1992,1894,0,58,"NSW","Urban","6:00 PM - 12:00 AM",0,0,0,1,48,1,3,3,3,6
1871,4689,2493,2196,1,45,"NT","Regional","6:00 PM - 12:00 AM",1,0,0,3,132,4,3,8,9,17
188,257,0,257,0,38,"NSW","Urban","12:00 AM - 6:00 AM",1,1,1,3,174,1,2,7,7,14
1526,4519,2492,2027,1,53,"WA","Regional","6:00 AM - 12:00 PM",0,0,0,3,30,4,3,5,0,5
1540,3285,1859,1426,1,47,"SA","Urban","6:00 AM - 12:00 PM",0,0,0,1,54,3,1,8,3,11
1958,3695,1802,1893,1,42,"VIC","Urban","6:00 PM - 12:00 AM",0,1,0,3,54,3,2,2,5,7
731,3649,1754,1895,0,41,"TAS","Urban","6:00 PM - 12:00 AM",0,0,0,3,72,4,2,9,10,19
416,1302,0,1302,1,40,"ACT","Urban","6:00 PM - 12:00 AM",0,1,1,3,42,1,4,10,6,16
299,2361,1362,999,1,40,"ACT","Regional","12:00 AM - 6:00 AM",1,0,0,2,72,2,4,4,4,8
223,1589,1326,263,0,24,"NSW","Urban","12:00 AM - 6:00 AM",1,0,0,2,42,2,4,10,7,17
1295,3517,1883,1634,1,47,"SA","Urban","6:00 AM - 12:00 PM",1,0,1,2,72,4,4,6,4,10
885,1295,0,1295,1,57,"QLD","Urban","6:00 AM - 12:00 PM",0,0,0,3,90,1,2,8,9,17
1121,199,0,199,1,24,"NT","Regional","6:00 AM - 12:00 PM",1,1,0,3,144,1,3,4,4,8
67,351,0,351,1,22,"NSW","Urban","12:00 AM - 6:00 AM",0,1,1,3,162,1,3,6,4,10
1781,3160,1800,1360,1,57,"NSW","Urban","6:00 PM - 12:00 AM",1,0,0,2,30,1,4,7,6,13
433,1095,0,1095,1,38,"NSW","Remote","6:00 PM - 12:00 AM",0,1,0,1,90,2,3,5,4,9
321,1935,1650,285,0,37,"QLD","Urban","6:00 PM - 12:00 AM",1,1,1,3,72,1,2,4,1,5
396,3683,2037,1646,0,47,"NSW","Urban","6:00 PM - 12:00 AM",0,0,1,2,162,3,2,7,5,12
1604,180,0,180,1,38,"VIC","Regional","6:00 AM - 12:00 PM",1,0,0,3,90,1,5,9,10,19
273,3301,1992,1309,1,40,"NT","Urban","12:00 AM - 6:00 AM",0,0,1,3,72,2,4,5,5,10
313,390,0,390,1,28,"VIC","Urban","12:00 PM - 6:00 PM",1,1,0,3,48,2,2,6,2,8
400,222,0,222,1,21,"NSW","Regional","6:00 PM - 12:00 AM",1,1,0,3,72,1,3,4,5,9
1568,357,0,357,0,22,"VIC","Urban","6:00 AM - 12:00 PM",1,1,0,3,18,1,3,3,4,7
1113,2419,1238,1181,0,54,"WA","Regional","12:00 PM - 6:00 PM",1,1,0,3,72,1,2,9,8,17
1389,199,0,199,0,34,"VIC","Regional","6:00 AM - 12:00 PM",1,1,0,3,162,1,2,7,6,13
745,1039,0,1039,0,29,"NSW","Regional","6:00 PM - 12:00 AM",1,0,0,1,144,2,3,6,5,11
1490,841,0,841,0,28,"VIC","Remote","6:00 AM - 12:00 PM",1,1,0,3,174,2,4,5,3,8
1633,749,0,749,1,35,"VIC","Urban","6:00 PM - 12:00 AM",1,1,0,3,54,2,3,3,3,6
862,230,0,230,1,34,"SA","Remote","6:00 PM - 12:00 AM",1,0,1,3,114,1,3,9,10,19
631,3121,1762,1359,0,56,"WA","Urban","6:00 PM - 12:00 AM",1,0,0,3,144,2,2,2,2,4
669,1617,1297,320,1,43,"NSW","Urban","12:00 PM - 6:00 PM",1,1,0,2,144,2,3,4,4,8
926,1286,0,1286,1,50,"QLD","Urban","6:00 AM - 12:00 PM",0,1,0,1,90,2,2,7,7,14
1896,1740,1395,345,1,26,"NSW","Urban","6:00 PM - 12:00 AM",1,0,0,3,36,2,4,3,0,3
132,2096,1730,366,1,30,"VIC","Urban","12:00 AM - 6:00 AM",1,0,0,1,48,1,3,5,3,8
228,3827,2102,1725,0,53,"QLD","Urban","12:00 AM - 6:00 AM",0,1,0,3,54,4,4,10,9,19
242,1839,1547,292,1,36,"QLD","Urban","12:00 AM - 6:00 AM",1,0,1,3,162,2,4,10,9,19
1553,3877,2114,1763,1,41,"NSW","Urban","6:00 AM - 12:00 PM",0,0,1,3,48,2,4,10,10,20
862,230,0,230,1,34,"SA","Remote","6:00 PM - 12:00 AM",1,0,1,3,114,1,3,9,10,19
345,2653,1259,1394,0,37,"QLD","Urban","6:00 PM - 12:00 AM",1,1,0,3,120,3,5,6,5,11
878,2957,1748,1209,0,47,"NSW","Urban","6:00 PM - 12:00 AM",0,0,0,3,132,3,4,7,7,14
1419,3214,2016,1198,1,41,"ACT","Urban","6:00 AM - 12:00 PM",1,1,1,3,72,3,3,7,5,12
661,1487,0,1487,1,40,"NSW","Urban","6:00 PM - 12:00 AM",1,1,1,2,162,2,2,6,7,13
120,694,0,694,1,22,"VIC","Regional","12:00 AM - 6:00 AM",0,0,0,3,18,1,2,0,2,2
1853,2927,1543,1384,1,40,"NSW","Regional","6:00 PM - 12:00 AM",1,1,1,3,126,3,5,8,8,16
385,3397,1791,1606,0,57,"VIC","Urban","6:00 PM - 12:00 AM",0,0,1,3,156,4,3,6,3,9
13,407,0,407,0,21,"SA","Urban","12:00 AM - 6:00 AM",1,1,0,2,120,1,4,8,7,15
779,1482,1256,226,0,26,"VIC","Urban","12:00 PM - 6:00 PM",1,1,1,1,48,1,3,3,2,5
743,1103,0,1103,0,36,"NSW","Remote","6:00 PM - 12:00 AM",1,0,0,3,60,1,3,5,0,5
329,195,0,195,0,20,"VIC","Urban","6:00 PM - 12:00 AM",1,1,1,2,174,1,3,0,1,1
1672,479,0,479,0,27,"NSW","Urban","6:00 PM - 12:00 AM",1,1,1,3,60,2,3,9,10,19
1401,373,0,373,1,24,"TAS","Urban","6:00 AM - 12:00 PM",0,0,0,3,120,1,3,7,7,14
927,1390,0,1390,0,44,"SA","Urban","6:00 AM - 12:00 PM",1,1,0,3,96,2,4,9,10,19
102,715,0,715,1,39,"VIC","Urban","12:00 PM - 6:00 PM",1,1,1,3,144,2,3,5,6,11
559,216,0,216,1,20,"NSW","Urban","6:00 PM - 12:00 AM",0,1,0,3,162,1,2,8,8,16
370,158,0,158,0,27,"VIC","Urban","6:00 PM - 12:00 AM",1,1,1,3,90,1,4,4,7,11
971,231,0,231,0,24,"VIC","Urban","6:00 AM - 12:00 PM",1,1,0,3,180,1,2,5,2,7
1768,1625,1267,358,1,42,"SA","Urban","12:00 PM - 6:00 PM",1,1,1,3,138,1,3,4,3,7
1113,2419,1238,1181,0,54,"WA","Regional","12:00 PM - 6:00 PM",1,1,0,3,72,1,2,9,8,17
721,4354,2408,1946,1,46,"ACT","Regional","6:00 PM - 12:00 AM",0,0,1,1,42,1,4,4,3,7
829,1934,1495,439,0,31,"TAS","Urban","6:00 PM - 12:00 AM",1,0,1,2,126,1,2,9,8,17
1191,1266,1114,152,1,21,"SA","Urban","12:00 PM - 6:00 PM",0,1,0,3,12,2,1,2,0,2
1557,415,0,415,1,31,"VIC","Urban","12:00 PM - 6:00 PM",1,1,0,3,78,1,2,9,7,16
1928,3472,2062,1410,0,46,"NSW","Urban","6:00 PM - 12:00 AM",0,0,1,3,84,4,2,5,4,9
383,4353,2268,2085,0,57,"TAS","Urban","6:00 PM - 12:00 AM",0,0,0,3,96,2,3,7,7,14
772,3290,1788,1502,0,44,"ACT","Urban","6:00 PM - 12:00 AM",0,0,0,3,30,3,3,4,3,7
1690,2707,1737,970,1,41,"QLD","Urban","6:00 PM - 12:00 AM",1,1,1,3,126,3,2,4,8,12
1126,375,0,375,1,24,"TAS","Urban","6:00 AM - 12:00 PM",1,1,0,3,78,1,4,9,7,16
1977,444,0,444,1,20,"VIC","Remote","6:00 PM - 12:00 AM",1,1,0,2,114,2,4,10,5,15
1349,224,0,224,1,25,"NSW","Urban","6:00 AM - 12:00 PM",0,1,0,2,90,2,4,8,7,15
499,319,0,319,0,24,"VIC","Urban","6:00 PM - 12:00 AM",0,1,1,3,36,1,3,6,9,15
324,1412,1177,235,0,38,"NSW","Urban","12:00 PM - 6:00 PM",1,1,1,2,132,1,3,9,10,19
868,4795,2624,2171,0,51,"NSW","Urban","12:00 PM - 6:00 PM",1,0,0,3,66,2,3,10,9,19
1284,601,0,601,1,35,"NSW","Urban","6:00 AM - 12:00 PM",1,1,1,3,66,1,4,6,10,16
1835,2606,1751,855,0,44,"ACT","Urban","12:00 PM - 6:00 PM",0,1,0,3,120,1,4,6,7,13
1691,793,0,793,0,39,"NSW","Regional","12:00 PM - 6:00 PM",0,1,0,2,108,2,2,7,7,14
1022,504,0,504,1,34,"VIC","Remote","6:00 AM - 12:00 PM",1,1,1,3,18,2,3,0,0,0
1592,1950,1433,517,0,33,"QLD","Regional","6:00 AM - 12:00 PM",1,0,1,3,126,1,3,8,10,18
1164,4427,2694,1733,1,48,"NSW","Regional","6:00 AM - 12:00 PM",0,0,1,2,180,4,4,9,7,16
1346,1474,1184,290,1,26,"WA","Urban","6:00 AM - 12:00 PM",0,1,1,1,138,2,3,8,7,15
1401,373,0,373,1,24,"TAS","Urban","6:00 AM - 12:00 PM",0,0,0,3,120,1,3,7,7,14
1739,365,0,365,1,29,"WA","Regional","6:00 PM - 12:00 AM",0,1,0,3,168,2,3,6,6,12
476,1522,1212,310,1,38,"NSW","Urban","6:00 PM - 12:00 AM",1,1,1,1,102,2,2,10,10,20
1034,489,0,489,0,37,"VIC","Urban","6:00 AM - 12:00 PM",1,1,0,2,30,2,2,7,5,12
934,903,0,903,0,24,"SA","Urban","6:00 AM - 12:00 PM",1,1,0,1,24,1,2,4,3,7
247,254,0,254,0,25,"NSW","Urban","12:00 PM - 6:00 PM",1,1,0,3,180,2,3,2,1,3
249,3037,1592,1445,0,51,"VIC","Urban","12:00 AM - 6:00 AM",0,0,1,3,132,1,2,10,10,20
98,448,0,448,1,21,"NSW","Urban","12:00 AM - 6:00 AM",0,0,0,3,132,1,3,10,10,20
1817,247,0,247,0,23,"NT","Urban","6:00 PM - 12:00 AM",1,1,0,3,78,1,4,8,10,18
1475,4011,2053,1958,0,57,"TAS","Urban","6:00 AM - 12:00 PM",1,0,1,3,84,4,5,10,10,20
1758,483,0,483,1,30,"VIC","Urban","6:00 PM - 12:00 AM",0,1,0,3,30,2,4,3,0,3
814,3958,1965,1993,0,43,"ACT","Urban","6:00 PM - 12:00 AM",0,1,0,1,162,2,3,0,3,3
1574,358,0,358,1,22,"NSW","Regional","6:00 AM - 12:00 PM",1,0,0,3,150,2,3,3,2,5
425,337,0,337,0,28,"NSW","Urban","6:00 PM - 12:00 AM",1,1,0,2,114,1,3,10,10,20
138,4079,2215,1864,1,43,"NSW","Urban","12:00 AM - 6:00 AM",1,0,1,2,108,1,5,7,9,16
1337,3747,1704,2043,1,48,"NSW","Urban","6:00 AM - 12:00 PM",0,0,0,3,138,4,2,4,8,12
506,262,0,262,0,24,"NSW","Urban","6:00 PM - 12:00 AM",1,1,0,3,114,1,4,10,10,20
815,1076,0,1076,0,33,"ACT","Regional","6:00 PM - 12:00 AM",1,0,0,3,72,1,3,5,5,10
988,400,0,400,0,24,"VIC","Regional","6:00 AM - 12:00 PM",1,1,1,3,150,1,4,10,10,20
1284,601,0,601,1,35,"NSW","Urban","6:00 AM - 12:00 PM",1,1,1,3,66,1,4,6,10,16
121,1345,0,1345,0,39,"VIC","Urban","12:00 AM - 6:00 AM",0,0,0,2,72,1,3,9,9,18
426,417,0,417,0,26,"NT","Regional","6:00 PM - 12:00 AM",1,1,0,1,156,1,3,6,6,12
347,2026,1806,220,0,41,"NSW","Urban","12:00 PM - 6:00 PM",1,1,1,2,132,1,4,9,10,19
1443,3538,1991,1547,1,57,"VIC","Urban","6:00 AM - 12:00 PM",1,0,0,3,60,4,4,4,2,6
27,1371,1149,222,1,30,"NSW","Urban","12:00 AM - 6:00 AM",1,1,1,3,90,1,4,8,6,14
1123,4148,2211,1937,1,57,"NSW","Regional","6:00 AM - 12:00 PM",0,0,1,3,126,1,4,10,10,20
252,3073,1705,1368,1,48,"NT","Regional","12:00 AM - 6:00 AM",0,0,0,3,42,2,3,8,8,16
1536,4579,2334,2245,0,41,"NSW","Urban","6:00 AM - 12:00 PM",0,0,0,2,12,3,2,3,2,5
1362,219,0,219,0,39,"NSW","Urban","6:00 AM - 12:00 PM",0,1,0,3,126,1,4,10,10,20
1363,868,0,868,0,38,"NSW","Regional","6:00 AM - 12:00 PM",1,1,1,3,126,1,3,5,9,14
1374,2763,1765,998,1,56,"NT","Urban","6:00 AM - 12:00 PM",1,1,1,2,30,3,2,2,1,3
1870,2962,1678,1284,1,49,"QLD","Urban","6:00 PM - 12:00 AM",1,0,0,3,60,2,4,10,10,20
1790,1288,1092,196,0,34,"NSW","Urban","6:00 PM - 12:00 AM",1,1,0,3,132,2,2,9,6,15
401,3479,1683,1796,1,47,"NSW","Urban","6:00 PM - 12:00 AM",0,0,1,3,72,1,3,10,10,20
1193,218,0,218,0,37,"ACT","Urban","6:00 AM - 12:00 PM",0,1,0,1,108,1,1,9,7,16
109,3547,1822,1725,0,52,"TAS","Urban","12:00 AM - 6:00 AM",1,0,1,3,174,1,3,2,1,3
436,2576,1555,1021,1,45,"VIC","Regional","6:00 PM - 12:00 AM",1,1,0,1,18,2,3,6,5,11
66,906,0,906,1,27,"WA","Urban","12:00 AM - 6:00 AM",1,1,1,3,36,2,2,0,0,0
1130,971,0,971,0,40,"SA","Regional","6:00 AM - 12:00 PM",1,1,1,1,156,1,3,7,10,17
282,3499,1921,1578,0,45,"NT","Urban","12:00 AM - 6:00 AM",0,1,0,2,66,3,3,6,5,11
1741,4363,2318,2045,0,58,"NSW","Regional","6:00 PM - 12:00 AM",1,0,0,1,162,1,3,2,0,2
571,199,0,199,1,20,"NSW","Urban","6:00 PM - 12:00 AM",1,1,0,1,114,1,5,9,10,19
994,338,0,338,1,24,"VIC","Regional","6:00 AM - 12:00 PM",1,1,0,3,108,1,2,10,10,20
1534,314,0,314,0,22,"NSW","Urban","6:00 AM - 12:00 PM",1,1,1,3,60,2,3,9,8,17
1194,4267,2263,2004,0,51,"NSW","Urban","6:00 AM - 12:00 PM",0,0,0,3,102,3,3,7,7,14
1386,1657,1311,346,1,28,"QLD","Urban","6:00 AM - 12:00 PM",0,1,1,3,48,2,3,0,4,4
130,589,0,589,0,26,"NSW","Remote","12:00 AM - 6:00 AM",0,0,0,2,126,2,3,10,10,20
1135,251,0,251,1,24,"NSW","Urban","6:00 AM - 12:00 PM",1,1,1,3,18,1,2,0,0,0
239,1485,1348,137,1,26,"WA","Urban","12:00 AM - 6:00 AM",1,0,0,2,144,2,3,5,5,10
1792,279,0,279,1,22,"SA","Regional","6:00 PM - 12:00 AM",0,1,0,3,60,1,2,2,2,4
216,704,0,704,1,25,"VIC","Remote","12:00 AM - 6:00 AM",1,1,0,1,54,1,3,5,5,10
866,814,0,814,1,24,"NSW","Urban","6:00 PM - 12:00 AM",1,0,0,3,126,2,2,5,5,10
1955,4314,2260,2054,1,43,"NSW","Regional","6:00 PM - 12:00 AM",0,0,0,2,84,3,2,9,10,19
1525,3042,1690,1352,0,46,"NSW","Regional","6:00 AM - 12:00 PM",0,0,0,1,114,4,2,8,10,18
1455,3203,1676,1527,0,59,"NSW","Urban","6:00 AM - 12:00 PM",0,1,1,3,180,2,3,5,0,5
1834,3777,2024,1753,1,47,"VIC","Urban","6:00 PM - 12:00 AM",1,0,1,2,108,1,3,8,10,18
651,3687,1928,1759,0,53,"NSW","Urban","6:00 PM - 12:00 AM",0,0,1,3,78,2,2,8,8,16
37,3373,1260,2113,1,57,"VIC","Urban","12:00 AM - 6:00 AM",1,0,1,2,126,3,4,9,10,19
1241,382,0,382,1,24,"WA","Regional","6:00 AM - 12:00 PM",0,1,0,1,132,2,3,6,1,7
338,1408,1059,349,1,24,"VIC","Regional","6:00 PM - 12:00 AM",1,1,1,2,120,2,4,10,10,20
611,252,0,252,0,21,"ACT","Urban","6:00 PM - 12:00 AM",0,1,1,3,84,1,4,9,8,17
371,960,0,960,1,38,"WA","Regional","6:00 PM - 12:00 AM",1,1,0,3,12,2,4,0,0,0
1529,4371,2411,1960,0,44,"NT","Urban","6:00 AM - 12:00 PM",0,0,0,2,102,3,4,10,9,19
18,919,0,919,1,33,"WA","Urban","12:00 AM - 6:00 AM",1,1,0,1,180,1,2,0,0,0
155,3823,2148,1675,1,42,"NSW","Regional","12:00 AM - 6:00 AM",0,0,1,3,18,1,2,0,0,0
306,1799,1430,369,1,31,"WA","Regional","6:00 PM - 12:00 AM",1,1,0,2,66,1,3,7,6,13
1132,4259,2246,2013,0,55,"NSW","Urban","6:00 AM - 12:00 PM",0,0,1,2,174,2,2,1,0,1
303,542,0,542,0,29,"VIC","Urban","6:00 PM - 12:00 AM",1,1,1,3,138,1,3,4,2,6
1269,3549,1905,1644,1,60,"VIC","Urban","12:00 PM - 6:00 PM",0,0,1,3,54,1,1,9,8,17
132,2096,1730,366,1,30,"VIC","Urban","12:00 AM - 6:00 AM",1,0,0,1,48,1,3,5,3,8
1145,1091,0,1091,1,45,"NT","Regional","6:00 AM - 12:00 PM",1,1,1,2,66,2,4,10,10,20
1855,4591,2249,2342,1,51,"NSW","Regional","6:00 PM - 12:00 AM",1,0,0,3,84,4,4,10,10,20
1243,267,0,267,0,24,"NT","Remote","6:00 AM - 12:00 PM",1,1,1,2,156,1,2,0,4,4
1678,3788,2127,1661,1,49,"NSW","Regional","6:00 PM - 12:00 AM",0,0,0,3,96,3,3,8,10,18
820,3293,1633,1660,1,50,"NSW","Regional","6:00 PM - 12:00 AM",0,0,1,3,96,3,3,9,9,18
599,1681,1448,233,0,35,"VIC","Urban","6:00 PM - 12:00 AM",1,1,1,3,24,2,3,4,5,9
215,1455,1455,0,1,29,"NSW","Urban","12:00 AM - 6:00 AM",1,1,1,1,120,2,4,10,10,20
1616,150,0,150,0,42,"WA","Regional","6:00 PM - 12:00 AM",1,1,0,3,12,1,4,1,4,5
1815,446,0,446,0,27,"ACT","Urban","6:00 PM - 12:00 AM",0,1,1,2,132,1,4,10,10,20
409,4197,2031,2166,1,50,"VIC","Urban","6:00 PM - 12:00 AM",1,0,0,3,60,3,1,6,1,7
262,2823,1659,1164,1,54,"NSW","Urban","12:00 AM - 6:00 AM",0,1,1,3,162,3,3,1,0,1
1276,344,0,344,1,23,"SA","Urban","6:00 AM - 12:00 PM",0,1,1,3,138,1,4,9,10,19
1139,620,0,620,0,38,"NSW","Remote","6:00 AM - 12:00 PM",1,1,0,3,162,1,2,7,6,13
1956,425,0,425,1,20,"NSW","Urban","6:00 PM - 12:00 AM",1,1,0,1,126,1,4,9,6,15
1984,2822,1487,1335,1,36,"NSW","Urban","6:00 PM - 12:00 AM",0,1,0,3,138,2,2,10,7,17
73,1324,1144,180,1,23,"NSW","Regional","12:00 AM - 6:00 AM",1,1,1,3,102,2,5,9,10,19
1826,2902,1699,1203,1,50,"ACT","Urban","6:00 PM - 12:00 AM",1,0,0,3,96,3,3,10,10,20
360,628,0,628,0,40,"VIC","Urban","6:00 PM - 12:00 AM",1,1,1,1,126,1,3,5,5,10
310,1621,1393,228,0,41,"QLD","Urban","6:00 PM - 12:00 AM",1,1,0,3,30,1,4,8,7,15
927,1390,0,1390,0,44,"SA","Urban","6:00 AM - 12:00 PM",1,1,0,3,96,2,4,9,10,19
166,4337,2095,2242,0,53,"WA","Regional","12:00 AM - 6:00 AM",0,0,1,3,168,4,3,4,4,8
1831,3675,2170,1505,1,56,"QLD","Urban","6:00 PM - 12:00 AM",1,0,1,2,144,2,3,9,9,18
981,1717,1463,254,0,35,"VIC","Urban","6:00 AM - 12:00 PM",1,1,1,1,12,2,2,0,0,0
239,1485,1348,137,1,26,"WA","Urban","12:00 AM - 6:00 AM",1,0,0,2,144,2,3,5,5,10
763,774,0,774,0,27,"QLD","Regional","6:00 PM - 12:00 AM",1,1,0,3,114,1,3,10,10,20
625,3729,2113,1616,0,47,"NSW","Urban","6:00 PM - 12:00 AM",1,0,1,3,132,2,3,9,9,18
1084,231,0,231,0,57,"NSW","Urban","6:00 AM - 12:00 PM",1,1,0,3,120,1,3,7,7,14
374,1560,1354,206,1,34,"VIC","Urban","6:00 PM - 12:00 AM",1,1,0,2,78,2,2,10,9,19
655,175,0,175,1,56,"ACT","Urban","6:00 PM - 12:00 AM",0,1,1,2,42,1,3,2,1,3
1680,948,0,948,1,30,"QLD","Urban","12:00 PM - 6:00 PM",0,1,1,3,174,2,2,4,2,6
1954,1243,0,1243,1,37,"VIC","Regional","6:00 PM - 12:00 AM",1,0,1,2,42,2,3,10,5,15
146,1656,1491,165,1,28,"QLD","Urban","12:00 AM - 6:00 AM",1,1,0,3,90,2,3,10,6,16
1623,1954,1543,411,0,52,"VIC","Regional","6:00 PM - 12:00 AM",0,0,1,1,114,2,3,9,10,19
1657,936,0,936,1,39,"NSW","Regional","12:00 PM - 6:00 PM",0,1,0,3,114,1,4,9,10,19
1284,601,0,601,1,35,"NSW","Urban","6:00 AM - 12:00 PM",1,1,1,3,66,1,4,6,10,16
1332,3473,2072,1401,1,59,"TAS","Urban","6:00 AM - 12:00 PM",0,0,1,3,60,2,2,6,8,14
142,1670,1446,224,1,27,"NSW","Urban","12:00 AM - 6:00 AM",1,0,1,3,90,2,1,9,5,14
1344,529,0,529,0,34,"QLD","Remote","6:00 AM - 12:00 PM",0,1,0,1,78,1,2,7,6,13
1646,828,0,828,0,40,"VIC","Urban","12:00 PM - 6:00 PM",0,1,0,3,180,2,4,4,3,7
1150,1745,1494,251,0,42,"QLD","Urban","6:00 AM - 12:00 PM",1,1,1,3,162,1,4,2,1,3
978,1610,1331,279,1,39,"SA","Remote","6:00 AM - 12:00 PM",1,1,0,3,114,1,1,6,6,12
1830,3642,1979,1663,1,48,"NSW","Urban","6:00 PM - 12:00 AM",0,0,1,3,102,2,3,7,6,13
1892,1587,1286,301,0,29,"VIC","Urban","6:00 PM - 12:00 AM",1,0,0,3,48,1,4,8,4,12
1791,3682,2150,1532,0,54,"QLD","Urban","12:00 PM - 6:00 PM",1,0,0,1,108,3,4,10,10,20
1852,501,0,501,1,22,"ACT","Urban","6:00 PM - 12:00 AM",0,1,0,3,162,1,2,3,1,4
1859,4495,2611,1884,0,48,"SA","Urban","6:00 PM - 12:00 AM",0,0,1,2,120,1,3,9,8,17
186,2968,1748,1220,1,43,"SA","Urban","12:00 AM - 6:00 AM",0,0,1,3,168,4,5,5,5,10
277,508,0,508,0,21,"NSW","Urban","12:00 AM - 6:00 AM",1,1,1,3,48,2,3,8,7,15
