"ID","TotalSpending","InternationalSpend","DomesticSpend","Female","Age","HomeState","HomeRegion","BookingTime","DeviceTypeMobileTablet","Windows.Android","PromotionsUsed","EaseOfUse","UsageDuration","BookingCount","AvailableFlights","Satisfaction","NetPromoterScore","TotalSatisfaction"
791,507,0,507,0,33,"VIC","Urban","12:00 PM - 6:00 PM",0,1,0,2,36,1,4,4,3,7
294,1569,1211,358,0,34,"SA","Urban","12:00 AM - 6:00 AM",1,0,0,3,138,2,3,9,7,16
1249,158,0,158,0,60,"NSW","Urban","6:00 AM - 12:00 PM",1,1,1,2,156,1,2,4,4,8
915,2015,1640,375,0,40,"VIC","Urban","6:00 AM - 12:00 PM",1,1,1,2,156,1,3,9,9,18
1799,2961,1466,1495,0,50,"SA","Regional","6:00 PM - 12:00 AM",1,0,1,3,120,2,2,9,8,17
6,500,0,500,0,33,"SA","Urban","12:00 AM - 6:00 AM",1,1,0,3,150,1,3,2,5,7
1145,1091,0,1091,1,45,"NT","Regional","6:00 AM - 12:00 PM",1,1,1,2,66,2,4,10,10,20
62,619,0,619,0,38,"VIC","Urban","12:00 AM - 6:00 AM",1,1,1,3,114,1,3,7,5,12
1047,358,0,358,1,21,"VIC","Urban","6:00 AM - 12:00 PM",1,1,1,3,36,1,4,6,3,9
1740,427,0,427,1,29,"WA","Urban","6:00 PM - 12:00 AM",1,1,0,2,102,2,3,9,9,18
878,2957,1748,1209,0,47,"NSW","Urban","6:00 PM - 12:00 AM",0,0,0,3,132,3,4,7,7,14
831,3246,1739,1507,1,44,"SA","Urban","6:00 PM - 12:00 AM",0,0,1,2,96,3,4,10,10,20
1655,614,0,614,0,28,"VIC","Urban","6:00 PM - 12:00 AM",1,1,0,3,36,1,3,4,4,8
1130,971,0,971,0,40,"SA","Regional","6:00 AM - 12:00 PM",1,1,1,1,156,1,3,7,10,17
751,3380,1900,1480,0,59,"TAS","Urban","6:00 PM - 12:00 AM",0,0,0,1,120,3,3,6,5,11
879,1060,0,1060,1,44,"TAS","Urban","12:00 PM - 6:00 PM",0,1,0,3,180,1,3,4,4,8
1271,277,0,277,0,21,"SA","Regional","6:00 AM - 12:00 PM",1,1,1,3,18,1,3,0,0,0
1817,247,0,247,0,23,"NT","Urban","6:00 PM - 12:00 AM",1,1,0,3,78,1,4,8,10,18
1119,3872,1913,1959,1,52,"TAS","Urban","6:00 AM - 12:00 PM",0,0,0,1,108,4,2,6,6,12
943,667,0,667,1,34,"VIC","Urban","6:00 AM - 12:00 PM",1,1,0,3,90,1,3,10,10,20
160,3086,1718,1368,0,54,"WA","Urban","12:00 AM - 6:00 AM",0,0,1,3,162,1,2,5,5,10
1918,3717,1777,1940,0,52,"NSW","Regional","6:00 PM - 12:00 AM",0,0,1,3,42,3,4,4,3,7
1710,2290,1999,291,0,44,"QLD","Regional","6:00 PM - 12:00 AM",0,1,1,3,138,3,3,9,9,18
1151,977,0,977,0,29,"VIC","Urban","6:00 AM - 12:00 PM",1,1,0,1,114,1,3,7,2,9
47,1030,0,1030,1,31,"VIC","Urban","12:00 PM - 6:00 PM",1,1,0,2,162,2,2,4,7,11
91,522,0,522,0,33,"NSW","Urban","12:00 PM - 6:00 PM",1,1,1,3,24,1,2,1,0,1
1454,204,0,204,0,25,"TAS","Regional","6:00 AM - 12:00 PM",0,1,1,3,120,1,2,10,8,18
1217,751,0,751,0,37,"QLD","Urban","6:00 AM - 12:00 PM",1,1,1,1,126,1,4,5,5,10
1396,765,0,765,1,27,"TAS","Urban","6:00 AM - 12:00 PM",0,1,0,3,156,1,3,3,3,6
1732,3481,1736,1745,1,59,"SA","Urban","6:00 PM - 12:00 AM",1,0,0,3,72,4,3,7,9,16
1989,447,0,447,1,20,"ACT","Urban","6:00 PM - 12:00 AM",1,1,1,3,126,2,5,6,4,10
756,2110,1884,226,0,36,"TAS","Urban","6:00 PM - 12:00 AM",1,1,1,3,180,2,2,2,1,3
259,3483,2021,1462,1,42,"NSW","Urban","12:00 AM - 6:00 AM",0,1,0,2,84,2,3,4,3,7
81,576,0,576,0,21,"QLD","Urban","12:00 AM - 6:00 AM",1,0,1,2,24,2,3,3,0,3
489,4007,2348,1659,0,53,"QLD","Regional","6:00 PM - 12:00 AM",1,0,0,3,84,4,4,9,10,19
1170,2093,1598,495,0,44,"QLD","Remote","6:00 AM - 12:00 PM",1,1,1,2,120,1,4,9,10,19
1571,3893,2348,1545,0,48,"NSW","Remote","6:00 AM - 12:00 PM",0,1,1,3,126,1,3,9,4,13
1629,1409,0,1409,0,53,"ACT","Urban","6:00 PM - 12:00 AM",1,1,1,3,96,2,1,7,8,15
1844,212,0,212,0,41,"QLD","Remote","6:00 PM - 12:00 AM",1,1,0,2,72,1,2,4,1,5
1242,999,0,999,1,30,"VIC","Urban","6:00 AM - 12:00 PM",0,1,0,3,168,2,3,4,8,12
809,2735,1581,1154,1,44,"WA","Urban","6:00 PM - 12:00 AM",0,0,1,3,54,4,4,7,10,17
510,4462,1970,2492,1,52,"ACT","Urban","6:00 PM - 12:00 AM",0,0,0,2,168,4,3,4,7,11
1319,1616,1292,324,1,38,"VIC","Urban","6:00 AM - 12:00 PM",0,1,1,3,84,2,2,4,4,8
859,360,0,360,1,22,"WA","Urban","6:00 PM - 12:00 AM",1,0,1,3,150,2,2,7,3,10
936,1738,1364,374,1,41,"WA","Urban","6:00 AM - 12:00 PM",1,1,0,3,168,1,2,7,7,14
677,1058,0,1058,1,34,"NSW","Regional","6:00 PM - 12:00 AM",1,0,0,2,132,2,1,2,2,4
1173,519,0,519,1,28,"TAS","Urban","6:00 AM - 12:00 PM",1,1,1,3,162,2,2,0,2,2
1547,184,0,184,0,60,"NSW","Regional","6:00 AM - 12:00 PM",1,0,0,1,48,1,3,6,3,9
1795,944,0,944,1,38,"VIC","Urban","6:00 PM - 12:00 AM",1,1,1,1,60,2,3,7,5,12
1466,4140,2222,1918,0,49,"NSW","Urban","6:00 AM - 12:00 PM",0,0,0,3,168,3,2,2,0,2
1952,1044,0,1044,1,38,"NSW","Urban","6:00 PM - 12:00 AM",1,0,0,3,90,2,4,8,10,18
1770,942,0,942,1,33,"NSW","Urban","6:00 PM - 12:00 AM",0,1,0,3,168,1,3,3,0,3
514,3896,2272,1624,0,47,"NSW","Urban","6:00 PM - 12:00 AM",1,0,1,1,60,1,3,5,3,8
350,722,0,722,1,25,"VIC","Urban","6:00 PM - 12:00 AM",1,1,1,1,120,1,3,10,9,19
371,960,0,960,1,38,"WA","Regional","6:00 PM - 12:00 AM",1,1,0,3,12,2,4,0,0,0
1441,2011,1718,293,0,39,"NSW","Urban","6:00 AM - 12:00 PM",0,0,0,3,180,1,3,7,4,11
160,3086,1718,1368,0,54,"WA","Urban","12:00 AM - 6:00 AM",0,0,1,3,162,1,2,5,5,10
269,184,0,184,1,21,"NT","Urban","12:00 PM - 6:00 PM",1,1,0,1,72,1,3,3,2,5
896,846,0,846,0,38,"TAS","Urban","6:00 AM - 12:00 PM",1,1,0,3,48,1,2,2,1,3
1871,4689,2493,2196,1,45,"NT","Regional","6:00 PM - 12:00 AM",1,0,0,3,132,4,3,8,9,17
874,1835,1656,179,0,39,"NSW","Urban","6:00 PM - 12:00 AM",1,1,0,3,180,2,1,1,0,1
1496,174,0,174,1,56,"NSW","Regional","6:00 AM - 12:00 PM",1,0,1,1,102,1,2,8,8,16
1072,1517,0,1517,1,60,"VIC","Urban","6:00 AM - 12:00 PM",0,1,1,3,108,2,4,10,10,20
1134,142,0,142,1,26,"TAS","Remote","6:00 AM - 12:00 PM",1,1,0,2,180,1,2,3,6,9
655,175,0,175,1,56,"ACT","Urban","6:00 PM - 12:00 AM",0,1,1,2,42,1,3,2,1,3
565,3978,1977,2001,1,46,"NSW","Regional","6:00 PM - 12:00 AM",1,0,1,3,114,2,5,10,10,20
1667,859,0,859,1,26,"NSW","Urban","6:00 PM - 12:00 AM",1,1,0,1,162,1,3,5,7,12
634,3234,1607,1627,1,56,"WA","Urban","6:00 PM - 12:00 AM",0,0,1,3,180,1,4,6,9,15
1358,313,0,313,0,22,"ACT","Regional","12:00 PM - 6:00 PM",1,1,0,3,114,2,3,7,6,13
1015,287,0,287,0,23,"VIC","Urban","6:00 AM - 12:00 PM",1,1,1,3,180,2,4,1,1,2
57,1644,0,1644,1,45,"ACT","Urban","12:00 AM - 6:00 AM",0,1,0,1,48,2,3,6,5,11
1919,3920,2409,1511,0,46,"VIC","Urban","6:00 PM - 12:00 AM",0,0,0,3,96,1,4,9,10,19
994,338,0,338,1,24,"VIC","Regional","6:00 AM - 12:00 PM",1,1,0,3,108,1,2,10,10,20
1806,222,0,222,1,23,"NSW","Urban","6:00 PM - 12:00 AM",0,1,0,3,66,1,3,7,4,11
1849,3526,2157,1369,1,46,"ACT","Urban","6:00 PM - 12:00 AM",1,0,1,1,156,2,5,6,10,16
830,185,0,185,0,33,"VIC","Urban","6:00 PM - 12:00 AM",1,1,0,3,30,1,3,5,4,9
558,403,0,403,1,26,"NT","Regional","12:00 PM - 6:00 PM",0,1,1,3,162,1,2,2,2,4
245,238,0,238,0,35,"VIC","Urban","12:00 AM - 6:00 AM",1,0,1,1,78,1,4,6,8,14
1932,4102,2313,1789,0,55,"NSW","Urban","6:00 PM - 12:00 AM",0,0,1,3,72,3,3,10,9,19
192,1334,0,1334,0,35,"WA","Urban","12:00 AM - 6:00 AM",1,1,1,3,96,2,3,7,10,17
1667,859,0,859,1,26,"NSW","Urban","6:00 PM - 12:00 AM",1,1,0,1,162,1,3,5,7,12
1316,3594,1905,1689,1,50,"TAS","Urban","6:00 AM - 12:00 PM",0,0,1,3,42,3,3,5,9,14
1905,3961,2039,1922,1,44,"NSW","Remote","6:00 PM - 12:00 AM",0,0,0,3,132,2,3,4,4,8
1154,267,0,267,0,23,"TAS","Regional","6:00 AM - 12:00 PM",1,1,0,2,90,1,4,10,10,20
927,1390,0,1390,0,44,"SA","Urban","6:00 AM - 12:00 PM",1,1,0,3,96,2,4,9,10,19
221,188,0,188,0,42,"NT","Regional","12:00 AM - 6:00 AM",1,0,0,2,12,1,3,2,0,2
212,3015,1694,1321,0,42,"WA","Urban","12:00 AM - 6:00 AM",0,0,1,3,66,2,4,10,10,20
503,3556,1846,1710,0,55,"VIC","Urban","6:00 PM - 12:00 AM",0,0,0,3,18,4,3,0,0,0
1174,906,0,906,0,31,"VIC","Regional","6:00 AM - 12:00 PM",1,1,1,3,150,1,2,9,9,18
1094,4059,2256,1803,0,49,"NSW","Urban","6:00 AM - 12:00 PM",0,0,1,2,114,1,2,10,10,20
1639,1376,0,1376,0,47,"VIC","Urban","6:00 PM - 12:00 AM",0,0,0,3,54,2,3,7,7,14
837,3701,2246,1455,1,52,"SA","Regional","6:00 PM - 12:00 AM",0,0,0,3,114,3,3,10,10,20
941,393,0,393,0,22,"VIC","Urban","6:00 AM - 12:00 PM",1,1,0,2,42,1,5,3,3,6
594,326,0,326,1,23,"VIC","Urban","6:00 PM - 12:00 AM",1,1,0,3,144,2,4,7,7,14
1996,3285,1968,1317,0,42,"TAS","Urban","6:00 PM - 12:00 AM",0,0,0,1,168,1,3,6,10,16
1023,246,0,246,1,55,"VIC","Urban","6:00 AM - 12:00 PM",1,1,1,2,36,1,5,2,2,4
1808,3850,2067,1783,0,52,"VIC","Remote","6:00 PM - 12:00 AM",0,0,0,2,60,1,2,7,10,17
596,4506,2380,2126,0,46,"SA","Remote","6:00 PM - 12:00 AM",1,0,0,3,60,1,4,2,4,6
954,942,0,942,1,40,"VIC","Regional","6:00 AM - 12:00 PM",1,1,0,3,156,2,2,5,8,13
1801,3276,1859,1417,0,55,"NSW","Urban","6:00 PM - 12:00 AM",1,0,0,3,156,3,3,6,10,16
842,410,0,410,0,22,"VIC","Urban","6:00 PM - 12:00 AM",1,0,1,1,156,2,2,4,3,7
445,3920,1950,1970,1,46,"SA","Regional","6:00 PM - 12:00 AM",1,0,0,2,162,2,3,2,6,8
98,448,0,448,1,21,"NSW","Urban","12:00 AM - 6:00 AM",0,0,0,3,132,1,3,10,10,20
1146,3416,2123,1293,1,51,"NSW","Urban","6:00 AM - 12:00 PM",1,0,1,3,36,3,3,6,5,11
1488,217,0,217,0,21,"ACT","Regional","6:00 AM - 12:00 PM",1,1,1,3,108,1,2,10,8,18
1179,359,0,359,1,26,"NSW","Urban","6:00 AM - 12:00 PM",1,1,1,1,144,1,1,4,3,7
95,438,0,438,1,21,"NSW","Urban","12:00 AM - 6:00 AM",1,0,0,3,168,2,3,3,2,5
1281,479,0,479,1,28,"NSW","Remote","6:00 AM - 12:00 PM",0,1,1,1,126,2,3,10,10,20
1851,531,0,531,1,31,"NSW","Urban","6:00 PM - 12:00 AM",1,1,0,3,30,2,3,0,0,0
1400,188,0,188,0,42,"NSW","Urban","6:00 AM - 12:00 PM",1,0,0,2,108,1,5,8,5,13
283,1468,0,1468,0,35,"QLD","Regional","12:00 AM - 6:00 AM",0,1,0,3,120,1,3,9,9,18
170,1930,1599,331,1,36,"NSW","Urban","12:00 AM - 6:00 AM",1,1,1,2,12,2,4,8,4,12
1240,1198,0,1198,0,39,"TAS","Urban","6:00 AM - 12:00 PM",0,1,1,3,78,2,3,8,10,18
1615,227,0,227,1,20,"ACT","Urban","6:00 AM - 12:00 PM",0,0,1,3,42,1,4,10,10,20
1130,971,0,971,0,40,"SA","Regional","6:00 AM - 12:00 PM",1,1,1,1,156,1,3,7,10,17
459,4704,2548,2156,0,46,"NSW","Regional","6:00 PM - 12:00 AM",1,0,0,3,90,3,2,5,8,13
1729,493,0,493,1,39,"NSW","Urban","6:00 PM - 12:00 AM",1,1,0,3,48,2,3,5,4,9
496,4352,2570,1782,0,55,"NSW","Urban","6:00 PM - 12:00 AM",0,0,1,1,84,3,3,8,7,15
432,162,0,162,1,22,"NT","Urban","6:00 PM - 12:00 AM",1,1,0,3,30,1,4,7,6,13
1246,323,0,323,0,20,"WA","Urban","6:00 AM - 12:00 PM",0,1,1,1,12,1,1,2,0,2
779,1482,1256,226,0,26,"VIC","Urban","12:00 PM - 6:00 PM",1,1,1,1,48,1,3,3,2,5
651,3687,1928,1759,0,53,"NSW","Urban","6:00 PM - 12:00 AM",0,0,1,3,78,2,2,8,8,16
1458,4443,2230,2213,0,51,"SA","Urban","12:00 PM - 6:00 PM",1,0,0,1,60,4,3,10,5,15
1613,1613,1280,333,0,35,"TAS","Urban","12:00 PM - 6:00 PM",0,1,0,3,108,2,5,8,8,16
1270,4187,2300,1887,1,51,"NSW","Regional","6:00 AM - 12:00 PM",1,0,1,1,138,2,3,9,4,13
1211,744,0,744,0,29,"VIC","Urban","6:00 AM - 12:00 PM",0,1,0,3,84,2,4,10,10,20
199,3440,2326,1114,0,56,"SA","Urban","12:00 AM - 6:00 AM",0,0,0,1,156,4,2,8,6,14
1365,177,0,177,0,24,"TAS","Regional","6:00 AM - 12:00 PM",0,1,1,1,108,1,2,10,10,20
1429,2087,1621,466,0,38,"NSW","Regional","6:00 AM - 12:00 PM",0,0,0,1,18,1,4,8,7,15
176,243,0,243,0,31,"VIC","Regional","12:00 AM - 6:00 AM",1,1,0,3,78,1,3,10,10,20
1679,184,0,184,1,30,"ACT","Urban","6:00 PM - 12:00 AM",1,1,1,3,180,1,2,5,6,11
1956,425,0,425,1,20,"NSW","Urban","6:00 PM - 12:00 AM",1,1,0,1,126,1,4,9,6,15
260,2664,1612,1052,1,45,"NSW","Regional","12:00 AM - 6:00 AM",0,0,0,3,30,4,4,10,9,19
737,3426,1670,1756,0,49,"NSW","Regional","6:00 PM - 12:00 AM",0,1,1,3,102,3,4,7,9,16
345,2653,1259,1394,0,37,"QLD","Urban","6:00 PM - 12:00 AM",1,1,0,3,120,3,5,6,5,11
1634,196,0,196,1,54,"VIC","Urban","6:00 PM - 12:00 AM",1,1,0,3,132,1,4,8,10,18
1653,452,0,452,1,35,"VIC","Urban","6:00 PM - 12:00 AM",1,1,0,3,180,2,3,6,4,10
170,1930,1599,331,1,36,"NSW","Urban","12:00 AM - 6:00 AM",1,1,1,2,12,2,4,8,4,12
938,1875,1730,145,0,44,"QLD","Urban","6:00 AM - 12:00 PM",1,1,0,2,132,2,2,9,8,17
272,4199,2172,2027,0,47,"NSW","Urban","12:00 AM - 6:00 AM",0,1,0,3,174,3,2,0,0,0
999,1349,1147,202,0,24,"VIC","Urban","6:00 AM - 12:00 PM",1,1,1,3,174,1,4,2,0,2
1469,317,0,317,1,21,"TAS","Urban","12:00 PM - 6:00 PM",1,1,1,1,156,2,4,6,6,12
1406,324,0,324,1,25,"QLD","Urban","6:00 AM - 12:00 PM",1,0,0,3,72,2,4,5,6,11
953,257,0,257,1,18,"TAS","Regional","6:00 AM - 12:00 PM",1,1,0,3,18,1,3,2,1,3
956,486,0,486,1,37,"NT","Remote","6:00 AM - 12:00 PM",1,1,1,3,114,1,3,10,10,20
1017,2026,1563,463,0,58,"NT","Urban","6:00 AM - 12:00 PM",0,1,0,3,72,1,2,7,7,14
784,2237,1873,364,0,35,"NSW","Urban","6:00 PM - 12:00 AM",1,1,0,3,162,2,3,3,6,9
948,290,0,290,0,25,"VIC","Regional","6:00 AM - 12:00 PM",1,1,1,3,84,1,5,10,10,20
1002,965,0,965,0,39,"WA","Urban","12:00 PM - 6:00 PM",0,1,0,3,24,1,3,0,1,1
1395,679,0,679,1,34,"VIC","Regional","6:00 AM - 12:00 PM",1,1,1,1,72,1,2,5,5,10
384,4208,2092,2116,1,55,"NSW","Urban","6:00 PM - 12:00 AM",0,0,0,2,132,2,2,6,5,11
508,1594,1300,294,1,31,"TAS","Urban","6:00 PM - 12:00 AM",0,1,0,1,12,2,4,4,1,5
1446,198,0,198,0,21,"VIC","Regional","12:00 PM - 6:00 PM",1,1,1,3,168,1,3,3,6,9
1905,3961,2039,1922,1,44,"NSW","Remote","6:00 PM - 12:00 AM",0,0,0,3,132,2,3,4,4,8
1382,1536,1367,169,1,26,"QLD","Urban","6:00 AM - 12:00 PM",1,1,1,3,42,2,2,0,0,0
912,2140,1655,485,0,60,"VIC","Urban","6:00 AM - 12:00 PM",0,0,0,3,96,1,3,6,6,12
144,4019,2032,1987,0,41,"ACT","Regional","12:00 AM - 6:00 AM",0,1,0,3,96,1,3,10,10,20
209,153,0,153,1,30,"VIC","Urban","12:00 AM - 6:00 AM",1,1,0,3,150,1,2,6,6,12
451,702,0,702,1,36,"NSW","Urban","6:00 PM - 12:00 AM",1,1,0,3,162,2,3,1,1,2
628,2307,1656,651,1,43,"VIC","Urban","6:00 PM - 12:00 AM",1,1,1,3,162,2,3,8,5,13
1853,2927,1543,1384,1,40,"NSW","Regional","6:00 PM - 12:00 AM",1,1,1,3,126,3,5,8,8,16
1945,4365,2491,1874,0,51,"NSW","Regional","6:00 PM - 12:00 AM",0,0,1,2,138,4,3,9,10,19
1416,1777,1514,263,0,34,"NSW","Urban","6:00 AM - 12:00 PM",0,0,1,2,66,1,2,10,10,20
1011,1422,0,1422,0,58,"NT","Urban","6:00 AM - 12:00 PM",0,1,1,3,24,1,3,5,8,13
678,227,0,227,0,51,"NSW","Urban","6:00 PM - 12:00 AM",0,1,1,3,84,1,4,10,10,20
1741,4363,2318,2045,0,58,"NSW","Regional","6:00 PM - 12:00 AM",1,0,0,1,162,1,3,2,0,2
323,230,0,230,0,51,"NT","Regional","6:00 PM - 12:00 AM",1,1,1,2,60,1,3,8,10,18
311,3411,2049,1362,1,52,"WA","Urban","6:00 PM - 12:00 AM",0,0,0,1,36,3,2,8,7,15
305,3536,1852,1684,0,59,"WA","Urban","6:00 PM - 12:00 AM",0,0,0,3,48,3,1,5,3,8
75,389,0,389,0,20,"NSW","Urban","12:00 AM - 6:00 AM",0,1,0,3,120,2,3,2,5,7
240,3127,1987,1140,0,42,"NSW","Urban","12:00 AM - 6:00 AM",0,0,0,3,90,4,3,8,7,15
154,4206,2017,2189,0,51,"QLD","Urban","12:00 AM - 6:00 AM",0,1,1,3,90,1,4,3,7,10
938,1875,1730,145,0,44,"QLD","Urban","6:00 AM - 12:00 PM",1,1,0,2,132,2,2,9,8,17
1515,3077,1855,1222,0,58,"WA","Urban","6:00 AM - 12:00 PM",0,0,0,2,102,3,3,9,10,19
100,246,0,246,1,27,"VIC","Urban","12:00 AM - 6:00 AM",0,0,1,1,162,1,2,2,2,4
481,277,0,277,1,21,"NSW","Urban","6:00 PM - 12:00 AM",0,1,0,3,132,2,4,7,4,11
270,1283,0,1283,0,38,"SA","Urban","12:00 AM - 6:00 AM",1,0,0,3,84,2,2,10,10,20
1048,1522,0,1522,1,46,"VIC","Regional","6:00 AM - 12:00 PM",0,1,1,2,144,2,3,4,8,12
1808,3850,2067,1783,0,52,"VIC","Remote","6:00 PM - 12:00 AM",0,0,0,2,60,1,2,7,10,17
1929,4346,2401,1945,1,44,"NT","Urban","6:00 PM - 12:00 AM",1,0,0,3,132,4,4,8,7,15
1860,238,0,238,1,50,"VIC","Urban","6:00 PM - 12:00 AM",0,1,1,3,126,1,3,9,8,17
139,1309,1165,144,0,20,"QLD","Urban","12:00 AM - 6:00 AM",1,0,0,3,108,1,4,9,10,19
552,829,0,829,1,36,"QLD","Urban","6:00 PM - 12:00 AM",1,1,1,3,102,2,2,9,8,17
1235,210,0,210,1,24,"NSW","Remote","6:00 AM - 12:00 PM",1,1,0,2,126,1,4,4,8,12
1801,3276,1859,1417,0,55,"NSW","Urban","6:00 PM - 12:00 AM",1,0,0,3,156,3,3,6,10,16
744,3919,1880,2039,0,59,"VIC","Urban","6:00 PM - 12:00 AM",0,0,1,3,126,2,3,5,7,12
1572,257,0,257,1,53,"SA","Urban","6:00 AM - 12:00 PM",1,0,0,1,150,1,3,4,4,8
139,1309,1165,144,0,20,"QLD","Urban","12:00 AM - 6:00 AM",1,0,0,3,108,1,4,9,10,19
246,237,0,237,1,48,"QLD","Urban","12:00 AM - 6:00 AM",1,1,1,2,138,1,3,10,10,20
1770,942,0,942,1,33,"NSW","Urban","6:00 PM - 12:00 AM",0,1,0,3,168,1,3,3,0,3
1403,490,0,490,0,23,"NT","Urban","6:00 AM - 12:00 PM",1,0,1,3,30,1,5,2,2,4
1616,150,0,150,0,42,"WA","Regional","6:00 PM - 12:00 AM",1,1,0,3,12,1,4,1,4,5
1230,216,0,216,0,38,"NSW","Remote","6:00 AM - 12:00 PM",1,1,1,2,108,1,2,4,4,8
630,1257,0,1257,1,42,"NSW","Urban","6:00 PM - 12:00 AM",0,1,0,3,90,1,3,2,5,7
1353,594,0,594,0,36,"SA","Urban","6:00 AM - 12:00 PM",0,1,1,2,78,1,5,3,5,8
1220,1570,1385,185,1,33,"NSW","Regional","6:00 AM - 12:00 PM",1,1,0,1,120,2,2,10,10,20
790,1128,0,1128,0,33,"VIC","Urban","6:00 PM - 12:00 AM",1,1,0,2,96,2,4,8,8,16
149,4054,2194,1860,0,58,"NSW","Urban","12:00 AM - 6:00 AM",0,1,0,3,42,1,3,2,3,5
1893,2005,1558,447,0,38,"NSW","Regional","6:00 PM - 12:00 AM",0,0,0,1,102,1,3,10,10,20
1850,4457,2359,2098,0,49,"NSW","Urban","6:00 PM - 12:00 AM",0,0,0,3,12,1,3,5,4,9
1249,158,0,158,0,60,"NSW","Urban","6:00 AM - 12:00 PM",1,1,1,2,156,1,2,4,4,8
1872,3330,1779,1551,0,52,"NSW","Urban","6:00 PM - 12:00 AM",0,0,0,2,78,1,3,6,6,12
1937,1774,1401,373,1,39,"TAS","Urban","6:00 PM - 12:00 AM",0,0,0,3,60,2,4,10,8,18
188,257,0,257,0,38,"NSW","Urban","12:00 AM - 6:00 AM",1,1,1,3,174,1,2,7,7,14
237,162,0,162,0,27,"NSW","Urban","12:00 AM - 6:00 AM",1,1,1,3,174,1,1,5,7,12
1583,408,0,408,1,25,"NSW","Urban","6:00 AM - 12:00 PM",1,1,0,1,168,1,4,8,3,11
1953,3065,1909,1156,0,53,"WA","Urban","6:00 PM - 12:00 AM",0,1,0,2,72,2,3,3,2,5
1800,416,0,416,0,29,"VIC","Regional","6:00 PM - 12:00 AM",1,1,1,2,42,1,4,3,3,6
1214,264,0,264,0,24,"VIC","Urban","6:00 AM - 12:00 PM",0,1,1,2,66,1,3,6,5,11
952,346,0,346,0,25,"VIC","Urban","6:00 AM - 12:00 PM",1,1,0,3,96,1,2,3,3,6
1170,2093,1598,495,0,44,"QLD","Remote","6:00 AM - 12:00 PM",1,1,1,2,120,1,4,9,10,19
1277,3056,1652,1404,1,52,"TAS","Regional","6:00 AM - 12:00 PM",1,0,0,3,120,1,2,7,5,12
1125,401,0,401,1,29,"VIC","Remote","12:00 PM - 6:00 PM",1,1,1,3,54,2,2,10,9,19
1887,1488,0,1488,1,36,"NT","Urban","6:00 PM - 12:00 AM",0,0,0,3,12,1,2,5,4,9
1442,4432,2390,2042,0,47,"VIC","Urban","6:00 AM - 12:00 PM",1,0,0,3,48,3,4,0,4,4
1118,4476,2554,1922,0,50,"NSW","Urban","6:00 AM - 12:00 PM",0,0,0,3,30,4,5,9,9,18
514,3896,2272,1624,0,47,"NSW","Urban","6:00 PM - 12:00 AM",1,0,1,1,60,1,3,5,3,8
41,1987,1773,214,0,43,"WA","Urban","12:00 AM - 6:00 AM",1,1,1,1,174,1,3,0,0,0
1208,4243,2253,1990,0,56,"NSW","Urban","6:00 AM - 12:00 PM",1,0,1,3,162,1,3,2,1,3
1200,4647,2638,2009,0,52,"NT","Urban","6:00 AM - 12:00 PM",0,0,1,3,24,1,4,9,8,17
1240,1198,0,1198,0,39,"TAS","Urban","6:00 AM - 12:00 PM",0,1,1,3,78,2,3,8,10,18
62,619,0,619,0,38,"VIC","Urban","12:00 AM - 6:00 AM",1,1,1,3,114,1,3,7,5,12
1743,1414,0,1414,1,41,"ACT","Urban","6:00 PM - 12:00 AM",1,1,0,3,156,4,2,2,2,4
485,352,0,352,1,24,"QLD","Urban","6:00 PM - 12:00 AM",0,1,1,3,48,1,4,7,6,13
1989,447,0,447,1,20,"ACT","Urban","6:00 PM - 12:00 AM",1,1,1,3,126,2,5,6,4,10
1009,909,0,909,0,45,"VIC","Urban","6:00 AM - 12:00 PM",1,1,0,3,78,2,3,6,5,11
1118,4476,2554,1922,0,50,"NSW","Urban","6:00 AM - 12:00 PM",0,0,0,3,30,4,5,9,9,18
1058,1655,0,1655,1,59,"VIC","Urban","6:00 AM - 12:00 PM",0,1,1,3,144,2,3,6,5,11
684,2284,1956,328,1,38,"VIC","Urban","6:00 PM - 12:00 AM",0,0,0,1,102,2,3,6,5,11
1627,245,0,245,0,24,"QLD","Urban","6:00 PM - 12:00 AM",1,1,1,2,96,1,5,7,7,14
1716,1328,0,1328,1,41,"NSW","Urban","6:00 PM - 12:00 AM",0,1,0,3,90,1,2,10,10,20
763,774,0,774,0,27,"QLD","Regional","6:00 PM - 12:00 AM",1,1,0,3,114,1,3,10,10,20
529,691,0,691,1,39,"VIC","Regional","6:00 PM - 12:00 AM",0,1,0,3,36,1,4,1,2,3
1042,909,0,909,0,33,"NT","Urban","6:00 AM - 12:00 PM",1,1,1,2,102,2,3,10,10,20
1072,1517,0,1517,1,60,"VIC","Urban","6:00 AM - 12:00 PM",0,1,1,3,108,2,4,10,10,20
1902,3620,2080,1540,1,52,"NSW","Regional","12:00 PM - 6:00 PM",1,0,1,3,102,2,3,7,7,14
1688,208,0,208,1,43,"SA","Urban","6:00 PM - 12:00 AM",1,1,1,2,30,1,4,6,8,14
476,1522,1212,310,1,38,"NSW","Urban","6:00 PM - 12:00 AM",1,1,1,1,102,2,2,10,10,20
311,3411,2049,1362,1,52,"WA","Urban","6:00 PM - 12:00 AM",0,0,0,1,36,3,2,8,7,15
687,349,0,349,0,25,"NSW","Regional","6:00 PM - 12:00 AM",1,0,1,1,108,1,5,6,6,12
234,201,0,201,0,35,"NT","Urban","12:00 AM - 6:00 AM",1,0,0,2,90,1,2,4,8,12
744,3919,1880,2039,0,59,"VIC","Urban","6:00 PM - 12:00 AM",0,0,1,3,126,2,3,5,7,12
837,3701,2246,1455,1,52,"SA","Regional","6:00 PM - 12:00 AM",0,0,0,3,114,3,3,10,10,20
1160,4289,2521,1768,0,47,"ACT","Regional","6:00 AM - 12:00 PM",0,0,1,1,174,4,2,8,7,15
1655,614,0,614,0,28,"VIC","Urban","6:00 PM - 12:00 AM",1,1,0,3,36,1,3,4,4,8
1412,192,0,192,0,28,"QLD","Urban","6:00 AM - 12:00 PM",1,0,0,2,84,1,3,6,2,8
711,187,0,187,1,47,"WA","Urban","6:00 PM - 12:00 AM",0,0,0,3,30,1,4,6,6,12
1157,3078,1913,1165,1,54,"NSW","Urban","6:00 AM - 12:00 PM",0,0,0,3,48,4,4,6,6,12
944,1971,1752,219,1,47,"VIC","Urban","6:00 AM - 12:00 PM",1,1,0,3,78,2,3,5,5,10
1071,1674,0,1674,0,51,"WA","Urban","6:00 AM - 12:00 PM",0,1,0,3,24,2,4,3,4,7
277,508,0,508,0,21,"NSW","Urban","12:00 AM - 6:00 AM",1,1,1,3,48,2,3,8,7,15
1034,489,0,489,0,37,"VIC","Urban","6:00 AM - 12:00 PM",1,1,0,2,30,2,2,7,5,12
1365,177,0,177,0,24,"TAS","Regional","6:00 AM - 12:00 PM",0,1,1,1,108,1,2,10,10,20
1656,802,0,802,1,27,"VIC","Urban","6:00 PM - 12:00 AM",1,1,1,2,78,2,2,9,7,16
1264,424,0,424,0,33,"VIC","Urban","6:00 AM - 12:00 PM",0,1,0,3,18,2,3,3,2,5
56,4141,2691,1450,1,58,"NSW","Urban","12:00 AM - 6:00 AM",1,0,1,3,108,4,2,10,9,19
1324,3528,2009,1519,0,56,"NT","Urban","12:00 PM - 6:00 PM",1,0,0,3,60,3,4,8,8,16
1153,337,0,337,1,21,"WA","Urban","6:00 AM - 12:00 PM",1,1,0,3,96,2,2,9,9,18
125,462,0,462,0,39,"NSW","Remote","12:00 PM - 6:00 PM",1,1,1,2,90,1,3,6,3,9
1032,1218,0,1218,0,49,"VIC","Urban","6:00 AM - 12:00 PM",1,1,1,3,150,1,3,2,1,3
366,1455,1318,137,1,27,"VIC","Remote","6:00 PM - 12:00 AM",1,1,0,2,150,1,2,7,8,15
357,3602,1853,1749,0,60,"SA","Urban","6:00 PM - 12:00 AM",0,0,0,3,30,1,2,5,7,12
1609,230,0,230,0,46,"NSW","Regional","6:00 AM - 12:00 PM",1,1,0,3,36,1,2,7,3,10
391,4015,2283,1732,0,49,"WA","Urban","12:00 PM - 6:00 PM",0,0,1,2,84,2,3,10,10,20
1381,1102,0,1102,1,26,"NSW","Regional","6:00 AM - 12:00 PM",0,1,1,1,36,1,3,2,0,2
1274,1523,1396,127,0,28,"VIC","Urban","6:00 AM - 12:00 PM",1,1,0,3,72,2,2,5,5,10
400,222,0,222,1,21,"NSW","Regional","6:00 PM - 12:00 AM",1,1,0,3,72,1,3,4,5,9
1077,465,0,465,1,29,"NSW","Urban","6:00 AM - 12:00 PM",1,1,0,2,60,2,3,6,5,11
919,2186,1659,527,0,56,"TAS","Urban","6:00 AM - 12:00 PM",0,0,0,3,138,1,2,8,10,18
506,262,0,262,0,24,"NSW","Urban","6:00 PM - 12:00 AM",1,1,0,3,114,1,4,10,10,20
1239,322,0,322,0,23,"SA","Urban","6:00 AM - 12:00 PM",0,1,0,3,138,1,3,7,6,13
1843,3349,1739,1610,1,56,"NSW","Urban","6:00 PM - 12:00 AM",0,0,1,2,120,1,3,10,10,20
1242,999,0,999,1,30,"VIC","Urban","6:00 AM - 12:00 PM",0,1,0,3,168,2,3,4,8,12
1184,327,0,327,1,24,"NSW","Urban","6:00 AM - 12:00 PM",0,1,1,3,24,2,2,1,3,4
1451,726,0,726,1,24,"QLD","Urban","6:00 AM - 12:00 PM",1,0,0,3,72,1,3,6,10,16
549,155,0,155,0,25,"QLD","Remote","6:00 PM - 12:00 AM",0,1,0,3,132,1,2,8,8,16
1729,493,0,493,1,39,"NSW","Urban","6:00 PM - 12:00 AM",1,1,0,3,48,2,3,5,4,9
1577,3470,2007,1463,1,57,"NSW","Urban","6:00 AM - 12:00 PM",0,0,1,1,84,4,3,10,9,19
1636,2339,1910,429,0,51,"VIC","Urban","6:00 PM - 12:00 AM",0,0,0,1,66,2,3,6,7,13
1279,3939,2348,1591,0,46,"NSW","Urban","6:00 AM - 12:00 PM",0,0,1,3,60,4,4,6,5,11
154,4206,2017,2189,0,51,"QLD","Urban","12:00 AM - 6:00 AM",0,1,1,3,90,1,4,3,7,10
946,3043,1558,1485,1,51,"VIC","Urban","12:00 PM - 6:00 PM",1,0,1,2,174,1,3,1,0,1
1285,1124,0,1124,1,44,"VIC","Urban","6:00 AM - 12:00 PM",1,1,0,3,24,2,3,4,4,8
483,1445,1240,205,1,33,"NSW","Urban","6:00 PM - 12:00 AM",1,1,1,3,78,2,2,3,3,6
1715,710,0,710,0,31,"WA","Urban","6:00 PM - 12:00 AM",1,1,0,3,66,1,4,5,4,9
1027,580,0,580,0,33,"VIC","Regional","6:00 AM - 12:00 PM",1,1,1,1,60,2,4,9,9,18
1631,379,0,379,0,28,"VIC","Urban","6:00 PM - 12:00 AM",1,1,0,2,54,1,2,3,2,5
685,3879,1994,1885,0,49,"NSW","Urban","6:00 PM - 12:00 AM",1,1,1,1,24,1,3,5,1,6
1841,4377,2258,2119,1,47,"NSW","Regional","6:00 PM - 12:00 AM",1,0,0,2,114,4,5,10,10,20
892,1174,0,1174,1,50,"VIC","Remote","6:00 AM - 12:00 PM",0,0,0,2,180,1,3,3,3,6
208,2841,1685,1156,0,39,"VIC","Urban","12:00 AM - 6:00 AM",0,1,1,3,174,2,4,6,6,12
1456,4153,2187,1966,1,58,"NSW","Urban","6:00 AM - 12:00 PM",0,0,1,3,18,3,3,5,4,9
1003,428,0,428,0,27,"NSW","Urban","6:00 AM - 12:00 PM",1,1,0,3,120,2,4,10,10,20
223,1589,1326,263,0,24,"NSW","Urban","12:00 AM - 6:00 AM",1,0,0,2,42,2,4,10,7,17
696,1508,1398,110,0,29,"TAS","Urban","6:00 PM - 12:00 AM",0,1,0,3,132,2,5,10,7,17
1903,3765,1929,1836,0,45,"SA","Regional","6:00 PM - 12:00 AM",1,1,1,2,60,4,4,4,5,9
237,162,0,162,0,27,"NSW","Urban","12:00 AM - 6:00 AM",1,1,1,3,174,1,1,5,7,12
437,3174,1854,1320,1,52,"NSW","Urban","6:00 PM - 12:00 AM",0,0,0,3,114,2,2,5,4,9
230,444,0,444,1,28,"VIC","Urban","12:00 AM - 6:00 AM",1,0,1,3,120,1,3,1,5,6
1161,3747,2147,1600,0,46,"NT","Urban","6:00 AM - 12:00 PM",0,0,0,3,54,3,3,5,0,5
172,208,0,208,1,26,"NSW","Urban","12:00 AM - 6:00 AM",1,1,1,1,72,1,4,6,6,12
1598,148,0,148,1,58,"NSW","Urban","6:00 AM - 12:00 PM",1,0,1,3,168,1,2,0,2,2
1857,4604,2344,2260,1,46,"NSW","Urban","12:00 PM - 6:00 PM",1,0,0,2,30,1,3,4,5,9
522,3113,1708,1405,1,48,"QLD","Urban","6:00 PM - 12:00 AM",1,0,0,3,60,2,3,3,2,5
693,2970,1594,1376,0,42,"WA","Urban","6:00 PM - 12:00 AM",1,0,1,3,126,3,2,9,8,17
1759,3831,2066,1765,0,60,"VIC","Urban","6:00 PM - 12:00 AM",1,0,0,2,168,1,3,5,9,14
55,2212,1941,271,0,43,"VIC","Urban","12:00 AM - 6:00 AM",1,1,1,2,138,2,2,2,4,6
1756,4141,2183,1958,1,54,"NSW","Urban","6:00 PM - 12:00 AM",1,0,0,3,48,3,3,8,3,11
1044,310,0,310,0,20,"WA","Regional","6:00 AM - 12:00 PM",1,1,1,3,144,1,4,4,4,8
557,1369,0,1369,0,30,"VIC","Regional","12:00 PM - 6:00 PM",1,1,1,3,24,1,2,3,0,3
868,4795,2624,2171,0,51,"NSW","Urban","12:00 PM - 6:00 PM",1,0,0,3,66,2,3,10,9,19
1857,4604,2344,2260,1,46,"NSW","Urban","12:00 PM - 6:00 PM",1,0,0,2,30,1,3,4,5,9
1165,1349,0,1349,1,41,"NSW","Urban","6:00 AM - 12:00 PM",0,1,1,3,78,2,3,10,9,19
257,2223,1807,416,1,39,"NT","Urban","12:00 AM - 6:00 AM",1,0,0,3,108,1,3,8,8,16
250,1440,1322,118,1,28,"VIC","Regional","12:00 AM - 6:00 AM",1,0,0,3,78,2,2,6,10,16
409,4197,2031,2166,1,50,"VIC","Urban","6:00 PM - 12:00 AM",1,0,0,3,60,3,1,6,1,7
373,217,0,217,1,55,"VIC","Urban","6:00 PM - 12:00 AM",1,1,0,2,54,1,4,6,5,11
1065,1836,1600,236,1,50,"VIC","Urban","6:00 AM - 12:00 PM",0,0,0,1,126,1,2,7,9,16
552,829,0,829,1,36,"QLD","Urban","6:00 PM - 12:00 AM",1,1,1,3,102,2,2,9,8,17
592,4117,1884,2233,0,57,"VIC","Urban","6:00 PM - 12:00 AM",0,0,0,3,156,2,2,2,6,8
273,3301,1992,1309,1,40,"NT","Urban","12:00 AM - 6:00 AM",0,0,1,3,72,2,4,5,5,10
207,1046,0,1046,1,39,"WA","Urban","12:00 AM - 6:00 AM",1,1,1,3,78,1,5,7,6,13
284,3464,1887,1577,1,51,"NT","Remote","12:00 AM - 6:00 AM",0,0,1,3,150,3,3,4,2,6
1318,4237,2361,1876,1,59,"SA","Urban","6:00 AM - 12:00 PM",1,0,1,2,150,2,3,8,6,14
959,2828,1675,1153,1,59,"VIC","Urban","6:00 AM - 12:00 PM",1,1,1,1,36,2,3,6,4,10
335,2160,1944,216,1,48,"NT","Urban","12:00 PM - 6:00 PM",0,0,0,3,138,2,4,8,10,18
1655,614,0,614,0,28,"VIC","Urban","6:00 PM - 12:00 AM",1,1,0,3,36,1,3,4,4,8
258,303,0,303,0,25,"NT","Urban","12:00 PM - 6:00 PM",1,1,1,2,114,1,2,6,5,11
582,1819,1598,221,0,40,"WA","Urban","6:00 PM - 12:00 AM",1,1,0,1,36,1,2,0,2,2
1337,3747,1704,2043,1,48,"NSW","Urban","6:00 AM - 12:00 PM",0,0,0,3,138,4,2,4,8,12
794,929,0,929,1,36,"QLD","Urban","6:00 PM - 12:00 AM",1,1,1,2,126,2,1,8,10,18
1699,3645,1756,1889,0,49,"NSW","Regional","6:00 PM - 12:00 AM",0,0,1,2,180,2,3,5,9,14
1667,859,0,859,1,26,"NSW","Urban","6:00 PM - 12:00 AM",1,1,0,1,162,1,3,5,7,12
1044,310,0,310,0,20,"WA","Regional","6:00 AM - 12:00 PM",1,1,1,3,144,1,4,4,4,8
643,4266,2359,1907,0,52,"QLD","Urban","6:00 PM - 12:00 AM",1,0,0,2,24,1,3,4,8,12
741,1504,0,1504,0,31,"QLD","Urban","6:00 PM - 12:00 AM",0,0,0,1,60,1,3,9,6,15
1322,245,0,245,0,21,"NSW","Regional","6:00 AM - 12:00 PM",0,1,1,2,30,1,3,0,0,0
895,206,0,206,0,39,"WA","Remote","6:00 AM - 12:00 PM",1,1,0,3,30,1,4,4,6,10
721,4354,2408,1946,1,46,"ACT","Regional","6:00 PM - 12:00 AM",0,0,1,1,42,1,4,4,3,7
1107,3031,1782,1249,1,58,"NSW","Urban","6:00 AM - 12:00 PM",0,0,0,3,30,3,3,6,1,7
1409,386,0,386,0,20,"NSW","Urban","6:00 AM - 12:00 PM",0,1,0,3,144,2,4,10,10,20
1084,231,0,231,0,57,"NSW","Urban","6:00 AM - 12:00 PM",1,1,0,3,120,1,3,7,7,14
1747,4358,2345,2013,0,60,"QLD","Urban","6:00 PM - 12:00 AM",1,0,1,3,78,4,3,10,10,20
1041,153,0,153,1,29,"VIC","Regional","6:00 AM - 12:00 PM",1,1,0,3,42,1,2,4,3,7
1242,999,0,999,1,30,"VIC","Urban","6:00 AM - 12:00 PM",0,1,0,3,168,2,3,4,8,12
125,462,0,462,0,39,"NSW","Remote","12:00 PM - 6:00 PM",1,1,1,2,90,1,3,6,3,9
1231,3191,1833,1358,0,48,"NSW","Urban","6:00 AM - 12:00 PM",1,0,0,3,180,2,4,4,4,8
88,162,0,162,1,23,"NSW","Regional","12:00 AM - 6:00 AM",1,0,1,3,102,1,2,8,6,14
29,3636,2163,1473,0,46,"NSW","Regional","12:00 AM - 6:00 AM",0,0,1,3,54,4,2,8,7,15
859,360,0,360,1,22,"WA","Urban","6:00 PM - 12:00 AM",1,0,1,3,150,2,2,7,3,10
1662,1113,0,1113,0,41,"VIC","Urban","6:00 PM - 12:00 AM",1,1,1,3,102,1,2,9,9,18
1386,1657,1311,346,1,28,"QLD","Urban","6:00 AM - 12:00 PM",0,1,1,3,48,2,3,0,4,4
885,1295,0,1295,1,57,"QLD","Urban","6:00 AM - 12:00 PM",0,0,0,3,90,1,2,8,9,17
885,1295,0,1295,1,57,"QLD","Urban","6:00 AM - 12:00 PM",0,0,0,3,90,1,2,8,9,17
1028,1859,1664,195,0,51,"WA","Urban","6:00 AM - 12:00 PM",0,1,0,3,18,1,1,5,5,10
73,1324,1144,180,1,23,"NSW","Regional","12:00 AM - 6:00 AM",1,1,1,3,102,2,5,9,10,19
2000,1884,0,1884,0,56,"TAS","Regional","6:00 PM - 12:00 AM",0,0,0,3,30,2,4,5,5,10
1114,1508,1343,165,1,33,"ACT","Urban","12:00 PM - 6:00 PM",0,1,1,3,54,2,3,8,8,16
1733,3360,1800,1560,0,54,"NT","Urban","6:00 PM - 12:00 AM",0,0,1,3,60,2,3,8,7,15
90,396,0,396,1,23,"SA","Urban","12:00 AM - 6:00 AM",0,0,0,3,132,1,4,8,8,16
76,603,0,603,1,26,"NSW","Regional","12:00 AM - 6:00 AM",0,1,1,1,12,1,3,0,0,0
987,1284,0,1284,0,52,"VIC","Urban","6:00 AM - 12:00 PM",0,1,0,3,126,1,4,8,4,12
1053,1411,1258,153,1,45,"VIC","Regional","6:00 AM - 12:00 PM",1,1,1,1,150,1,3,5,1,6
161,926,0,926,0,38,"NSW","Urban","12:00 AM - 6:00 AM",1,1,1,3,18,1,3,4,4,8
240,3127,1987,1140,0,42,"NSW","Urban","12:00 AM - 6:00 AM",0,0,0,3,90,4,3,8,7,15
1307,294,0,294,0,24,"NT","Urban","6:00 AM - 12:00 PM",1,1,1,1,66,2,3,6,6,12
1269,3549,1905,1644,1,60,"VIC","Urban","12:00 PM - 6:00 PM",0,0,1,3,54,1,1,9,8,17
1544,4137,2304,1833,0,55,"ACT","Urban","6:00 AM - 12:00 PM",0,0,1,2,180,2,3,6,7,13
1738,1290,1067,223,1,38,"NSW","Urban","6:00 PM - 12:00 AM",0,1,0,3,66,1,4,10,10,20
1921,4222,2411,1811,1,43,"TAS","Urban","6:00 PM - 12:00 AM",1,1,1,2,150,1,5,10,10,20
1743,1414,0,1414,1,41,"ACT","Urban","6:00 PM - 12:00 AM",1,1,0,3,156,4,2,2,2,4
263,2675,1488,1187,0,49,"VIC","Urban","12:00 AM - 6:00 AM",0,0,0,3,144,1,3,4,2,6
931,1729,1454,275,1,40,"VIC","Urban","6:00 AM - 12:00 PM",1,1,1,3,90,1,3,10,10,20
1662,1113,0,1113,0,41,"VIC","Urban","6:00 PM - 12:00 AM",1,1,1,3,102,1,2,9,9,18
1203,351,0,351,0,24,"SA","Regional","6:00 AM - 12:00 PM",0,1,0,3,108,2,5,7,6,13
695,4178,1990,2188,0,55,"NSW","Regional","6:00 PM - 12:00 AM",1,0,0,2,96,2,3,8,10,18
1822,312,0,312,1,23,"QLD","Urban","6:00 PM - 12:00 AM",1,1,0,3,96,2,3,10,10,20
1657,936,0,936,1,39,"NSW","Regional","12:00 PM - 6:00 PM",0,1,0,3,114,1,4,9,10,19
699,1597,1380,217,1,29,"SA","Urban","6:00 PM - 12:00 AM",1,0,1,1,42,2,4,4,3,7
1452,4245,2051,2194,1,49,"NSW","Remote","6:00 AM - 12:00 PM",1,1,0,3,42,2,3,3,0,3
1641,1774,0,1774,1,51,"VIC","Regional","6:00 PM - 12:00 AM",1,1,1,3,90,3,3,10,9,19
995,350,0,350,1,22,"VIC","Urban","6:00 AM - 12:00 PM",1,1,1,3,30,2,4,6,8,14
850,3487,1991,1496,1,46,"NSW","Urban","6:00 PM - 12:00 AM",0,0,1,2,72,1,3,6,5,11
1722,1139,0,1139,1,43,"NSW","Remote","6:00 PM - 12:00 AM",1,1,0,1,54,2,4,7,6,13
670,1455,0,1455,0,36,"ACT","Regional","6:00 PM - 12:00 AM",0,1,0,2,102,2,2,5,4,9
1004,2243,1265,978,0,52,"VIC","Urban","6:00 AM - 12:00 PM",1,1,0,2,144,2,4,10,9,19
1748,1540,1337,203,0,27,"NT","Urban","6:00 PM - 12:00 AM",0,1,1,1,84,1,2,5,6,11
417,1937,1595,342,1,42,"VIC","Urban","6:00 PM - 12:00 AM",0,1,0,2,162,2,3,3,7,10
1612,2972,1957,1015,1,54,"NSW","Regional","6:00 AM - 12:00 PM",0,0,1,2,144,4,3,6,6,12
1965,1187,0,1187,0,30,"NT","Regional","6:00 PM - 12:00 AM",1,1,0,2,138,2,2,6,5,11
1628,235,0,235,0,19,"VIC","Regional","6:00 PM - 12:00 AM",1,1,0,3,120,2,2,10,10,20
26,3813,1933,1880,0,60,"WA","Urban","12:00 AM - 6:00 AM",1,0,0,1,84,1,2,9,5,14
168,2934,1892,1042,0,47,"NSW","Urban","12:00 AM - 6:00 AM",0,0,1,3,138,3,2,6,1,7
418,852,0,852,1,44,"VIC","Regional","6:00 PM - 12:00 AM",0,1,1,3,132,1,2,7,4,11
505,3955,2022,1933,1,56,"VIC","Urban","6:00 PM - 12:00 AM",0,0,1,2,24,3,3,6,5,11
1525,3042,1690,1352,0,46,"NSW","Regional","6:00 AM - 12:00 PM",0,0,0,1,114,4,2,8,10,18
1114,1508,1343,165,1,33,"ACT","Urban","12:00 PM - 6:00 PM",0,1,1,3,54,2,3,8,8,16
54,1175,0,1175,1,28,"NT","Remote","12:00 AM - 6:00 AM",0,1,0,1,66,2,2,5,2,7
886,197,0,197,0,37,"VIC","Urban","6:00 AM - 12:00 PM",1,1,0,1,120,1,3,7,2,9
342,3539,1977,1562,0,53,"VIC","Regional","6:00 PM - 12:00 AM",0,0,0,2,30,4,4,3,3,6
415,1378,1136,242,0,37,"NSW","Urban","6:00 PM - 12:00 AM",0,1,1,3,114,1,3,8,7,15
618,213,0,213,0,60,"SA","Urban","6:00 PM - 12:00 AM",1,1,0,3,114,1,3,7,2,9
1563,1659,1378,281,1,30,"QLD","Urban","6:00 AM - 12:00 PM",1,1,1,3,120,1,2,4,3,7
1498,3366,1551,1815,0,49,"TAS","Remote","6:00 AM - 12:00 PM",0,0,0,3,126,2,4,10,9,19
758,247,0,247,0,34,"TAS","Urban","6:00 PM - 12:00 AM",1,1,0,2,72,1,2,2,4,6
879,1060,0,1060,1,44,"TAS","Urban","12:00 PM - 6:00 PM",0,1,0,3,180,1,3,4,4,8
408,1107,0,1107,1,40,"NSW","Urban","6:00 PM - 12:00 AM",1,1,0,3,108,2,3,7,6,13
1075,1341,1121,220,1,24,"VIC","Regional","6:00 AM - 12:00 PM",1,1,1,3,36,2,3,5,5,10
1871,4689,2493,2196,1,45,"NT","Regional","6:00 PM - 12:00 AM",1,0,0,3,132,4,3,8,9,17
671,205,0,205,1,31,"QLD","Regional","6:00 PM - 12:00 AM",1,0,1,3,126,1,4,4,7,11
1709,482,0,482,1,28,"NSW","Regional","6:00 PM - 12:00 AM",1,1,1,1,174,1,2,0,3,3
1737,655,0,655,0,34,"QLD","Urban","6:00 PM - 12:00 AM",0,1,0,3,132,2,1,10,9,19
1675,854,0,854,1,39,"NSW","Urban","6:00 PM - 12:00 AM",1,1,1,1,168,2,3,2,5,7
818,1278,0,1278,0,35,"NSW","Urban","6:00 PM - 12:00 AM",1,1,1,3,36,1,2,0,0,0
229,1751,1450,301,1,31,"NSW","Remote","12:00 AM - 6:00 AM",1,0,0,2,132,2,4,9,8,17
1344,529,0,529,0,34,"QLD","Remote","6:00 AM - 12:00 PM",0,1,0,1,78,1,2,7,6,13
702,4482,2455,2027,0,59,"TAS","Urban","12:00 PM - 6:00 PM",0,0,0,2,66,4,3,8,7,15
1676,1456,1286,170,1,37,"NSW","Remote","6:00 PM - 12:00 AM",1,1,1,3,144,2,4,8,9,17
1756,4141,2183,1958,1,54,"NSW","Urban","6:00 PM - 12:00 AM",1,0,0,3,48,3,3,8,3,11
992,1434,0,1434,0,51,"VIC","Regional","6:00 AM - 12:00 PM",0,1,1,3,84,4,2,9,8,17
666,2760,1506,1254,1,40,"NSW","Urban","6:00 PM - 12:00 AM",0,1,0,3,84,2,4,7,8,15
1658,511,0,511,0,34,"VIC","Urban","6:00 PM - 12:00 AM",1,1,1,2,78,2,4,5,9,14
917,1317,0,1317,1,47,"VIC","Urban","6:00 AM - 12:00 PM",0,0,1,3,174,2,4,7,4,11
495,247,0,247,0,41,"NSW","Urban","6:00 PM - 12:00 AM",0,1,0,3,156,1,2,7,7,14
596,4506,2380,2126,0,46,"SA","Remote","6:00 PM - 12:00 AM",1,0,0,3,60,1,4,2,4,6
65,406,0,406,0,23,"NT","Urban","12:00 AM - 6:00 AM",1,1,0,3,102,2,3,8,5,13
216,704,0,704,1,25,"VIC","Remote","12:00 AM - 6:00 AM",1,1,0,1,54,1,3,5,5,10
681,4192,1949,2243,0,58,"VIC","Urban","6:00 PM - 12:00 AM",1,0,1,3,72,4,3,10,10,20
278,2957,1657,1300,1,60,"NSW","Urban","12:00 AM - 6:00 AM",0,0,0,3,132,4,4,10,10,20
1749,1716,1372,344,1,34,"NSW","Urban","6:00 PM - 12:00 AM",1,1,1,1,54,2,4,9,5,14
1799,2961,1466,1495,0,50,"SA","Regional","6:00 PM - 12:00 AM",1,0,1,3,120,2,2,9,8,17
6,500,0,500,0,33,"SA","Urban","12:00 AM - 6:00 AM",1,1,0,3,150,1,3,2,5,7
312,1465,1114,351,1,37,"VIC","Regional","6:00 PM - 12:00 AM",1,1,0,3,36,2,3,5,1,6
592,4117,1884,2233,0,57,"VIC","Urban","6:00 PM - 12:00 AM",0,0,0,3,156,2,2,2,6,8
1270,4187,2300,1887,1,51,"NSW","Regional","6:00 AM - 12:00 PM",1,0,1,1,138,2,3,9,4,13
460,2988,1583,1405,1,49,"NSW","Urban","6:00 PM - 12:00 AM",0,0,1,3,108,3,4,9,10,19
1882,1110,0,1110,0,31,"NSW","Urban","6:00 PM - 12:00 AM",0,0,1,3,42,2,3,4,4,8
799,145,0,145,1,21,"NSW","Urban","6:00 PM - 12:00 AM",1,1,0,3,156,1,3,5,4,9
467,4606,2444,2162,1,46,"QLD","Regional","6:00 PM - 12:00 AM",1,0,1,1,30,2,4,3,3,6
1884,4592,2287,2305,1,48,"WA","Urban","6:00 PM - 12:00 AM",0,1,1,3,18,4,2,0,0,0
1953,3065,1909,1156,0,53,"WA","Urban","6:00 PM - 12:00 AM",0,1,0,2,72,2,3,3,2,5
549,155,0,155,0,25,"QLD","Remote","6:00 PM - 12:00 AM",0,1,0,3,132,1,2,8,8,16
444,4263,2393,1870,0,53,"NSW","Urban","6:00 PM - 12:00 AM",1,0,0,1,132,4,2,9,9,18
865,1897,1602,295,1,31,"NSW","Urban","6:00 PM - 12:00 AM",1,1,0,3,114,1,3,10,9,19
874,1835,1656,179,0,39,"NSW","Urban","6:00 PM - 12:00 AM",1,1,0,3,180,2,1,1,0,1
221,188,0,188,0,42,"NT","Regional","12:00 AM - 6:00 AM",1,0,0,2,12,1,3,2,0,2
1203,351,0,351,0,24,"SA","Regional","6:00 AM - 12:00 PM",0,1,0,3,108,2,5,7,6,13
1634,196,0,196,1,54,"VIC","Urban","6:00 PM - 12:00 AM",1,1,0,3,132,1,4,8,10,18
159,3191,1643,1548,1,44,"NSW","Urban","12:00 AM - 6:00 AM",0,0,1,1,102,3,2,10,9,19
1628,235,0,235,0,19,"VIC","Regional","6:00 PM - 12:00 AM",1,1,0,3,120,2,2,10,10,20
174,211,0,211,1,22,"NSW","Regional","12:00 AM - 6:00 AM",1,1,0,3,18,1,4,5,4,9
1282,1370,1233,137,1,31,"TAS","Remote","6:00 AM - 12:00 PM",1,1,0,1,144,1,3,4,8,12
1295,3517,1883,1634,1,47,"SA","Urban","6:00 AM - 12:00 PM",1,0,1,2,72,4,4,6,4,10
1468,3626,2010,1616,0,56,"NT","Remote","6:00 AM - 12:00 PM",0,0,0,3,78,4,3,9,4,13
1719,2055,1843,212,1,40,"ACT","Urban","6:00 PM - 12:00 AM",1,1,1,3,60,1,3,7,6,13
1666,281,0,281,0,23,"NSW","Regional","6:00 PM - 12:00 AM",1,1,1,3,36,1,2,8,8,16
259,3483,2021,1462,1,42,"NSW","Urban","12:00 AM - 6:00 AM",0,1,0,2,84,2,3,4,3,7
1449,4140,2395,1745,0,52,"QLD","Urban","6:00 AM - 12:00 PM",0,0,0,3,120,3,2,7,7,14
1411,328,0,328,0,22,"TAS","Urban","6:00 AM - 12:00 PM",1,1,0,3,84,1,4,6,7,13
1532,2022,1738,284,1,36,"NSW","Regional","6:00 AM - 12:00 PM",1,1,0,3,24,1,3,0,0,0
1176,2823,1627,1196,0,56,"QLD","Urban","6:00 AM - 12:00 PM",1,0,0,3,162,2,3,7,7,14
1321,144,0,144,1,21,"NSW","Urban","6:00 AM - 12:00 PM",1,1,1,3,42,1,2,1,2,3
513,3710,2013,1697,0,58,"QLD","Remote","12:00 PM - 6:00 PM",0,0,1,1,48,2,2,9,10,19
760,170,0,170,1,38,"TAS","Urban","6:00 PM - 12:00 AM",1,1,1,3,120,1,4,8,7,15
458,4534,2616,1918,1,54,"NSW","Urban","12:00 PM - 6:00 PM",0,0,0,3,132,2,2,4,6,10
82,469,0,469,0,24,"QLD","Urban","12:00 AM - 6:00 AM",0,0,0,3,108,1,1,8,5,13
828,1619,1302,317,0,38,"NSW","Remote","6:00 PM - 12:00 AM",1,1,0,3,72,1,3,4,4,8
1854,4296,2417,1879,0,46,"VIC","Remote","6:00 PM - 12:00 AM",1,0,1,2,150,4,2,9,6,15
1728,181,0,181,1,52,"SA","Urban","6:00 PM - 12:00 AM",1,1,1,3,138,1,2,7,6,13
1379,1388,1186,202,1,30,"ACT","Urban","6:00 AM - 12:00 PM",0,1,0,2,90,1,3,10,10,20
1810,1423,0,1423,0,41,"ACT","Urban","6:00 PM - 12:00 AM",0,1,1,3,30,2,4,6,10,16
777,544,0,544,0,26,"NSW","Regional","6:00 PM - 12:00 AM",1,1,1,3,126,1,2,8,5,13
1333,249,0,249,1,22,"NSW","Urban","6:00 AM - 12:00 PM",1,1,0,2,48,2,1,2,1,3
56,4141,2691,1450,1,58,"NSW","Urban","12:00 AM - 6:00 AM",1,0,1,3,108,4,2,10,9,19
1289,4260,2006,2254,0,47,"WA","Remote","6:00 AM - 12:00 PM",0,0,1,3,102,4,4,4,7,11
1882,1110,0,1110,0,31,"NSW","Urban","6:00 PM - 12:00 AM",0,0,1,3,42,2,3,4,4,8
398,645,0,645,1,45,"SA","Urban","6:00 PM - 12:00 AM",1,1,0,3,72,2,2,4,3,7
1716,1328,0,1328,1,41,"NSW","Urban","6:00 PM - 12:00 AM",0,1,0,3,90,1,2,10,10,20
1616,150,0,150,0,42,"WA","Regional","6:00 PM - 12:00 AM",1,1,0,3,12,1,4,1,4,5
1006,263,0,263,1,25,"TAS","Urban","6:00 AM - 12:00 PM",1,1,0,2,96,2,4,10,10,20
1675,854,0,854,1,39,"NSW","Urban","6:00 PM - 12:00 AM",1,1,1,1,168,2,3,2,5,7
541,1689,1492,197,0,31,"VIC","Urban","6:00 PM - 12:00 AM",1,1,1,3,108,2,3,8,8,16
926,1286,0,1286,1,50,"QLD","Urban","6:00 AM - 12:00 PM",0,1,0,1,90,2,2,7,7,14
1678,3788,2127,1661,1,49,"NSW","Regional","6:00 PM - 12:00 AM",0,0,0,3,96,3,3,8,10,18
417,1937,1595,342,1,42,"VIC","Urban","6:00 PM - 12:00 AM",0,1,0,2,162,2,3,3,7,10
1485,761,0,761,1,28,"NSW","Urban","6:00 AM - 12:00 PM",1,1,1,3,60,1,2,7,5,12
1310,3529,1617,1912,1,46,"WA","Urban","6:00 AM - 12:00 PM",1,0,1,3,42,1,5,3,0,3
12,859,0,859,0,33,"NSW","Regional","12:00 AM - 6:00 AM",1,1,0,3,66,2,4,2,5,7
987,1284,0,1284,0,52,"VIC","Urban","6:00 AM - 12:00 PM",0,1,0,3,126,1,4,8,4,12
405,224,0,224,1,36,"NSW","Remote","6:00 PM - 12:00 AM",1,1,0,3,162,1,2,4,7,11
772,3290,1788,1502,0,44,"ACT","Urban","6:00 PM - 12:00 AM",0,0,0,3,30,3,3,4,3,7
1079,4649,2790,1859,1,55,"NSW","Regional","12:00 PM - 6:00 PM",1,0,0,3,156,4,4,3,4,7
1352,749,0,749,0,30,"NSW","Urban","6:00 AM - 12:00 PM",1,1,0,2,126,2,4,7,8,15
1926,2046,1821,225,0,36,"SA","Urban","6:00 PM - 12:00 AM",0,0,0,1,96,1,3,7,6,13
687,349,0,349,0,25,"NSW","Regional","6:00 PM - 12:00 AM",1,0,1,1,108,1,5,6,6,12
1285,1124,0,1124,1,44,"VIC","Urban","6:00 AM - 12:00 PM",1,1,0,3,24,2,3,4,4,8
208,2841,1685,1156,0,39,"VIC","Urban","12:00 AM - 6:00 AM",0,1,1,3,174,2,4,6,6,12
11,1875,1606,269,0,44,"NSW","Urban","12:00 AM - 6:00 AM",1,1,1,2,162,1,4,7,10,17
1860,238,0,238,1,50,"VIC","Urban","6:00 PM - 12:00 AM",0,1,1,3,126,1,3,9,8,17
479,178,0,178,1,44,"NSW","Urban","6:00 PM - 12:00 AM",1,1,1,2,162,1,2,3,2,5
1502,2977,1909,1068,0,60,"SA","Urban","12:00 PM - 6:00 PM",0,0,0,3,18,3,2,6,1,7
456,256,0,256,1,56,"NSW","Urban","6:00 PM - 12:00 AM",0,1,0,2,30,1,3,3,2,5
1075,1341,1121,220,1,24,"VIC","Regional","6:00 AM - 12:00 PM",1,1,1,3,36,2,3,5,5,10
272,4199,2172,2027,0,47,"NSW","Urban","12:00 AM - 6:00 AM",0,1,0,3,174,3,2,0,0,0
556,1563,1250,313,1,33,"NSW","Urban","6:00 PM - 12:00 AM",1,1,1,3,120,2,3,10,9,19
1610,2131,1667,464,0,33,"NSW","Urban","6:00 AM - 12:00 PM",1,0,1,1,156,2,2,5,5,10
944,1971,1752,219,1,47,"VIC","Urban","6:00 AM - 12:00 PM",1,1,0,3,78,2,3,5,5,10
1232,3229,1698,1531,0,49,"NT","Urban","6:00 AM - 12:00 PM",1,0,0,3,48,3,2,2,5,7
1381,1102,0,1102,1,26,"NSW","Regional","6:00 AM - 12:00 PM",0,1,1,1,36,1,3,2,0,2
348,1022,0,1022,0,41,"SA","Regional","6:00 PM - 12:00 AM",1,1,0,2,54,1,3,9,9,18
838,3018,1762,1256,0,50,"TAS","Urban","6:00 PM - 12:00 AM",0,0,1,3,78,4,3,5,5,10
662,3218,1741,1477,0,52,"NSW","Urban","6:00 PM - 12:00 AM",1,1,0,3,120,3,3,5,4,9
1703,3670,1813,1857,0,49,"QLD","Urban","6:00 PM - 12:00 AM",1,0,0,3,150,3,2,8,10,18
394,4428,2437,1991,1,58,"VIC","Regional","6:00 PM - 12:00 AM",0,0,0,3,132,2,2,9,9,18
1020,250,0,250,1,53,"VIC","Urban","6:00 AM - 12:00 PM",1,1,0,3,30,1,2,6,1,7
1081,458,0,458,0,38,"VIC","Remote","6:00 AM - 12:00 PM",1,1,0,2,78,2,2,8,7,15
173,171,0,171,0,57,"QLD","Remote","12:00 AM - 6:00 AM",1,0,0,3,102,1,3,8,5,13
529,691,0,691,1,39,"VIC","Regional","6:00 PM - 12:00 AM",0,1,0,3,36,1,4,1,2,3
1601,1710,1437,273,1,37,"TAS","Urban","6:00 AM - 12:00 PM",1,0,0,3,174,1,2,5,2,7
657,1466,1266,200,0,39,"NSW","Urban","12:00 PM - 6:00 PM",1,1,0,3,138,2,2,6,1,7
1072,1517,0,1517,1,60,"VIC","Urban","6:00 AM - 12:00 PM",0,1,1,3,108,2,4,10,10,20
104,3671,2193,1478,0,48,"NSW","Urban","12:00 AM - 6:00 AM",0,1,1,3,168,2,2,3,6,9
1654,2870,1607,1263,0,51,"NSW","Urban","6:00 PM - 12:00 AM",0,0,0,3,114,4,2,4,8,12
343,2106,1616,490,0,44,"VIC","Urban","6:00 PM - 12:00 AM",1,1,0,3,180,2,2,2,3,5
1773,1458,1272,186,1,38,"VIC","Urban","6:00 PM - 12:00 AM",1,1,0,1,18,1,3,0,0,0
373,217,0,217,1,55,"VIC","Urban","6:00 PM - 12:00 AM",1,1,0,2,54,1,4,6,5,11
1732,3481,1736,1745,1,59,"SA","Urban","6:00 PM - 12:00 AM",1,0,0,3,72,4,3,7,9,16
309,647,0,647,1,45,"VIC","Urban","6:00 PM - 12:00 AM",1,1,1,3,138,1,4,6,5,11
250,1440,1322,118,1,28,"VIC","Regional","12:00 AM - 6:00 AM",1,0,0,3,78,2,2,6,10,16
589,371,0,371,1,24,"QLD","Remote","6:00 PM - 12:00 AM",1,1,1,3,156,1,2,1,1,2
191,1413,1217,196,1,30,"NT","Urban","12:00 PM - 6:00 PM",1,1,0,3,84,2,2,8,3,11
187,3816,2198,1618,0,44,"NT","Urban","12:00 AM - 6:00 AM",0,0,0,3,120,1,1,4,4,8
1578,210,0,210,1,47,"VIC","Urban","6:00 AM - 12:00 PM",1,0,0,3,168,1,2,3,0,3
1740,427,0,427,1,29,"WA","Urban","6:00 PM - 12:00 AM",1,1,0,2,102,2,3,9,9,18
148,3785,2091,1694,1,46,"QLD","Urban","12:00 AM - 6:00 AM",0,0,0,2,180,2,2,2,0,2
345,2653,1259,1394,0,37,"QLD","Urban","6:00 PM - 12:00 AM",1,1,0,3,120,3,5,6,5,11
1249,158,0,158,0,60,"NSW","Urban","6:00 AM - 12:00 PM",1,1,1,2,156,1,2,4,4,8
1659,1510,1313,197,1,35,"WA","Urban","6:00 PM - 12:00 AM",1,1,1,3,114,2,2,10,10,20
760,170,0,170,1,38,"TAS","Urban","6:00 PM - 12:00 AM",1,1,1,3,120,1,4,8,7,15
437,3174,1854,1320,1,52,"NSW","Urban","6:00 PM - 12:00 AM",0,0,0,3,114,2,2,5,4,9
1069,2095,1792,303,0,52,"NSW","Remote","6:00 AM - 12:00 PM",0,0,0,3,108,1,1,10,9,19
1113,2419,1238,1181,0,54,"WA","Regional","12:00 PM - 6:00 PM",1,1,0,3,72,1,2,9,8,17
1144,431,0,431,1,30,"NT","Regional","6:00 AM - 12:00 PM",0,1,0,2,132,2,4,9,10,19
656,3923,2098,1825,1,56,"NSW","Urban","6:00 PM - 12:00 AM",1,0,0,3,156,1,4,2,1,3
925,1007,0,1007,0,42,"VIC","Remote","6:00 AM - 12:00 PM",1,1,0,3,66,2,2,10,5,15
1156,303,0,303,1,24,"NSW","Regional","6:00 AM - 12:00 PM",0,1,1,3,72,2,2,5,5,10
197,446,0,446,0,21,"ACT","Urban","12:00 AM - 6:00 AM",1,1,1,1,126,1,2,5,5,10
1464,3208,1815,1393,0,53,"VIC","Urban","6:00 AM - 12:00 PM",1,0,0,3,48,2,2,7,8,15
237,162,0,162,0,27,"NSW","Urban","12:00 AM - 6:00 AM",1,1,1,3,174,1,1,5,7,12
1239,322,0,322,0,23,"SA","Urban","6:00 AM - 12:00 PM",0,1,0,3,138,1,3,7,6,13
992,1434,0,1434,0,51,"VIC","Regional","6:00 AM - 12:00 PM",0,1,1,3,84,4,2,9,8,17
283,1468,0,1468,0,35,"QLD","Regional","12:00 AM - 6:00 AM",0,1,0,3,120,1,3,9,9,18
1520,1494,1378,116,1,26,"WA","Urban","6:00 AM - 12:00 PM",1,1,0,3,132,1,2,2,2,4
1614,1221,1042,179,1,26,"QLD","Urban","6:00 AM - 12:00 PM",1,0,1,1,54,1,2,3,4,7
502,390,0,390,0,24,"NSW","Urban","12:00 PM - 6:00 PM",0,1,0,3,42,1,3,3,0,3
309,647,0,647,1,45,"VIC","Urban","6:00 PM - 12:00 AM",1,1,1,3,138,1,4,6,5,11
457,1412,1161,251,0,37,"NSW","Urban","6:00 PM - 12:00 AM",0,1,0,3,30,2,3,4,3,7
1720,1561,1301,260,1,26,"NT","Urban","6:00 PM - 12:00 AM",0,1,0,3,90,1,4,9,10,19
1531,3732,2175,1557,0,42,"TAS","Regional","6:00 AM - 12:00 PM",0,0,0,3,24,4,1,5,4,9
1389,199,0,199,0,34,"VIC","Regional","6:00 AM - 12:00 PM",1,1,0,3,162,1,2,7,6,13
966,306,0,306,1,24,"VIC","Regional","6:00 AM - 12:00 PM",1,1,1,2,84,2,3,9,5,14
1611,432,0,432,1,26,"NSW","Regional","6:00 AM - 12:00 PM",1,1,1,1,102,1,3,10,10,20
742,428,0,428,0,22,"QLD","Urban","6:00 PM - 12:00 AM",1,0,0,3,120,2,2,10,10,20
1696,3401,2209,1192,0,55,"NT","Urban","6:00 PM - 12:00 AM",0,0,0,3,180,1,2,6,7,13
1479,2573,1536,1037,0,38,"VIC","Regional","6:00 AM - 12:00 PM",1,0,0,3,66,2,3,5,2,7
264,3586,2147,1439,0,52,"NT","Regional","12:00 AM - 6:00 AM",0,0,0,1,48,2,5,10,10,20
1430,2017,1501,516,1,33,"VIC","Regional","6:00 AM - 12:00 PM",1,1,0,1,18,1,3,0,0,0
1487,3976,2013,1963,0,46,"VIC","Urban","6:00 AM - 12:00 PM",0,0,0,3,102,1,3,10,10,20
874,1835,1656,179,0,39,"NSW","Urban","6:00 PM - 12:00 AM",1,1,0,3,180,2,1,1,0,1
307,1337,1166,171,1,25,"QLD","Regional","6:00 PM - 12:00 AM",1,1,1,3,168,1,3,0,3,3
1780,268,0,268,1,22,"QLD","Urban","12:00 PM - 6:00 PM",1,1,1,3,90,1,3,8,8,16
1959,2826,1450,1376,1,34,"NSW","Urban","6:00 PM - 12:00 AM",1,0,0,1,138,3,4,7,7,14
1004,2243,1265,978,0,52,"VIC","Urban","6:00 AM - 12:00 PM",1,1,0,2,144,2,4,10,9,19
1581,1773,1618,155,1,34,"NSW","Remote","6:00 AM - 12:00 PM",1,1,1,3,132,2,4,5,5,10
1559,297,0,297,1,22,"ACT","Urban","6:00 AM - 12:00 PM",1,1,0,3,30,2,4,4,0,4
1113,2419,1238,1181,0,54,"WA","Regional","12:00 PM - 6:00 PM",1,1,0,3,72,1,2,9,8,17
1279,3939,2348,1591,0,46,"NSW","Urban","6:00 AM - 12:00 PM",0,0,1,3,60,4,4,6,5,11
228,3827,2102,1725,0,53,"QLD","Urban","12:00 AM - 6:00 AM",0,1,0,3,54,4,4,10,9,19
1658,511,0,511,0,34,"VIC","Urban","6:00 PM - 12:00 AM",1,1,1,2,78,2,4,5,9,14
1727,3813,1790,2023,1,54,"TAS","Urban","6:00 PM - 12:00 AM",1,0,0,3,90,2,2,4,3,7
1331,984,0,984,0,37,"VIC","Urban","6:00 AM - 12:00 PM",0,1,0,3,150,1,2,10,8,18
525,4038,1928,2110,0,46,"TAS","Urban","6:00 PM - 12:00 AM",0,0,1,3,66,4,3,10,9,19
435,1552,1244,308,1,39,"NSW","Urban","12:00 PM - 6:00 PM",1,1,1,2,138,2,3,7,7,14
1445,1865,1760,105,1,28,"ACT","Urban","6:00 AM - 12:00 PM",0,1,1,1,156,1,4,4,3,7
1290,603,0,603,0,30,"VIC","Urban","6:00 AM - 12:00 PM",0,1,1,3,168,2,4,6,7,13
1983,195,0,195,1,24,"NSW","Urban","6:00 PM - 12:00 AM",1,1,1,3,66,1,4,6,6,12
351,1339,1064,275,0,42,"WA","Urban","6:00 PM - 12:00 AM",1,1,0,1,90,1,2,3,3,6
642,3229,1879,1350,1,59,"NSW","Urban","6:00 PM - 12:00 AM",1,1,0,3,132,2,3,8,3,11
119,660,0,660,1,24,"TAS","Urban","12:00 AM - 6:00 AM",0,0,1,2,60,1,1,3,5,8
1194,4267,2263,2004,0,51,"NSW","Urban","6:00 AM - 12:00 PM",0,0,0,3,102,3,3,7,7,14
605,4436,2231,2205,1,54,"QLD","Urban","6:00 PM - 12:00 AM",0,0,0,3,78,2,2,9,10,19
672,1818,1501,317,0,31,"NSW","Regional","6:00 PM - 12:00 AM",1,0,1,3,24,2,3,0,2,2
1947,177,0,177,1,21,"NSW","Urban","6:00 PM - 12:00 AM",1,1,1,3,180,1,4,0,2,2
1868,787,0,787,1,28,"ACT","Urban","12:00 PM - 6:00 PM",0,1,0,3,168,1,2,5,4,9
1670,1727,1428,299,1,35,"ACT","Urban","6:00 PM - 12:00 AM",1,1,0,1,84,2,2,5,4,9
1612,2972,1957,1015,1,54,"NSW","Regional","6:00 AM - 12:00 PM",0,0,1,2,144,4,3,6,6,12
794,929,0,929,1,36,"QLD","Urban","6:00 PM - 12:00 AM",1,1,1,2,126,2,1,8,10,18
1450,1856,1654,202,0,38,"NSW","Remote","6:00 AM - 12:00 PM",0,0,0,3,114,2,2,8,10,18
39,4465,2337,2128,0,55,"NSW","Regional","12:00 AM - 6:00 AM",1,0,0,1,180,3,3,1,2,3
354,1814,1488,326,1,27,"ACT","Urban","6:00 PM - 12:00 AM",1,1,1,3,102,1,3,10,10,20
392,1488,1256,232,1,31,"QLD","Regional","6:00 PM - 12:00 AM",1,1,0,2,138,1,5,10,9,19
1185,1688,1552,136,0,43,"NSW","Urban","6:00 AM - 12:00 PM",1,1,0,3,84,1,1,6,2,8
1201,285,0,285,1,21,"QLD","Regional","6:00 AM - 12:00 PM",1,1,0,1,78,2,3,4,3,7
542,634,0,634,0,38,"WA","Urban","6:00 PM - 12:00 AM",0,1,0,2,60,2,2,8,8,16
856,3518,1860,1658,0,55,"NSW","Regional","6:00 PM - 12:00 AM",0,1,1,2,12,2,2,4,3,7
157,1001,0,1001,0,24,"WA","Urban","12:00 AM - 6:00 AM",1,1,0,3,138,1,2,6,5,11
575,251,0,251,0,53,"NSW","Urban","6:00 PM - 12:00 AM",0,1,1,2,30,1,5,0,2,2
752,1409,0,1409,1,35,"VIC","Regional","6:00 PM - 12:00 AM",1,1,1,2,66,1,4,5,9,14
1544,4137,2304,1833,0,55,"ACT","Urban","6:00 AM - 12:00 PM",0,0,1,2,180,2,3,6,7,13
672,1818,1501,317,0,31,"NSW","Regional","6:00 PM - 12:00 AM",1,0,1,3,24,2,3,0,2,2
568,3383,1926,1457,0,53,"VIC","Regional","6:00 PM - 12:00 AM",1,0,0,2,30,2,3,4,5,9
272,4199,2172,2027,0,47,"NSW","Urban","12:00 AM - 6:00 AM",0,1,0,3,174,3,2,0,0,0
1922,606,0,606,1,24,"NSW","Urban","6:00 PM - 12:00 AM",0,1,1,2,18,1,3,1,1,2
273,3301,1992,1309,1,40,"NT","Urban","12:00 AM - 6:00 AM",0,0,1,3,72,2,4,5,5,10
944,1971,1752,219,1,47,"VIC","Urban","6:00 AM - 12:00 PM",1,1,0,3,78,2,3,5,5,10
305,3536,1852,1684,0,59,"WA","Urban","6:00 PM - 12:00 AM",0,0,0,3,48,3,1,5,3,8
1834,3777,2024,1753,1,47,"VIC","Urban","6:00 PM - 12:00 AM",1,0,1,2,108,1,3,8,10,18
373,217,0,217,1,55,"VIC","Urban","6:00 PM - 12:00 AM",1,1,0,2,54,1,4,6,5,11
1152,4519,2550,1969,1,50,"NSW","Urban","6:00 AM - 12:00 PM",0,0,1,3,150,1,3,3,3,6
639,4369,2247,2122,1,55,"NSW","Urban","6:00 PM - 12:00 AM",1,0,1,3,24,2,5,8,8,16
253,3791,1756,2035,1,42,"NSW","Remote","12:00 AM - 6:00 AM",0,1,0,2,30,3,3,3,5,8
1823,4196,2353,1843,0,59,"VIC","Urban","6:00 PM - 12:00 AM",0,0,1,3,96,2,3,10,10,20
1885,4236,2084,2152,0,46,"VIC","Urban","6:00 PM - 12:00 AM",1,0,0,3,162,2,4,2,0,2
1703,3670,1813,1857,0,49,"QLD","Urban","6:00 PM - 12:00 AM",1,0,0,3,150,3,2,8,10,18
1273,194,0,194,0,47,"VIC","Urban","6:00 AM - 12:00 PM",1,1,1,2,18,1,4,0,0,0
1844,212,0,212,0,41,"QLD","Remote","6:00 PM - 12:00 AM",1,1,0,2,72,1,2,4,1,5
868,4795,2624,2171,0,51,"NSW","Urban","12:00 PM - 6:00 PM",1,0,0,3,66,2,3,10,9,19
98,448,0,448,1,21,"NSW","Urban","12:00 AM - 6:00 AM",0,0,0,3,132,1,3,10,10,20
1606,1913,1645,268,1,37,"VIC","Urban","6:00 AM - 12:00 PM",1,1,1,3,96,2,2,6,7,13
1708,1434,1073,361,1,36,"NSW","Urban","6:00 PM - 12:00 AM",1,1,1,3,48,2,4,7,7,14
1716,1328,0,1328,1,41,"NSW","Urban","6:00 PM - 12:00 AM",0,1,0,3,90,1,2,10,10,20
1211,744,0,744,0,29,"VIC","Urban","6:00 AM - 12:00 PM",0,1,0,3,84,2,4,10,10,20
281,4281,2293,1988,1,49,"NSW","Urban","12:00 AM - 6:00 AM",0,0,0,1,180,3,5,7,5,12
1145,1091,0,1091,1,45,"NT","Regional","6:00 AM - 12:00 PM",1,1,1,2,66,2,4,10,10,20
1971,3150,1676,1474,1,48,"SA","Urban","6:00 PM - 12:00 AM",0,0,0,3,36,2,3,2,2,4
1716,1328,0,1328,1,41,"NSW","Urban","6:00 PM - 12:00 AM",0,1,0,3,90,1,2,10,10,20
722,200,0,200,1,41,"ACT","Regional","6:00 PM - 12:00 AM",0,0,0,1,48,1,4,4,4,8
269,184,0,184,1,21,"NT","Urban","12:00 PM - 6:00 PM",1,1,0,1,72,1,3,3,2,5
915,2015,1640,375,0,40,"VIC","Urban","6:00 AM - 12:00 PM",1,1,1,2,156,1,3,9,9,18
31,1354,0,1354,0,44,"NSW","Regional","12:00 AM - 6:00 AM",0,1,1,3,54,2,2,8,10,18
176,243,0,243,0,31,"VIC","Regional","12:00 AM - 6:00 AM",1,1,0,3,78,1,3,10,10,20
206,4426,2547,1879,1,43,"QLD","Urban","12:00 AM - 6:00 AM",0,0,1,3,78,4,4,9,9,18
1279,3939,2348,1591,0,46,"NSW","Urban","6:00 AM - 12:00 PM",0,0,1,3,60,4,4,6,5,11
146,1656,1491,165,1,28,"QLD","Urban","12:00 AM - 6:00 AM",1,1,0,3,90,2,3,10,6,16
474,216,0,216,1,29,"NSW","Remote","6:00 PM - 12:00 AM",1,1,0,3,156,1,2,3,2,5
1273,194,0,194,0,47,"VIC","Urban","6:00 AM - 12:00 PM",1,1,1,2,18,1,4,0,0,0
1193,218,0,218,0,37,"ACT","Urban","6:00 AM - 12:00 PM",0,1,0,1,108,1,1,9,7,16
1196,206,0,206,0,60,"NSW","Urban","6:00 AM - 12:00 PM",1,1,1,2,96,1,3,5,5,10
1474,446,0,446,1,24,"NSW","Urban","6:00 AM - 12:00 PM",1,0,0,2,120,1,3,7,8,15
359,1369,1144,225,1,20,"VIC","Urban","6:00 PM - 12:00 AM",1,1,0,3,48,2,2,6,4,10
830,185,0,185,0,33,"VIC","Urban","6:00 PM - 12:00 AM",1,1,0,3,30,1,3,5,4,9
969,1817,0,1817,0,56,"VIC","Urban","6:00 AM - 12:00 PM",0,1,0,3,66,1,4,10,10,20
1191,1266,1114,152,1,21,"SA","Urban","12:00 PM - 6:00 PM",0,1,0,3,12,2,1,2,0,2
1259,218,0,218,0,58,"NSW","Remote","6:00 AM - 12:00 PM",1,1,1,2,108,1,3,7,3,10
1361,297,0,297,0,22,"VIC","Regional","6:00 AM - 12:00 PM",0,1,0,2,18,1,4,1,1,2
226,1855,1547,308,1,31,"NSW","Urban","12:00 AM - 6:00 AM",1,0,1,3,30,1,1,9,5,14
1783,1873,1691,182,0,41,"NSW","Urban","6:00 PM - 12:00 AM",1,1,0,3,60,2,2,7,6,13
52,296,0,296,0,21,"NT","Regional","12:00 AM - 6:00 AM",1,1,1,1,60,2,2,3,2,5
1430,2017,1501,516,1,33,"VIC","Regional","6:00 AM - 12:00 PM",1,1,0,1,18,1,3,0,0,0
364,1471,1306,165,1,20,"NT","Regional","6:00 PM - 12:00 AM",1,1,1,2,162,2,4,6,10,16
274,545,0,545,0,21,"NSW","Remote","12:00 AM - 6:00 AM",1,1,1,2,36,2,3,3,7,10
1365,177,0,177,0,24,"TAS","Regional","6:00 AM - 12:00 PM",0,1,1,1,108,1,2,10,10,20
220,4028,1925,2103,0,50,"QLD","Urban","12:00 AM - 6:00 AM",0,0,1,2,36,2,2,3,3,6
48,1481,1310,171,1,36,"NSW","Urban","12:00 AM - 6:00 AM",1,1,0,3,18,2,4,1,0,1
888,1373,1137,236,1,21,"WA","Urban","6:00 AM - 12:00 PM",1,1,0,3,48,1,3,3,1,4
1573,3215,1706,1509,0,45,"VIC","Urban","6:00 AM - 12:00 PM",0,0,0,3,162,2,4,9,5,14
228,3827,2102,1725,0,53,"QLD","Urban","12:00 AM - 6:00 AM",0,1,0,3,54,4,4,10,9,19
1140,472,0,472,0,30,"SA","Remote","6:00 AM - 12:00 PM",1,1,1,3,66,2,2,10,7,17
1846,484,0,484,0,27,"NSW","Regional","12:00 PM - 6:00 PM",0,1,1,3,90,1,5,10,10,20
1854,4296,2417,1879,0,46,"VIC","Remote","6:00 PM - 12:00 AM",1,0,1,2,150,4,2,9,6,15
148,3785,2091,1694,1,46,"QLD","Urban","12:00 AM - 6:00 AM",0,0,0,2,180,2,2,2,0,2
483,1445,1240,205,1,33,"NSW","Urban","6:00 PM - 12:00 AM",1,1,1,3,78,2,2,3,3,6
1050,661,0,661,1,41,"VIC","Urban","6:00 AM - 12:00 PM",1,1,0,3,30,1,4,5,4,9
1715,710,0,710,0,31,"WA","Urban","6:00 PM - 12:00 AM",1,1,0,3,66,1,4,5,4,9
976,1262,0,1262,0,47,"NT","Urban","6:00 AM - 12:00 PM",0,1,1,2,78,2,2,4,4,8
1613,1613,1280,333,0,35,"TAS","Urban","12:00 PM - 6:00 PM",0,1,0,3,108,2,5,8,8,16
1394,1091,0,1091,0,29,"NSW","Regional","6:00 AM - 12:00 PM",0,1,0,3,84,2,5,10,6,16
1471,1766,1430,336,1,38,"NSW","Regional","6:00 AM - 12:00 PM",0,1,1,2,66,1,2,8,7,15
1687,3658,2111,1547,0,57,"NSW","Regional","6:00 PM - 12:00 AM",1,0,0,2,150,3,2,4,4,8
1167,1640,1500,140,1,37,"VIC","Regional","6:00 AM - 12:00 PM",0,1,0,3,36,2,2,4,3,7
861,850,0,850,1,24,"NSW","Regional","6:00 PM - 12:00 AM",1,0,0,2,150,2,4,7,7,14
548,285,0,285,1,24,"ACT","Urban","6:00 PM - 12:00 AM",1,1,0,2,30,2,3,0,0,0
1417,4582,2076,2506,1,48,"SA","Urban","6:00 AM - 12:00 PM",0,0,1,1,78,4,2,9,10,19
467,4606,2444,2162,1,46,"QLD","Regional","6:00 PM - 12:00 AM",1,0,1,1,30,2,4,3,3,6
512,184,0,184,1,58,"ACT","Urban","6:00 PM - 12:00 AM",0,1,0,1,168,1,4,2,2,4
1392,501,0,501,0,39,"VIC","Urban","6:00 AM - 12:00 PM",1,1,0,3,60,1,3,1,5,6
1315,4408,2264,2144,0,46,"NSW","Urban","6:00 AM - 12:00 PM",0,0,1,2,114,2,3,5,5,10
633,4079,2237,1842,1,48,"NSW","Urban","6:00 PM - 12:00 AM",0,0,1,3,48,4,2,10,7,17
126,3009,1762,1247,1,41,"ACT","Urban","12:00 AM - 6:00 AM",0,0,0,3,78,1,3,10,9,19
1981,4142,1920,2222,1,56,"QLD","Urban","6:00 PM - 12:00 AM",0,0,1,1,24,3,1,8,4,12
395,1446,1241,205,0,34,"NSW","Remote","6:00 PM - 12:00 AM",1,1,0,2,72,2,2,1,4,5
605,4436,2231,2205,1,54,"QLD","Urban","6:00 PM - 12:00 AM",0,0,0,3,78,2,2,9,10,19
1966,4179,2195,1984,1,51,"NSW","Urban","6:00 PM - 12:00 AM",0,0,0,3,90,1,3,4,5,9
332,183,0,183,0,21,"VIC","Urban","6:00 PM - 12:00 AM",1,1,0,1,60,1,3,6,9,15
850,3487,1991,1496,1,46,"NSW","Urban","6:00 PM - 12:00 AM",0,0,1,2,72,1,3,6,5,11
1569,624,0,624,1,35,"NSW","Urban","12:00 PM - 6:00 PM",0,1,0,3,174,1,2,0,0,0
1708,1434,1073,361,1,36,"NSW","Urban","6:00 PM - 12:00 AM",1,1,1,3,48,2,4,7,7,14
1283,1053,0,1053,0,44,"NSW","Urban","6:00 AM - 12:00 PM",1,1,0,2,54,1,1,7,10,17
159,3191,1643,1548,1,44,"NSW","Urban","12:00 AM - 6:00 AM",0,0,1,1,102,3,2,10,9,19
1808,3850,2067,1783,0,52,"VIC","Remote","6:00 PM - 12:00 AM",0,0,0,2,60,1,2,7,10,17
571,199,0,199,1,20,"NSW","Urban","6:00 PM - 12:00 AM",1,1,0,1,114,1,5,9,10,19
1373,223,0,223,0,28,"NSW","Urban","6:00 AM - 12:00 PM",1,1,0,3,138,1,2,3,2,5
1833,1231,1109,122,1,28,"NSW","Urban","6:00 PM - 12:00 AM",0,1,0,3,72,2,4,6,5,11
73,1324,1144,180,1,23,"NSW","Regional","12:00 AM - 6:00 AM",1,1,1,3,102,2,5,9,10,19
598,1883,1502,381,0,42,"WA","Urban","6:00 PM - 12:00 AM",0,1,1,2,108,2,4,10,10,20
184,367,0,367,1,23,"NSW","Urban","12:00 AM - 6:00 AM",1,1,1,3,126,1,3,8,9,17
386,848,0,848,0,44,"WA","Urban","6:00 PM - 12:00 AM",1,1,0,3,156,1,2,4,5,9
1041,153,0,153,1,29,"VIC","Regional","6:00 AM - 12:00 PM",1,1,0,3,42,1,2,4,3,7
971,231,0,231,0,24,"VIC","Urban","6:00 AM - 12:00 PM",1,1,0,3,180,1,2,5,2,7
1611,432,0,432,1,26,"NSW","Regional","6:00 AM - 12:00 PM",1,1,1,1,102,1,3,10,10,20
1292,4068,2311,1757,0,46,"NSW","Urban","6:00 AM - 12:00 PM",0,0,0,3,54,2,3,4,3,7
1186,3527,2010,1517,0,48,"VIC","Urban","6:00 AM - 12:00 PM",0,0,1,1,156,1,3,7,4,11
632,3984,2165,1819,1,52,"WA","Urban","6:00 PM - 12:00 AM",0,0,0,3,54,1,3,10,10,20
721,4354,2408,1946,1,46,"ACT","Regional","6:00 PM - 12:00 AM",0,0,1,1,42,1,4,4,3,7
1049,1950,1458,492,0,49,"NT","Urban","6:00 AM - 12:00 PM",0,1,0,3,114,1,1,6,5,11
15,1431,1182,249,1,29,"NSW","Urban","12:00 AM - 6:00 AM",1,1,1,2,60,2,2,10,9,19
352,3223,2019,1204,0,59,"VIC","Remote","6:00 PM - 12:00 AM",0,0,1,1,138,1,3,6,7,13
1972,3570,2119,1451,0,41,"QLD","Regional","6:00 PM - 12:00 AM",0,0,1,3,42,3,4,3,6,9
645,216,0,216,0,58,"ACT","Urban","6:00 PM - 12:00 AM",0,1,0,3,78,1,2,4,7,11
1212,217,0,217,0,56,"NSW","Remote","6:00 AM - 12:00 PM",1,1,0,3,102,1,2,6,6,12
1953,3065,1909,1156,0,53,"WA","Urban","6:00 PM - 12:00 AM",0,1,0,2,72,2,3,3,2,5
10,3292,1786,1506,0,58,"WA","Urban","12:00 AM - 6:00 AM",1,0,0,3,48,3,2,8,4,12
112,197,0,197,1,54,"NSW","Urban","12:00 AM - 6:00 AM",0,0,1,3,144,1,2,6,5,11
1915,4383,2440,1943,0,43,"SA","Urban","6:00 PM - 12:00 AM",1,0,0,3,84,4,2,10,10,20
1572,257,0,257,1,53,"SA","Urban","6:00 AM - 12:00 PM",1,0,0,1,150,1,3,4,4,8
60,237,0,237,1,54,"VIC","Urban","12:00 AM - 6:00 AM",1,1,1,1,156,1,3,3,2,5
1437,3510,1852,1658,0,54,"VIC","Urban","6:00 AM - 12:00 PM",0,0,1,3,72,4,5,10,10,20
828,1619,1302,317,0,38,"NSW","Remote","6:00 PM - 12:00 AM",1,1,0,3,72,1,3,4,4,8
1549,489,0,489,0,24,"SA","Urban","6:00 AM - 12:00 PM",1,1,1,1,66,1,4,10,10,20
454,4403,2335,2068,0,49,"NSW","Regional","6:00 PM - 12:00 AM",1,0,1,3,102,1,3,8,8,16
7,3886,2152,1734,0,50,"SA","Urban","12:00 AM - 6:00 AM",1,0,1,3,120,3,3,4,3,7
757,3827,2001,1826,1,46,"QLD","Urban","12:00 PM - 6:00 PM",1,0,1,1,180,2,3,6,5,11
91,522,0,522,0,33,"NSW","Urban","12:00 PM - 6:00 PM",1,1,1,3,24,1,2,1,0,1
295,188,0,188,0,26,"NSW","Urban","12:00 AM - 6:00 AM",1,0,0,3,174,1,2,5,4,9
303,542,0,542,0,29,"VIC","Urban","6:00 PM - 12:00 AM",1,1,1,3,138,1,3,4,2,6
862,230,0,230,1,34,"SA","Remote","6:00 PM - 12:00 AM",1,0,1,3,114,1,3,9,10,19
574,918,0,918,1,40,"NSW","Urban","6:00 PM - 12:00 AM",0,1,0,3,126,1,3,5,5,10
1871,4689,2493,2196,1,45,"NT","Regional","6:00 PM - 12:00 AM",1,0,0,3,132,4,3,8,9,17
1414,388,0,388,0,20,"NSW","Regional","6:00 AM - 12:00 PM",1,0,1,2,168,1,2,8,3,11
778,1096,0,1096,0,35,"NT","Remote","6:00 PM - 12:00 AM",1,1,1,2,12,1,4,7,3,10
731,3649,1754,1895,0,41,"TAS","Urban","6:00 PM - 12:00 AM",0,0,0,3,72,4,2,9,10,19
1900,1066,0,1066,0,35,"NT","Urban","6:00 PM - 12:00 AM",1,1,0,3,48,2,3,7,8,15
1042,909,0,909,0,33,"NT","Urban","6:00 AM - 12:00 PM",1,1,1,2,102,2,3,10,10,20
118,178,0,178,0,21,"VIC","Urban","12:00 AM - 6:00 AM",0,0,0,3,36,1,3,8,8,16
348,1022,0,1022,0,41,"SA","Regional","6:00 PM - 12:00 AM",1,1,0,2,54,1,3,9,9,18
760,170,0,170,1,38,"TAS","Urban","6:00 PM - 12:00 AM",1,1,1,3,120,1,4,8,7,15
1290,603,0,603,0,30,"VIC","Urban","6:00 AM - 12:00 PM",0,1,1,3,168,2,4,6,7,13
1966,4179,2195,1984,1,51,"NSW","Urban","6:00 PM - 12:00 AM",0,0,0,3,90,1,3,4,5,9
495,247,0,247,0,41,"NSW","Urban","6:00 PM - 12:00 AM",0,1,0,3,156,1,2,7,7,14
1829,3231,1992,1239,0,52,"NT","Urban","6:00 PM - 12:00 AM",1,0,0,1,84,4,2,10,10,20
1440,2973,1626,1347,1,54,"NSW","Urban","6:00 AM - 12:00 PM",0,1,0,3,168,2,2,6,6,12
171,601,0,601,0,25,"TAS","Urban","12:00 AM - 6:00 AM",1,1,0,2,36,1,4,3,0,3
608,343,0,343,0,24,"VIC","Urban","6:00 PM - 12:00 AM",1,1,0,1,144,2,1,8,8,16
594,326,0,326,1,23,"VIC","Urban","6:00 PM - 12:00 AM",1,1,0,3,144,2,4,7,7,14
722,200,0,200,1,41,"ACT","Regional","6:00 PM - 12:00 AM",0,0,0,1,48,1,4,4,4,8
876,1437,0,1437,0,39,"TAS","Urban","6:00 PM - 12:00 AM",1,0,1,1,18,1,2,2,0,2
206,4426,2547,1879,1,43,"QLD","Urban","12:00 AM - 6:00 AM",0,0,1,3,78,4,4,9,9,18
270,1283,0,1283,0,38,"SA","Urban","12:00 AM - 6:00 AM",1,0,0,3,84,2,2,10,10,20
1671,4215,2317,1898,1,57,"ACT","Urban","6:00 PM - 12:00 AM",0,0,0,3,42,2,4,6,6,12
1204,3600,1742,1858,0,47,"NSW","Urban","6:00 AM - 12:00 PM",0,0,1,2,138,1,5,10,10,20
153,3414,1763,1651,0,49,"NSW","Urban","12:00 AM - 6:00 AM",0,0,0,3,120,1,1,10,10,20
811,3117,1785,1332,0,49,"QLD","Regional","6:00 PM - 12:00 AM",0,0,1,3,84,4,4,10,10,20
1193,218,0,218,0,37,"ACT","Urban","6:00 AM - 12:00 PM",0,1,0,1,108,1,1,9,7,16
1954,1243,0,1243,1,37,"VIC","Regional","6:00 PM - 12:00 AM",1,0,1,2,42,2,3,10,5,15
511,817,0,817,1,34,"QLD","Urban","6:00 PM - 12:00 AM",0,1,1,3,132,2,4,10,10,20
1699,3645,1756,1889,0,49,"NSW","Regional","6:00 PM - 12:00 AM",0,0,1,2,180,2,3,5,9,14
1063,1358,0,1358,1,55,"QLD","Regional","6:00 AM - 12:00 PM",0,1,0,3,54,1,3,9,6,15
1895,3423,2086,1337,1,42,"NSW","Urban","6:00 PM - 12:00 AM",0,1,0,1,42,3,3,4,0,4
464,3548,1790,1758,1,53,"ACT","Regional","6:00 PM - 12:00 AM",1,0,0,3,132,1,3,5,5,10
740,198,0,198,1,30,"NT","Regional","6:00 PM - 12:00 AM",0,1,0,3,120,1,3,8,7,15
685,3879,1994,1885,0,49,"NSW","Urban","6:00 PM - 12:00 AM",1,1,1,1,24,1,3,5,1,6
1521,1578,1431,147,0,28,"VIC","Urban","6:00 AM - 12:00 PM",1,1,0,3,162,1,2,2,6,8
1453,166,0,166,1,43,"VIC","Urban","6:00 AM - 12:00 PM",0,0,0,3,120,1,3,10,10,20
453,1555,1228,327,0,40,"QLD","Remote","6:00 PM - 12:00 AM",1,1,1,2,144,1,4,10,10,20
701,1077,0,1077,0,31,"NSW","Urban","6:00 PM - 12:00 AM",0,1,1,3,72,2,2,10,9,19
1021,251,0,251,0,23,"TAS","Urban","6:00 AM - 12:00 PM",1,1,1,3,30,1,4,8,8,16
1889,2188,0,2188,1,53,"WA","Regional","6:00 PM - 12:00 AM",1,1,1,2,96,3,3,8,3,11
166,4337,2095,2242,0,53,"WA","Regional","12:00 AM - 6:00 AM",0,0,1,3,168,4,3,4,4,8
808,1056,0,1056,0,31,"SA","Regional","6:00 PM - 12:00 AM",1,1,1,3,84,2,4,7,7,14
1294,3328,2004,1324,1,49,"TAS","Urban","6:00 AM - 12:00 PM",0,0,0,3,114,1,4,8,8,16
758,247,0,247,0,34,"TAS","Urban","6:00 PM - 12:00 AM",1,1,0,2,72,1,2,2,4,6
1482,1557,0,1557,0,31,"QLD","Regional","6:00 AM - 12:00 PM",1,0,0,3,96,2,2,7,2,9
582,1819,1598,221,0,40,"WA","Urban","6:00 PM - 12:00 AM",1,1,0,1,36,1,2,0,2,2
585,3519,1850,1669,0,59,"NT","Regional","6:00 PM - 12:00 AM",0,0,0,3,24,3,3,6,7,13
1130,971,0,971,0,40,"SA","Regional","6:00 AM - 12:00 PM",1,1,1,1,156,1,3,7,10,17
649,207,0,207,1,46,"NSW","Urban","6:00 PM - 12:00 AM",0,1,0,1,168,1,2,9,4,13
1786,4822,2593,2229,0,52,"SA","Urban","6:00 PM - 12:00 AM",1,0,0,3,108,1,3,10,10,20
1783,1873,1691,182,0,41,"NSW","Urban","6:00 PM - 12:00 AM",1,1,0,3,60,2,2,7,6,13
492,4040,2204,1836,1,59,"NT","Remote","6:00 PM - 12:00 AM",0,0,1,3,144,4,2,7,9,16
423,381,0,381,1,26,"VIC","Urban","6:00 PM - 12:00 AM",0,1,0,1,48,1,2,3,3,6
252,3073,1705,1368,1,48,"NT","Regional","12:00 AM - 6:00 AM",0,0,0,3,42,2,3,8,8,16
848,352,0,352,0,22,"SA","Remote","6:00 PM - 12:00 AM",1,0,1,3,42,2,4,2,2,4
466,1973,1779,194,0,41,"NSW","Urban","6:00 PM - 12:00 AM",1,1,0,2,114,1,3,9,9,18
734,3512,2201,1311,0,46,"QLD","Urban","6:00 PM - 12:00 AM",1,0,1,3,156,1,3,1,1,2
1287,308,0,308,1,22,"ACT","Urban","6:00 AM - 12:00 PM",1,1,0,3,162,1,1,4,3,7
1898,192,0,192,0,47,"NT","Urban","6:00 PM - 12:00 AM",0,0,0,1,78,1,3,10,10,20
1618,2354,1781,573,1,37,"TAS","Urban","6:00 PM - 12:00 AM",0,0,0,3,144,3,3,6,8,14
14,273,0,273,0,24,"VIC","Urban","12:00 PM - 6:00 PM",1,1,0,2,24,1,3,1,4,5
1210,269,0,269,0,52,"ACT","Remote","6:00 AM - 12:00 PM",1,1,0,1,168,1,4,1,5,6
1794,3481,1837,1644,1,56,"TAS","Regional","6:00 PM - 12:00 AM",1,0,0,3,108,1,3,8,9,17
1462,2339,1507,832,1,31,"SA","Urban","6:00 AM - 12:00 PM",1,0,0,3,24,1,5,0,1,1
282,3499,1921,1578,0,45,"NT","Urban","12:00 AM - 6:00 AM",0,1,0,2,66,3,3,6,5,11
432,162,0,162,1,22,"NT","Urban","6:00 PM - 12:00 AM",1,1,0,3,30,1,4,7,6,13
1856,1971,1467,504,1,40,"NSW","Urban","6:00 PM - 12:00 AM",0,1,1,3,162,2,3,1,0,1
1146,3416,2123,1293,1,51,"NSW","Urban","6:00 AM - 12:00 PM",1,0,1,3,36,3,3,6,5,11
293,347,0,347,1,24,"SA","Urban","12:00 AM - 6:00 AM",1,0,0,3,102,1,3,10,10,20
1483,358,0,358,1,22,"NSW","Urban","6:00 AM - 12:00 PM",1,0,0,3,66,2,4,4,4,8
721,4354,2408,1946,1,46,"ACT","Regional","6:00 PM - 12:00 AM",0,0,1,1,42,1,4,4,3,7
1524,973,0,973,1,26,"NSW","Urban","12:00 PM - 6:00 PM",1,1,0,2,96,2,4,8,10,18
76,603,0,603,1,26,"NSW","Regional","12:00 AM - 6:00 AM",0,1,1,1,12,1,3,0,0,0
1363,868,0,868,0,38,"NSW","Regional","6:00 AM - 12:00 PM",1,1,1,3,126,1,3,5,9,14
521,2935,1641,1294,1,44,"QLD","Regional","6:00 PM - 12:00 AM",0,1,0,3,132,2,2,8,7,15
1782,515,0,515,1,37,"NSW","Urban","6:00 PM - 12:00 AM",0,1,0,1,144,2,4,10,10,20
806,1910,1724,186,1,34,"NSW","Urban","6:00 PM - 12:00 AM",1,1,0,3,138,1,4,8,10,18
898,1064,0,1064,1,51,"TAS","Urban","6:00 AM - 12:00 PM",0,0,0,3,48,1,3,4,3,7
1399,3516,1929,1587,1,47,"QLD","Urban","6:00 AM - 12:00 PM",0,1,0,3,78,2,2,6,3,9
149,4054,2194,1860,0,58,"NSW","Urban","12:00 AM - 6:00 AM",0,1,0,3,42,1,3,2,3,5
893,1465,0,1465,1,43,"QLD","Urban","6:00 AM - 12:00 PM",1,1,0,1,126,4,2,6,4,10
878,2957,1748,1209,0,47,"NSW","Urban","6:00 PM - 12:00 AM",0,0,0,3,132,3,4,7,7,14
1329,382,0,382,1,21,"NSW","Regional","6:00 AM - 12:00 PM",1,1,0,3,54,2,3,6,5,11
169,501,0,501,1,34,"NSW","Urban","12:00 PM - 6:00 PM",1,1,0,3,120,1,3,9,8,17
1895,3423,2086,1337,1,42,"NSW","Urban","6:00 PM - 12:00 AM",0,1,0,1,42,3,3,4,0,4
279,4347,1858,2489,1,51,"NSW","Regional","12:00 AM - 6:00 AM",0,1,0,3,60,3,2,8,8,16
134,3978,2217,1761,1,48,"NT","Remote","12:00 AM - 6:00 AM",1,0,1,3,66,4,2,4,4,8
7,3886,2152,1734,0,50,"SA","Urban","12:00 AM - 6:00 AM",1,0,1,3,120,3,3,4,3,7
650,3915,2296,1619,0,56,"ACT","Urban","6:00 PM - 12:00 AM",1,0,0,3,162,2,3,1,0,1
1728,181,0,181,1,52,"SA","Urban","6:00 PM - 12:00 AM",1,1,1,3,138,1,2,7,6,13
278,2957,1657,1300,1,60,"NSW","Urban","12:00 AM - 6:00 AM",0,0,0,3,132,4,4,10,10,20
809,2735,1581,1154,1,44,"WA","Urban","6:00 PM - 12:00 AM",0,0,1,3,54,4,4,7,10,17
432,162,0,162,1,22,"NT","Urban","6:00 PM - 12:00 AM",1,1,0,3,30,1,4,7,6,13
1889,2188,0,2188,1,53,"WA","Regional","6:00 PM - 12:00 AM",1,1,1,2,96,3,3,8,3,11
1573,3215,1706,1509,0,45,"VIC","Urban","6:00 AM - 12:00 PM",0,0,0,3,162,2,4,9,5,14
684,2284,1956,328,1,38,"VIC","Urban","6:00 PM - 12:00 AM",0,0,0,1,102,2,3,6,5,11
499,319,0,319,0,24,"VIC","Urban","6:00 PM - 12:00 AM",0,1,1,3,36,1,3,6,9,15
1409,386,0,386,0,20,"NSW","Urban","6:00 AM - 12:00 PM",0,1,0,3,144,2,4,10,10,20
1269,3549,1905,1644,1,60,"VIC","Urban","12:00 PM - 6:00 PM",0,0,1,3,54,1,1,9,8,17
1389,199,0,199,0,34,"VIC","Regional","6:00 AM - 12:00 PM",1,1,0,3,162,1,2,7,6,13
1851,531,0,531,1,31,"NSW","Urban","6:00 PM - 12:00 AM",1,1,0,3,30,2,3,0,0,0
190,3779,2016,1763,1,60,"NSW","Regional","12:00 AM - 6:00 AM",0,0,0,3,96,2,3,10,10,20
1120,2565,1385,1180,0,43,"ACT","Regional","6:00 AM - 12:00 PM",1,1,0,3,108,1,4,5,4,9
1918,3717,1777,1940,0,52,"NSW","Regional","6:00 PM - 12:00 AM",0,0,1,3,42,3,4,4,3,7
1855,4591,2249,2342,1,51,"NSW","Regional","6:00 PM - 12:00 AM",1,0,0,3,84,4,4,10,10,20
1096,2905,1592,1313,0,54,"NSW","Urban","6:00 AM - 12:00 PM",0,0,0,3,108,2,3,10,9,19
585,3519,1850,1669,0,59,"NT","Regional","6:00 PM - 12:00 AM",0,0,0,3,24,3,3,6,7,13
1979,4197,2397,1800,0,47,"NSW","Urban","12:00 PM - 6:00 PM",1,0,1,3,12,2,2,2,6,8
1042,909,0,909,0,33,"NT","Urban","6:00 AM - 12:00 PM",1,1,1,2,102,2,3,10,10,20
64,130,0,130,1,22,"VIC","Urban","12:00 AM - 6:00 AM",0,1,0,3,174,1,2,2,1,3
1603,200,0,200,1,21,"NSW","Urban","6:00 AM - 12:00 PM",1,0,1,3,144,1,3,9,10,19
219,3973,1995,1978,1,55,"VIC","Regional","12:00 AM - 6:00 AM",0,0,0,3,12,1,1,1,0,1
977,1471,0,1471,1,48,"NSW","Regional","6:00 AM - 12:00 PM",0,0,0,3,24,1,2,4,3,7
380,1380,1216,164,0,30,"SA","Urban","12:00 PM - 6:00 PM",1,1,1,3,84,1,4,7,3,10
442,1951,1466,485,0,44,"QLD","Urban","6:00 PM - 12:00 AM",1,1,1,3,96,2,2,9,9,18
1805,234,0,234,0,35,"NSW","Urban","6:00 PM - 12:00 AM",1,1,1,3,24,1,4,4,0,4
1563,1659,1378,281,1,30,"QLD","Urban","6:00 AM - 12:00 PM",1,1,1,3,120,1,2,4,3,7
718,1929,1685,244,0,31,"WA","Regional","6:00 PM - 12:00 AM",0,1,1,2,90,1,3,7,7,14
868,4795,2624,2171,0,51,"NSW","Urban","12:00 PM - 6:00 PM",1,0,0,3,66,2,3,10,9,19
76,603,0,603,1,26,"NSW","Regional","12:00 AM - 6:00 AM",0,1,1,1,12,1,3,0,0,0
1365,177,0,177,0,24,"TAS","Regional","6:00 AM - 12:00 PM",0,1,1,1,108,1,2,10,10,20
614,191,0,191,0,42,"SA","Remote","6:00 PM - 12:00 AM",0,1,1,3,72,1,2,3,6,9
802,353,0,353,0,24,"TAS","Urban","12:00 PM - 6:00 PM",0,1,0,3,90,2,4,5,4,9
1341,985,0,985,0,36,"TAS","Urban","6:00 AM - 12:00 PM",0,1,0,3,66,1,3,7,7,14
289,274,0,274,0,47,"TAS","Urban","12:00 AM - 6:00 AM",1,0,0,2,114,1,3,8,8,16
882,383,0,383,0,24,"QLD","Urban","6:00 AM - 12:00 PM",1,1,0,3,144,1,4,3,5,8
1951,1437,1110,327,1,26,"NSW","Urban","6:00 PM - 12:00 AM",1,0,1,3,150,1,4,3,6,9
445,3920,1950,1970,1,46,"SA","Regional","6:00 PM - 12:00 AM",1,0,0,2,162,2,3,2,6,8
1385,384,0,384,0,23,"NSW","Urban","6:00 AM - 12:00 PM",1,1,0,3,12,1,4,1,0,1
1632,1453,1277,176,0,22,"NSW","Urban","6:00 PM - 12:00 AM",1,1,0,3,156,2,3,8,7,15
1046,329,0,329,0,22,"ACT","Urban","12:00 PM - 6:00 PM",1,1,1,3,24,1,2,2,0,2
242,1839,1547,292,1,36,"QLD","Urban","12:00 AM - 6:00 AM",1,0,1,3,162,2,4,10,9,19
833,183,0,183,0,37,"VIC","Urban","6:00 PM - 12:00 AM",1,0,1,2,66,1,3,9,8,17
1234,4086,2260,1826,0,47,"SA","Regional","6:00 AM - 12:00 PM",1,0,0,1,54,4,4,4,3,7
1742,4407,2410,1997,0,46,"VIC","Urban","6:00 PM - 12:00 AM",0,0,0,3,174,4,4,5,4,9
608,343,0,343,0,24,"VIC","Urban","6:00 PM - 12:00 AM",1,1,0,1,144,2,1,8,8,16
1215,4223,2280,1943,1,46,"VIC","Urban","6:00 AM - 12:00 PM",1,0,0,3,132,3,3,7,4,11
291,237,0,237,1,21,"VIC","Urban","12:00 PM - 6:00 PM",1,1,0,1,18,1,2,2,0,2
514,3896,2272,1624,0,47,"NSW","Urban","6:00 PM - 12:00 AM",1,0,1,1,60,1,3,5,3,8
1643,200,0,200,0,53,"ACT","Remote","6:00 PM - 12:00 AM",1,1,0,2,126,1,1,9,8,17
1842,4426,2427,1999,1,47,"NSW","Urban","6:00 PM - 12:00 AM",1,0,0,3,114,2,4,8,7,15
1971,3150,1676,1474,1,48,"SA","Urban","6:00 PM - 12:00 AM",0,0,0,3,36,2,3,2,2,4
317,900,0,900,1,25,"VIC","Regional","6:00 PM - 12:00 AM",1,1,0,3,150,1,1,8,5,13
418,852,0,852,1,44,"VIC","Regional","6:00 PM - 12:00 AM",0,1,1,3,132,1,2,7,4,11
1899,1457,1269,188,1,27,"NT","Remote","6:00 PM - 12:00 AM",1,0,0,3,90,1,4,10,9,19
1849,3526,2157,1369,1,46,"ACT","Urban","6:00 PM - 12:00 AM",1,0,1,1,156,2,5,6,10,16
1406,324,0,324,1,25,"QLD","Urban","6:00 AM - 12:00 PM",1,0,0,3,72,2,4,5,6,11
968,436,0,436,0,27,"VIC","Regional","12:00 PM - 6:00 PM",1,1,1,2,84,2,3,4,3,7
19,3387,2250,1137,0,58,"NSW","Urban","12:00 AM - 6:00 AM",1,0,0,1,60,4,3,4,5,9
1494,4909,2478,2431,0,53,"VIC","Regional","6:00 AM - 12:00 PM",0,0,0,3,66,3,2,5,5,10
556,1563,1250,313,1,33,"NSW","Urban","6:00 PM - 12:00 AM",1,1,1,3,120,2,3,10,9,19
1176,2823,1627,1196,0,56,"QLD","Urban","6:00 AM - 12:00 PM",1,0,0,3,162,2,3,7,7,14
1633,749,0,749,1,35,"VIC","Urban","6:00 PM - 12:00 AM",1,1,0,3,54,2,3,3,3,6
217,1439,1125,314,1,24,"NSW","Regional","12:00 AM - 6:00 AM",1,1,0,3,150,2,4,8,10,18
1377,742,0,742,1,29,"NSW","Regional","6:00 AM - 12:00 PM",1,1,0,1,126,1,4,4,4,8
122,1445,0,1445,1,36,"NSW","Urban","12:00 AM - 6:00 AM",0,1,0,1,180,1,2,0,0,0
1428,4284,2202,2082,0,53,"NSW","Urban","6:00 AM - 12:00 PM",0,0,1,3,24,4,2,3,0,3
1401,373,0,373,1,24,"TAS","Urban","6:00 AM - 12:00 PM",0,0,0,3,120,1,3,7,7,14
494,3251,1831,1420,0,49,"NSW","Regional","6:00 PM - 12:00 AM",0,0,0,2,138,4,2,10,10,20
839,2826,1687,1139,1,60,"SA","Regional","6:00 PM - 12:00 AM",0,1,0,3,168,4,2,0,0,0
221,188,0,188,0,42,"NT","Regional","12:00 AM - 6:00 AM",1,0,0,2,12,1,3,2,0,2
1887,1488,0,1488,1,36,"NT","Urban","6:00 PM - 12:00 AM",0,0,0,3,12,1,2,5,4,9
526,3834,2029,1805,0,46,"ACT","Urban","6:00 PM - 12:00 AM",1,0,1,3,180,3,5,4,0,4
1186,3527,2010,1517,0,48,"VIC","Urban","6:00 AM - 12:00 PM",0,0,1,1,156,1,3,7,4,11
1671,4215,2317,1898,1,57,"ACT","Urban","6:00 PM - 12:00 AM",0,0,0,3,42,2,4,6,6,12
168,2934,1892,1042,0,47,"NSW","Urban","12:00 AM - 6:00 AM",0,0,1,3,138,3,2,6,1,7
1238,1129,0,1129,0,43,"NSW","Regional","6:00 AM - 12:00 PM",1,1,0,1,36,2,2,8,5,13
425,337,0,337,0,28,"NSW","Urban","6:00 PM - 12:00 AM",1,1,0,2,114,1,3,10,10,20
1160,4289,2521,1768,0,47,"ACT","Regional","6:00 AM - 12:00 PM",0,0,1,1,174,4,2,8,7,15
680,4355,2561,1794,0,50,"ACT","Remote","12:00 PM - 6:00 PM",1,0,0,2,96,1,3,8,9,17
928,138,0,138,1,51,"VIC","Urban","6:00 AM - 12:00 PM",1,1,1,1,78,1,3,5,5,10
1741,4363,2318,2045,0,58,"NSW","Regional","6:00 PM - 12:00 AM",1,0,0,1,162,1,3,2,0,2
545,1167,0,1167,1,36,"SA","Urban","6:00 PM - 12:00 AM",1,1,0,1,24,2,3,0,0,0
1920,4485,2306,2179,1,54,"NSW","Urban","6:00 PM - 12:00 AM",1,0,0,2,54,4,4,3,3,6
108,1020,0,1020,1,33,"NSW","Regional","12:00 AM - 6:00 AM",1,0,0,2,84,1,3,5,7,12
834,605,0,605,1,28,"ACT","Urban","6:00 PM - 12:00 AM",1,1,0,3,24,1,3,1,1,2
1267,284,0,284,0,22,"SA","Regional","6:00 AM - 12:00 PM",0,1,0,3,168,2,2,4,5,9
934,903,0,903,0,24,"SA","Urban","6:00 AM - 12:00 PM",1,1,0,1,24,1,2,4,3,7
633,4079,2237,1842,1,48,"NSW","Urban","6:00 PM - 12:00 AM",0,0,1,3,48,4,2,10,7,17
1958,3695,1802,1893,1,42,"VIC","Urban","6:00 PM - 12:00 AM",0,1,0,3,54,3,2,2,5,7
53,466,0,466,1,29,"WA","Urban","12:00 AM - 6:00 AM",1,1,1,3,138,1,3,10,9,19
1782,515,0,515,1,37,"NSW","Urban","6:00 PM - 12:00 AM",0,1,0,1,144,2,4,10,10,20
566,997,0,997,1,45,"VIC","Urban","6:00 PM - 12:00 AM",0,1,0,3,174,2,3,3,2,5
1034,489,0,489,0,37,"VIC","Urban","6:00 AM - 12:00 PM",1,1,0,2,30,2,2,7,5,12
655,175,0,175,1,56,"ACT","Urban","6:00 PM - 12:00 AM",0,1,1,2,42,1,3,2,1,3
1093,3602,1983,1619,1,56,"NSW","Urban","6:00 AM - 12:00 PM",0,0,0,3,12,4,3,0,0,0
1061,2441,1595,846,1,56,"TAS","Urban","6:00 AM - 12:00 PM",0,1,1,3,174,2,2,3,6,9
385,3397,1791,1606,0,57,"VIC","Urban","6:00 PM - 12:00 AM",0,0,1,3,156,4,3,6,3,9
359,1369,1144,225,1,20,"VIC","Urban","6:00 PM - 12:00 AM",1,1,0,3,48,2,2,6,4,10
138,4079,2215,1864,1,43,"NSW","Urban","12:00 AM - 6:00 AM",1,0,1,2,108,1,5,7,9,16
1352,749,0,749,0,30,"NSW","Urban","6:00 AM - 12:00 PM",1,1,0,2,126,2,4,7,8,15
10,3292,1786,1506,0,58,"WA","Urban","12:00 AM - 6:00 AM",1,0,0,3,48,3,2,8,4,12
1878,3734,2082,1652,1,41,"VIC","Remote","6:00 PM - 12:00 AM",0,1,1,3,138,4,3,8,4,12
1408,1540,1234,306,1,27,"ACT","Regional","6:00 AM - 12:00 PM",1,0,0,3,84,2,4,3,5,8
1528,788,0,788,0,24,"NSW","Regional","6:00 AM - 12:00 PM",1,1,0,3,84,1,3,8,7,15
807,421,0,421,0,24,"NSW","Regional","6:00 PM - 12:00 AM",1,1,1,2,156,2,1,10,6,16
858,1578,1399,179,0,27,"SA","Urban","6:00 PM - 12:00 AM",1,0,0,2,102,1,2,10,9,19
1796,4034,2045,1989,1,60,"VIC","Remote","6:00 PM - 12:00 AM",0,0,0,2,36,3,3,5,1,6
1044,310,0,310,0,20,"WA","Regional","6:00 AM - 12:00 PM",1,1,1,3,144,1,4,4,4,8
1262,905,0,905,1,37,"NSW","Urban","6:00 AM - 12:00 PM",0,1,0,3,144,1,1,7,7,14
1926,2046,1821,225,0,36,"SA","Urban","6:00 PM - 12:00 AM",0,0,0,1,96,1,3,7,6,13
1061,2441,1595,846,1,56,"TAS","Urban","6:00 AM - 12:00 PM",0,1,1,3,174,2,2,3,6,9
1842,4426,2427,1999,1,47,"NSW","Urban","6:00 PM - 12:00 AM",1,0,0,3,114,2,4,8,7,15
1779,343,0,343,0,34,"VIC","Urban","12:00 PM - 6:00 PM",1,1,1,3,174,2,4,6,6,12
1072,1517,0,1517,1,60,"VIC","Urban","6:00 AM - 12:00 PM",0,1,1,3,108,2,4,10,10,20
200,246,0,246,1,48,"NSW","Regional","12:00 AM - 6:00 AM",1,0,1,3,108,1,5,8,4,12
1928,3472,2062,1410,0,46,"NSW","Urban","6:00 PM - 12:00 AM",0,0,1,3,84,4,2,5,4,9
714,1392,0,1392,0,36,"QLD","Regional","6:00 PM - 12:00 AM",0,0,1,3,24,1,3,1,1,2
1611,432,0,432,1,26,"NSW","Regional","6:00 AM - 12:00 PM",1,1,1,1,102,1,3,10,10,20
15,1431,1182,249,1,29,"NSW","Urban","12:00 AM - 6:00 AM",1,1,1,2,60,2,2,10,9,19
643,4266,2359,1907,0,52,"QLD","Urban","6:00 PM - 12:00 AM",1,0,0,2,24,1,3,4,8,12
1406,324,0,324,1,25,"QLD","Urban","6:00 AM - 12:00 PM",1,0,0,3,72,2,4,5,6,11
1778,4481,1993,2488,0,54,"NSW","Urban","6:00 PM - 12:00 AM",0,0,1,3,126,2,2,3,6,9
1836,328,0,328,1,24,"NSW","Urban","6:00 PM - 12:00 AM",1,1,1,3,18,1,4,1,0,1
1968,353,0,353,1,24,"VIC","Regional","12:00 PM - 6:00 PM",0,1,1,3,144,1,3,3,2,5
1385,384,0,384,0,23,"NSW","Urban","6:00 AM - 12:00 PM",1,1,0,3,12,1,4,1,0,1
55,2212,1941,271,0,43,"VIC","Urban","12:00 AM - 6:00 AM",1,1,1,2,138,2,2,2,4,6
1393,200,0,200,0,34,"NSW","Urban","6:00 AM - 12:00 PM",1,1,1,2,120,1,2,9,6,15
448,3772,2042,1730,1,58,"NT","Urban","6:00 PM - 12:00 AM",0,0,0,3,24,1,2,2,6,8
1967,3158,1979,1179,1,54,"NSW","Urban","6:00 PM - 12:00 AM",0,0,1,3,120,3,3,5,3,8
361,1522,1174,348,0,43,"VIC","Urban","6:00 PM - 12:00 AM",1,1,1,3,36,1,3,5,5,10
1721,140,0,140,0,31,"NT","Urban","6:00 PM - 12:00 AM",1,1,0,1,96,1,2,9,9,18
959,2828,1675,1153,1,59,"VIC","Urban","6:00 AM - 12:00 PM",1,1,1,1,36,2,3,6,4,10
1144,431,0,431,1,30,"NT","Regional","6:00 AM - 12:00 PM",0,1,0,2,132,2,4,9,10,19
616,3631,1962,1669,1,54,"NSW","Urban","6:00 PM - 12:00 AM",1,0,1,2,114,1,2,10,10,20
1342,281,0,281,1,24,"TAS","Regional","6:00 AM - 12:00 PM",1,1,0,3,168,1,5,4,2,6
456,256,0,256,1,56,"NSW","Urban","6:00 PM - 12:00 AM",0,1,0,2,30,1,3,3,2,5
511,817,0,817,1,34,"QLD","Urban","6:00 PM - 12:00 AM",0,1,1,3,132,2,4,10,10,20
2,1469,0,1469,1,39,"VIC","Urban","12:00 PM - 6:00 PM",1,1,1,3,24,1,3,6,2,8
1164,4427,2694,1733,1,48,"NSW","Regional","6:00 AM - 12:00 PM",0,0,1,2,180,4,4,9,7,16
1255,3354,1960,1394,1,58,"NSW","Urban","6:00 AM - 12:00 PM",0,0,1,1,150,4,3,10,8,18
209,153,0,153,1,30,"VIC","Urban","12:00 AM - 6:00 AM",1,1,0,3,150,1,2,6,6,12
158,304,0,304,0,18,"NSW","Urban","12:00 PM - 6:00 PM",1,1,0,2,126,1,3,9,7,16
1338,132,0,132,0,24,"NSW","Regional","6:00 AM - 12:00 PM",0,1,1,3,24,1,4,4,7,11
1601,1710,1437,273,1,37,"TAS","Urban","6:00 AM - 12:00 PM",1,0,0,3,174,1,2,5,2,7
912,2140,1655,485,0,60,"VIC","Urban","6:00 AM - 12:00 PM",0,0,0,3,96,1,3,6,6,12
1206,1454,1269,185,1,35,"NT","Urban","6:00 AM - 12:00 PM",1,1,1,3,156,2,4,10,10,20
81,576,0,576,0,21,"QLD","Urban","12:00 AM - 6:00 AM",1,0,1,2,24,2,3,3,0,3
1119,3872,1913,1959,1,52,"TAS","Urban","6:00 AM - 12:00 PM",0,0,0,1,108,4,2,6,6,12
739,413,0,413,1,23,"NSW","Urban","6:00 PM - 12:00 AM",1,0,0,2,126,2,3,8,3,11
1344,529,0,529,0,34,"QLD","Remote","6:00 AM - 12:00 PM",0,1,0,1,78,1,2,7,6,13
1627,245,0,245,0,24,"QLD","Urban","6:00 PM - 12:00 AM",1,1,1,2,96,1,5,7,7,14
768,201,0,201,1,33,"WA","Regional","12:00 PM - 6:00 PM",1,1,1,3,78,1,2,4,3,7
1566,3982,2027,1955,0,58,"NSW","Regional","6:00 AM - 12:00 PM",0,0,0,2,12,1,3,2,0,2
922,555,0,555,0,22,"WA","Urban","6:00 AM - 12:00 PM",0,0,1,3,36,1,3,8,9,17
1785,3762,2255,1507,0,54,"WA","Regional","6:00 PM - 12:00 AM",1,0,1,1,84,4,3,10,10,20
1872,3330,1779,1551,0,52,"NSW","Urban","6:00 PM - 12:00 AM",0,0,0,2,78,1,3,6,6,12
1499,3061,1829,1232,0,43,"NSW","Urban","6:00 AM - 12:00 PM",0,0,0,3,72,4,3,10,6,16
222,284,0,284,0,24,"NSW","Urban","12:00 AM - 6:00 AM",1,0,1,1,90,1,3,10,10,20
268,228,0,228,1,40,"NSW","Urban","12:00 AM - 6:00 AM",1,0,1,1,36,1,4,8,9,17
1333,249,0,249,1,22,"NSW","Urban","6:00 AM - 12:00 PM",1,1,0,2,48,2,1,2,1,3
1816,3985,2285,1700,1,53,"NT","Urban","6:00 PM - 12:00 AM",0,0,0,1,180,2,4,5,9,14
522,3113,1708,1405,1,48,"QLD","Urban","6:00 PM - 12:00 AM",1,0,0,3,60,2,3,3,2,5
1631,379,0,379,0,28,"VIC","Urban","6:00 PM - 12:00 AM",1,1,0,2,54,1,2,3,2,5
100,246,0,246,1,27,"VIC","Urban","12:00 AM - 6:00 AM",0,0,1,1,162,1,2,2,2,4
83,363,0,363,1,20,"NSW","Regional","12:00 AM - 6:00 AM",0,1,0,3,102,1,2,6,2,8
1536,4579,2334,2245,0,41,"NSW","Urban","6:00 AM - 12:00 PM",0,0,0,2,12,3,2,3,2,5
1279,3939,2348,1591,0,46,"NSW","Urban","6:00 AM - 12:00 PM",0,0,1,3,60,4,4,6,5,11
145,4529,2607,1922,0,49,"VIC","Urban","12:00 AM - 6:00 AM",0,0,0,2,48,2,4,9,10,19
1339,689,0,689,0,31,"NT","Urban","6:00 AM - 12:00 PM",1,1,0,1,90,2,3,5,8,13
1344,529,0,529,0,34,"QLD","Remote","6:00 AM - 12:00 PM",0,1,0,1,78,1,2,7,6,13
121,1345,0,1345,0,39,"VIC","Urban","12:00 AM - 6:00 AM",0,0,0,2,72,1,3,9,9,18
1924,173,0,173,1,24,"QLD","Regional","12:00 PM - 6:00 PM",0,1,0,2,54,1,4,9,8,17
