"ID","TotalSpending","InternationalSpend","DomesticSpend","Female","Age","HomeState","HomeRegion","BookingTime","DeviceTypeMobileTablet","Windows.Android","PromotionsUsed","EaseOfUse","UsageDuration","BookingCount","AvailableFlights","Satisfaction","NetPromoterScore","TotalSatisfaction"
66,906,0,906,1,27,"WA","Urban","12:00 AM - 6:00 AM",1,1,1,3,36,2,2,0,0,0
1849,3526,2157,1369,1,46,"ACT","Urban","6:00 PM - 12:00 AM",1,0,1,1,156,2,5,6,10,16
123,885,0,885,1,29,"NSW","Urban","12:00 AM - 6:00 AM",1,1,1,3,126,2,4,4,8,12
787,4517,2383,2134,1,43,"NSW","Urban","6:00 PM - 12:00 AM",0,0,0,2,150,3,2,4,3,7
344,1726,1381,345,0,42,"QLD","Urban","6:00 PM - 12:00 AM",1,1,0,2,60,2,3,5,5,10
1096,2905,1592,1313,0,54,"NSW","Urban","6:00 AM - 12:00 PM",0,0,0,3,108,2,3,10,9,19
1552,1871,1673,198,0,36,"NSW","Regional","6:00 AM - 12:00 PM",1,1,1,2,48,1,4,10,9,19
98,448,0,448,1,21,"NSW","Urban","12:00 AM - 6:00 AM",0,0,0,3,132,1,3,10,10,20
1729,493,0,493,1,39,"NSW","Urban","6:00 PM - 12:00 AM",1,1,0,3,48,2,3,5,4,9
303,542,0,542,0,29,"VIC","Urban","6:00 PM - 12:00 AM",1,1,1,3,138,1,3,4,2,6
255,329,0,329,0,20,"VIC","Regional","12:00 AM - 6:00 AM",1,0,0,3,120,2,4,8,6,14
887,2209,1785,424,0,36,"VIC","Urban","6:00 AM - 12:00 PM",0,0,0,1,66,2,4,7,7,14
843,1317,1160,157,0,28,"NSW","Urban","6:00 PM - 12:00 AM",1,1,0,3,150,2,4,8,8,16
1121,199,0,199,1,24,"NT","Regional","6:00 AM - 12:00 PM",1,1,0,3,144,1,3,4,4,8
1737,655,0,655,0,34,"QLD","Urban","6:00 PM - 12:00 AM",0,1,0,3,132,2,1,10,9,19
625,3729,2113,1616,0,47,"NSW","Urban","6:00 PM - 12:00 AM",1,0,1,3,132,2,3,9,9,18
105,1502,1160,342,1,27,"WA","Urban","12:00 AM - 6:00 AM",0,1,0,2,36,1,3,9,5,14
96,395,0,395,1,20,"VIC","Regional","12:00 AM - 6:00 AM",0,1,0,2,120,1,3,10,9,19
438,4102,2131,1971,1,56,"NSW","Urban","6:00 PM - 12:00 AM",1,0,1,3,90,2,2,10,9,19
1596,679,0,679,0,22,"ACT","Regional","6:00 AM - 12:00 PM",1,0,1,3,150,2,5,10,10,20
1165,1349,0,1349,1,41,"NSW","Urban","6:00 AM - 12:00 PM",0,1,1,3,78,2,3,10,9,19
83,363,0,363,1,20,"NSW","Regional","12:00 AM - 6:00 AM",0,1,0,3,102,1,2,6,2,8
93,1757,1492,265,1,27,"VIC","Urban","12:00 AM - 6:00 AM",0,1,0,3,54,2,2,5,4,9
1441,2011,1718,293,0,39,"NSW","Urban","6:00 AM - 12:00 PM",0,0,0,3,180,1,3,7,4,11
591,1521,1279,242,0,38,"SA","Urban","12:00 PM - 6:00 PM",0,1,1,3,96,2,4,10,10,20
1733,3360,1800,1560,0,54,"NT","Urban","6:00 PM - 12:00 AM",0,0,1,3,60,2,3,8,7,15
922,555,0,555,0,22,"WA","Urban","6:00 AM - 12:00 PM",0,0,1,3,36,1,3,8,9,17
571,199,0,199,1,20,"NSW","Urban","6:00 PM - 12:00 AM",1,1,0,1,114,1,5,9,10,19
204,1077,0,1077,1,37,"NSW","Remote","12:00 AM - 6:00 AM",1,1,0,3,132,2,5,10,10,20
177,3531,1873,1658,0,44,"NSW","Urban","12:00 AM - 6:00 AM",0,0,0,3,132,4,4,5,5,10
896,846,0,846,0,38,"TAS","Urban","6:00 AM - 12:00 PM",1,1,0,3,48,1,2,2,1,3
1292,4068,2311,1757,0,46,"NSW","Urban","6:00 AM - 12:00 PM",0,0,0,3,54,2,3,4,3,7
1975,660,0,660,1,27,"NSW","Urban","6:00 PM - 12:00 AM",1,1,1,1,18,1,3,1,0,1
1352,749,0,749,0,30,"NSW","Urban","6:00 AM - 12:00 PM",1,1,0,2,126,2,4,7,8,15
946,3043,1558,1485,1,51,"VIC","Urban","12:00 PM - 6:00 PM",1,0,1,2,174,1,3,1,0,1
1168,1401,1121,280,1,31,"QLD","Urban","6:00 AM - 12:00 PM",1,1,1,3,24,2,4,2,0,2
258,303,0,303,0,25,"NT","Urban","12:00 PM - 6:00 PM",1,1,1,2,114,1,2,6,5,11
488,1223,0,1223,1,40,"NSW","Urban","6:00 PM - 12:00 AM",1,1,0,2,138,2,3,10,10,20
870,3238,1933,1305,0,41,"NSW","Urban","6:00 PM - 12:00 AM",0,0,1,3,144,1,2,10,10,20
567,3857,1976,1881,0,46,"NSW","Urban","6:00 PM - 12:00 AM",0,0,1,3,48,4,4,6,5,11
696,1508,1398,110,0,29,"TAS","Urban","6:00 PM - 12:00 AM",0,1,0,3,132,2,5,10,7,17
997,283,0,283,0,25,"VIC","Regional","6:00 AM - 12:00 PM",1,1,0,3,42,2,3,4,3,7
564,213,0,213,0,37,"VIC","Regional","6:00 PM - 12:00 AM",1,1,0,3,42,1,4,7,6,13
1669,3946,1877,2069,0,55,"NSW","Regional","12:00 PM - 6:00 PM",0,0,0,2,132,2,3,8,6,14
53,466,0,466,1,29,"WA","Urban","12:00 AM - 6:00 AM",1,1,1,3,138,1,3,10,9,19
1148,307,0,307,0,20,"NSW","Remote","6:00 AM - 12:00 PM",0,1,0,1,180,2,3,0,3,3
116,751,0,751,0,21,"TAS","Urban","12:00 AM - 6:00 AM",0,1,1,3,54,1,2,10,9,19
1721,140,0,140,0,31,"NT","Urban","6:00 PM - 12:00 AM",1,1,0,1,96,1,2,9,9,18
933,1110,0,1110,1,44,"VIC","Urban","6:00 AM - 12:00 PM",1,1,0,1,36,2,3,4,8,12
162,4392,2426,1966,0,44,"NSW","Urban","12:00 AM - 6:00 AM",0,0,0,1,36,2,3,7,10,17
393,1518,0,1518,0,41,"SA","Remote","6:00 PM - 12:00 AM",1,1,1,3,168,1,4,8,7,15
1716,1328,0,1328,1,41,"NSW","Urban","6:00 PM - 12:00 AM",0,1,0,3,90,1,2,10,10,20
1889,2188,0,2188,1,53,"WA","Regional","6:00 PM - 12:00 AM",1,1,1,2,96,3,3,8,3,11
1531,3732,2175,1557,0,42,"TAS","Regional","6:00 AM - 12:00 PM",0,0,0,3,24,4,1,5,4,9
59,967,0,967,0,45,"WA","Urban","12:00 AM - 6:00 AM",0,1,0,3,72,2,2,7,3,10
1200,4647,2638,2009,0,52,"NT","Urban","6:00 AM - 12:00 PM",0,0,1,3,24,1,4,9,8,17
1993,734,0,734,1,28,"QLD","Regional","6:00 PM - 12:00 AM",1,1,0,1,168,2,3,7,4,11
115,3119,1791,1328,1,51,"NSW","Remote","12:00 AM - 6:00 AM",0,0,0,1,150,2,3,7,5,12
1722,1139,0,1139,1,43,"NSW","Remote","6:00 PM - 12:00 AM",1,1,0,1,54,2,4,7,6,13
671,205,0,205,1,31,"QLD","Regional","6:00 PM - 12:00 AM",1,0,1,3,126,1,4,4,7,11
1510,4274,2427,1847,1,52,"NSW","Urban","6:00 AM - 12:00 PM",0,0,0,3,42,2,4,9,8,17
696,1508,1398,110,0,29,"TAS","Urban","6:00 PM - 12:00 AM",0,1,0,3,132,2,5,10,7,17
2,1469,0,1469,1,39,"VIC","Urban","12:00 PM - 6:00 PM",1,1,1,3,24,1,3,6,2,8
74,453,0,453,0,22,"VIC","Urban","12:00 AM - 6:00 AM",0,1,1,2,156,1,5,10,9,19
994,338,0,338,1,24,"VIC","Regional","6:00 AM - 12:00 PM",1,1,0,3,108,1,2,10,10,20
606,3778,1859,1919,1,55,"QLD","Regional","6:00 PM - 12:00 AM",0,0,0,1,84,4,2,10,10,20
828,1619,1302,317,0,38,"NSW","Remote","6:00 PM - 12:00 AM",1,1,0,3,72,1,3,4,4,8
1837,414,0,414,0,20,"NT","Urban","6:00 PM - 12:00 AM",1,1,0,2,18,2,4,4,1,5
894,1411,0,1411,1,41,"NT","Urban","6:00 AM - 12:00 PM",0,0,0,1,90,1,3,10,10,20
245,238,0,238,0,35,"VIC","Urban","12:00 AM - 6:00 AM",1,0,1,1,78,1,4,6,8,14
772,3290,1788,1502,0,44,"ACT","Urban","6:00 PM - 12:00 AM",0,0,0,3,30,3,3,4,3,7
700,205,0,205,0,34,"ACT","Urban","6:00 PM - 12:00 AM",0,0,0,3,156,1,2,10,8,18
368,458,0,458,0,28,"ACT","Urban","6:00 PM - 12:00 AM",1,1,1,2,120,1,3,8,8,16
392,1488,1256,232,1,31,"QLD","Regional","6:00 PM - 12:00 AM",1,1,0,2,138,1,5,10,9,19
1239,322,0,322,0,23,"SA","Urban","6:00 AM - 12:00 PM",0,1,0,3,138,1,3,7,6,13
258,303,0,303,0,25,"NT","Urban","12:00 PM - 6:00 PM",1,1,1,2,114,1,2,6,5,11
633,4079,2237,1842,1,48,"NSW","Urban","6:00 PM - 12:00 AM",0,0,1,3,48,4,2,10,7,17
1030,211,0,211,1,24,"SA","Urban","6:00 AM - 12:00 PM",1,1,0,3,66,1,3,6,7,13
1253,367,0,367,0,29,"ACT","Remote","6:00 AM - 12:00 PM",1,1,0,3,156,2,4,2,2,4
114,454,0,454,1,24,"VIC","Urban","12:00 PM - 6:00 PM",1,1,0,3,132,1,3,8,3,11
1241,382,0,382,1,24,"WA","Regional","6:00 AM - 12:00 PM",0,1,0,1,132,2,3,6,1,7
1213,315,0,315,1,22,"NSW","Urban","12:00 PM - 6:00 PM",1,1,0,2,174,2,3,4,8,12
894,1411,0,1411,1,41,"NT","Urban","6:00 AM - 12:00 PM",0,0,0,1,90,1,3,10,10,20
783,4222,2584,1638,1,60,"NSW","Regional","6:00 PM - 12:00 AM",0,0,0,1,108,1,4,10,9,19
1667,859,0,859,1,26,"NSW","Urban","6:00 PM - 12:00 AM",1,1,0,1,162,1,3,5,7,12
1873,2667,1718,949,1,33,"WA","Urban","6:00 PM - 12:00 AM",0,0,0,1,132,1,4,10,8,18
338,1408,1059,349,1,24,"VIC","Regional","6:00 PM - 12:00 AM",1,1,1,2,120,2,4,10,10,20
1020,250,0,250,1,53,"VIC","Urban","6:00 AM - 12:00 PM",1,1,0,3,30,1,2,6,1,7
1326,256,0,256,1,24,"SA","Urban","6:00 AM - 12:00 PM",1,1,1,3,102,2,1,9,8,17
798,214,0,214,1,51,"VIC","Urban","6:00 PM - 12:00 AM",1,0,0,3,120,1,3,6,5,11
1386,1657,1311,346,1,28,"QLD","Urban","6:00 AM - 12:00 PM",0,1,1,3,48,2,3,0,4,4
1646,828,0,828,0,40,"VIC","Urban","12:00 PM - 6:00 PM",0,1,0,3,180,2,4,4,3,7
1643,200,0,200,0,53,"ACT","Remote","6:00 PM - 12:00 AM",1,1,0,2,126,1,1,9,8,17
1188,4319,2352,1967,1,58,"NSW","Remote","6:00 AM - 12:00 PM",0,0,1,3,114,4,3,5,8,13
407,793,0,793,0,36,"NSW","Urban","6:00 PM - 12:00 AM",1,1,1,3,114,1,2,8,8,16
834,605,0,605,1,28,"ACT","Urban","6:00 PM - 12:00 AM",1,1,0,3,24,1,3,1,1,2
1329,382,0,382,1,21,"NSW","Regional","6:00 AM - 12:00 PM",1,1,0,3,54,2,3,6,5,11
1719,2055,1843,212,1,40,"ACT","Urban","6:00 PM - 12:00 AM",1,1,1,3,60,1,3,7,6,13
1328,405,0,405,1,24,"NSW","Urban","6:00 AM - 12:00 PM",0,1,0,3,18,2,3,2,2,4
709,4213,2043,2170,0,50,"NSW","Urban","6:00 PM - 12:00 AM",0,1,0,3,84,2,2,8,8,16
946,3043,1558,1485,1,51,"VIC","Urban","12:00 PM - 6:00 PM",1,0,1,2,174,1,3,1,0,1
1919,3920,2409,1511,0,46,"VIC","Urban","6:00 PM - 12:00 AM",0,0,0,3,96,1,4,9,10,19
328,465,0,465,0,34,"VIC","Urban","6:00 PM - 12:00 AM",1,1,1,3,180,2,3,3,2,5
993,1516,1336,180,0,40,"VIC","Urban","6:00 AM - 12:00 PM",1,1,1,1,12,2,3,4,6,10
570,4367,2174,2193,1,48,"VIC","Urban","6:00 PM - 12:00 AM",0,0,0,3,30,2,3,6,7,13
248,1030,0,1030,1,31,"QLD","Regional","12:00 AM - 6:00 AM",1,0,0,3,66,1,2,7,6,13
1437,3510,1852,1658,0,54,"VIC","Urban","6:00 AM - 12:00 PM",0,0,1,3,72,4,5,10,10,20
1307,294,0,294,0,24,"NT","Urban","6:00 AM - 12:00 PM",1,1,1,1,66,2,3,6,6,12
686,2227,1854,373,1,39,"NT","Urban","6:00 PM - 12:00 AM",1,0,0,1,180,3,4,3,3,6
1194,4267,2263,2004,0,51,"NSW","Urban","6:00 AM - 12:00 PM",0,0,0,3,102,3,3,7,7,14
164,1332,0,1332,0,38,"NSW","Urban","12:00 AM - 6:00 AM",1,1,0,2,174,2,3,0,0,0
257,2223,1807,416,1,39,"NT","Urban","12:00 AM - 6:00 AM",1,0,0,3,108,1,3,8,8,16
1415,3168,1786,1382,0,42,"VIC","Urban","6:00 AM - 12:00 PM",1,0,1,2,162,1,2,8,6,14
521,2935,1641,1294,1,44,"QLD","Regional","6:00 PM - 12:00 AM",0,1,0,3,132,2,2,8,7,15
354,1814,1488,326,1,27,"ACT","Urban","6:00 PM - 12:00 AM",1,1,1,3,102,1,3,10,10,20
1337,3747,1704,2043,1,48,"NSW","Urban","6:00 AM - 12:00 PM",0,0,0,3,138,4,2,4,8,12
638,1801,1561,240,1,45,"SA","Regional","6:00 PM - 12:00 AM",0,1,0,2,60,1,4,6,5,11
1481,4394,2437,1957,0,58,"TAS","Urban","6:00 AM - 12:00 PM",0,0,1,2,114,1,3,10,10,20
1469,317,0,317,1,21,"TAS","Urban","12:00 PM - 6:00 PM",1,1,1,1,156,2,4,6,6,12
38,209,0,209,1,48,"TAS","Urban","12:00 AM - 6:00 AM",0,1,0,1,150,1,3,8,8,16
968,436,0,436,0,27,"VIC","Regional","12:00 PM - 6:00 PM",1,1,1,2,84,2,3,4,3,7
730,226,0,226,0,46,"NSW","Regional","6:00 PM - 12:00 AM",1,1,0,2,150,1,3,8,7,15
330,607,0,607,0,21,"VIC","Regional","6:00 PM - 12:00 AM",1,1,1,2,78,2,4,7,2,9
995,350,0,350,1,22,"VIC","Urban","6:00 AM - 12:00 PM",1,1,1,3,30,2,4,6,8,14
1892,1587,1286,301,0,29,"VIC","Urban","6:00 PM - 12:00 AM",1,0,0,3,48,1,4,8,4,12
444,4263,2393,1870,0,53,"NSW","Urban","6:00 PM - 12:00 AM",1,0,0,1,132,4,2,9,9,18
544,3925,1813,2112,1,56,"NSW","Regional","6:00 PM - 12:00 AM",0,0,0,3,162,4,1,4,1,5
1467,367,0,367,0,21,"NSW","Urban","6:00 AM - 12:00 PM",1,1,1,3,138,2,4,4,7,11
1029,776,0,776,0,34,"VIC","Remote","6:00 AM - 12:00 PM",1,1,0,2,72,1,3,7,6,13
1570,4038,2211,1827,0,51,"WA","Urban","6:00 AM - 12:00 PM",0,1,0,3,156,1,4,7,9,16
661,1487,0,1487,1,40,"NSW","Urban","6:00 PM - 12:00 AM",1,1,1,2,162,2,2,6,7,13
1610,2131,1667,464,0,33,"NSW","Urban","6:00 AM - 12:00 PM",1,0,1,1,156,2,2,5,5,10
223,1589,1326,263,0,24,"NSW","Urban","12:00 AM - 6:00 AM",1,0,0,2,42,2,4,10,7,17
1204,3600,1742,1858,0,47,"NSW","Urban","6:00 AM - 12:00 PM",0,0,1,2,138,1,5,10,10,20
143,3395,1880,1515,1,59,"NSW","Urban","12:00 AM - 6:00 AM",0,0,1,2,42,2,3,10,5,15
1271,277,0,277,0,21,"SA","Regional","6:00 AM - 12:00 PM",1,1,1,3,18,1,3,0,0,0
1342,281,0,281,1,24,"TAS","Regional","6:00 AM - 12:00 PM",1,1,0,3,168,1,5,4,2,6
1547,184,0,184,0,60,"NSW","Regional","6:00 AM - 12:00 PM",1,0,0,1,48,1,3,6,3,9
1079,4649,2790,1859,1,55,"NSW","Regional","12:00 PM - 6:00 PM",1,0,0,3,156,4,4,3,4,7
1012,1491,1249,242,0,41,"ACT","Urban","6:00 AM - 12:00 PM",1,1,1,3,162,1,2,5,4,9
522,3113,1708,1405,1,48,"QLD","Urban","6:00 PM - 12:00 AM",1,0,0,3,60,2,3,3,2,5
1279,3939,2348,1591,0,46,"NSW","Urban","6:00 AM - 12:00 PM",0,0,1,3,60,4,4,6,5,11
1541,4152,2308,1844,1,53,"NSW","Regional","6:00 AM - 12:00 PM",0,0,0,3,30,1,2,0,1,1
447,4481,1939,2542,0,55,"VIC","Regional","12:00 PM - 6:00 PM",0,0,0,3,108,3,3,8,10,18
1557,415,0,415,1,31,"VIC","Urban","12:00 PM - 6:00 PM",1,1,0,3,78,1,2,9,7,16
388,179,0,179,0,55,"QLD","Urban","6:00 PM - 12:00 AM",1,1,0,3,18,1,3,0,0,0
1585,3500,1654,1846,1,47,"NSW","Urban","6:00 AM - 12:00 PM",0,0,0,2,126,3,3,9,9,18
1815,446,0,446,0,27,"ACT","Urban","6:00 PM - 12:00 AM",0,1,1,2,132,1,4,10,10,20
485,352,0,352,1,24,"QLD","Urban","6:00 PM - 12:00 AM",0,1,1,3,48,1,4,7,6,13
1742,4407,2410,1997,0,46,"VIC","Urban","6:00 PM - 12:00 AM",0,0,0,3,174,4,4,5,4,9
1647,1415,0,1415,1,49,"VIC","Urban","6:00 PM - 12:00 AM",0,1,1,1,156,2,3,2,1,3
574,918,0,918,1,40,"NSW","Urban","6:00 PM - 12:00 AM",0,1,0,3,126,1,3,5,5,10
671,205,0,205,1,31,"QLD","Regional","6:00 PM - 12:00 AM",1,0,1,3,126,1,4,4,7,11
1294,3328,2004,1324,1,49,"TAS","Urban","6:00 AM - 12:00 PM",0,0,0,3,114,1,4,8,8,16
898,1064,0,1064,1,51,"TAS","Urban","6:00 AM - 12:00 PM",0,0,0,3,48,1,3,4,3,7
1153,337,0,337,1,21,"WA","Urban","6:00 AM - 12:00 PM",1,1,0,3,96,2,2,9,9,18
224,262,0,262,0,21,"VIC","Remote","12:00 PM - 6:00 PM",1,1,0,3,174,1,4,1,0,1
648,3941,2070,1871,0,52,"NSW","Urban","6:00 PM - 12:00 AM",1,0,0,3,132,4,4,7,7,14
1735,4322,2176,2146,0,53,"NT","Urban","12:00 PM - 6:00 PM",0,0,1,3,132,2,3,10,10,20
862,230,0,230,1,34,"SA","Remote","6:00 PM - 12:00 AM",1,0,1,3,114,1,3,9,10,19
388,179,0,179,0,55,"QLD","Urban","6:00 PM - 12:00 AM",1,1,0,3,18,1,3,0,0,0
876,1437,0,1437,0,39,"TAS","Urban","6:00 PM - 12:00 AM",1,0,1,1,18,1,2,2,0,2
209,153,0,153,1,30,"VIC","Urban","12:00 AM - 6:00 AM",1,1,0,3,150,1,2,6,6,12
686,2227,1854,373,1,39,"NT","Urban","6:00 PM - 12:00 AM",1,0,0,1,180,3,4,3,3,6
79,342,0,342,0,20,"NSW","Urban","12:00 AM - 6:00 AM",0,1,0,2,84,2,5,8,7,15
353,372,0,372,1,38,"SA","Urban","6:00 PM - 12:00 AM",1,1,1,3,48,2,1,9,8,17
1153,337,0,337,1,21,"WA","Urban","6:00 AM - 12:00 PM",1,1,0,3,96,2,2,9,9,18
996,1471,1327,144,1,44,"VIC","Urban","6:00 AM - 12:00 PM",1,1,1,3,168,2,3,2,1,3
341,1311,1166,145,0,25,"ACT","Regional","6:00 PM - 12:00 AM",1,1,0,3,36,1,1,8,6,14
331,284,0,284,1,24,"QLD","Urban","6:00 PM - 12:00 AM",1,1,0,1,156,2,2,5,4,9
51,3574,2148,1426,1,49,"QLD","Urban","12:00 AM - 6:00 AM",1,0,0,3,30,3,2,2,1,3
110,3680,2191,1489,0,55,"NSW","Urban","12:00 AM - 6:00 AM",1,1,0,3,180,2,2,7,2,9
237,162,0,162,0,27,"NSW","Urban","12:00 AM - 6:00 AM",1,1,1,3,174,1,1,5,7,12
1392,501,0,501,0,39,"VIC","Urban","6:00 AM - 12:00 PM",1,1,0,3,60,1,3,1,5,6
1678,3788,2127,1661,1,49,"NSW","Regional","6:00 PM - 12:00 AM",0,0,0,3,96,3,3,8,10,18
1900,1066,0,1066,0,35,"NT","Urban","6:00 PM - 12:00 AM",1,1,0,3,48,2,3,7,8,15
1511,4308,2268,2040,0,53,"NSW","Urban","6:00 AM - 12:00 PM",0,0,0,3,18,1,2,6,5,11
1374,2763,1765,998,1,56,"NT","Urban","6:00 AM - 12:00 PM",1,1,1,2,30,3,2,2,1,3
1259,218,0,218,0,58,"NSW","Remote","6:00 AM - 12:00 PM",1,1,1,2,108,1,3,7,3,10
1982,687,0,687,1,25,"NSW","Urban","6:00 PM - 12:00 AM",1,1,0,3,120,1,2,7,4,11
458,4534,2616,1918,1,54,"NSW","Urban","12:00 PM - 6:00 PM",0,0,0,3,132,2,2,4,6,10
1908,1495,0,1495,1,36,"QLD","Urban","6:00 PM - 12:00 AM",1,0,0,3,90,1,4,5,5,10
876,1437,0,1437,0,39,"TAS","Urban","6:00 PM - 12:00 AM",1,0,1,1,18,1,2,2,0,2
216,704,0,704,1,25,"VIC","Remote","12:00 AM - 6:00 AM",1,1,0,1,54,1,3,5,5,10
1794,3481,1837,1644,1,56,"TAS","Regional","6:00 PM - 12:00 AM",1,0,0,3,108,1,3,8,9,17
1340,1700,1480,220,1,31,"TAS","Remote","6:00 AM - 12:00 PM",0,1,1,3,126,2,3,10,9,19
925,1007,0,1007,0,42,"VIC","Remote","6:00 AM - 12:00 PM",1,1,0,3,66,2,2,10,5,15
1723,206,0,206,1,31,"NSW","Urban","6:00 PM - 12:00 AM",1,1,1,3,150,1,3,4,6,10
528,593,0,593,1,34,"NT","Urban","6:00 PM - 12:00 AM",0,1,1,3,42,1,2,10,5,15
1275,1515,1326,189,1,35,"SA","Urban","6:00 AM - 12:00 PM",0,1,1,3,126,1,2,8,3,11
714,1392,0,1392,0,36,"QLD","Regional","6:00 PM - 12:00 AM",0,0,1,3,24,1,3,1,1,2
1605,2956,1694,1262,0,42,"NSW","Regional","6:00 AM - 12:00 PM",0,0,0,2,12,1,5,6,6,12
1614,1221,1042,179,1,26,"QLD","Urban","6:00 AM - 12:00 PM",1,0,1,1,54,1,2,3,4,7
833,183,0,183,0,37,"VIC","Urban","6:00 PM - 12:00 AM",1,0,1,2,66,1,3,9,8,17
465,3448,1628,1820,0,50,"NSW","Urban","6:00 PM - 12:00 AM",0,0,1,3,90,2,3,10,10,20
942,2076,1525,551,0,49,"VIC","Regional","6:00 AM - 12:00 PM",1,1,0,3,90,1,3,6,6,12
876,1437,0,1437,0,39,"TAS","Urban","6:00 PM - 12:00 AM",1,0,1,1,18,1,2,2,0,2
601,951,0,951,0,30,"TAS","Urban","6:00 PM - 12:00 AM",0,1,0,3,90,1,3,5,3,8
429,465,0,465,1,31,"ACT","Urban","6:00 PM - 12:00 AM",0,1,0,3,60,1,3,10,10,20
113,360,0,360,0,30,"SA","Regional","12:00 PM - 6:00 PM",1,1,0,3,96,1,1,8,10,18
1760,3746,2021,1725,1,54,"QLD","Regional","6:00 PM - 12:00 AM",0,0,0,3,132,4,3,9,10,19
1090,3447,2285,1162,0,56,"VIC","Urban","12:00 PM - 6:00 PM",1,0,1,3,54,3,2,5,3,8
1173,519,0,519,1,28,"TAS","Urban","6:00 AM - 12:00 PM",1,1,1,3,162,2,2,0,2,2
1620,2437,2143,294,1,51,"TAS","Remote","6:00 PM - 12:00 AM",0,0,1,3,84,1,3,10,10,20
1492,3574,2305,1269,0,58,"NSW","Regional","6:00 AM - 12:00 PM",0,0,0,3,54,1,2,6,9,15
126,3009,1762,1247,1,41,"ACT","Urban","12:00 AM - 6:00 AM",0,0,0,3,78,1,3,10,9,19
1321,144,0,144,1,21,"NSW","Urban","6:00 AM - 12:00 PM",1,1,1,3,42,1,2,1,2,3
534,795,0,795,0,31,"NSW","Urban","6:00 PM - 12:00 AM",0,1,0,1,114,2,2,4,3,7
1243,267,0,267,0,24,"NT","Remote","6:00 AM - 12:00 PM",1,1,1,2,156,1,2,0,4,4
485,352,0,352,1,24,"QLD","Urban","6:00 PM - 12:00 AM",0,1,1,3,48,1,4,7,6,13
968,436,0,436,0,27,"VIC","Regional","12:00 PM - 6:00 PM",1,1,1,2,84,2,3,4,3,7
37,3373,1260,2113,1,57,"VIC","Urban","12:00 AM - 6:00 AM",1,0,1,2,126,3,4,9,10,19
1313,1376,0,1376,0,43,"NSW","Regional","12:00 PM - 6:00 PM",1,1,1,1,78,2,4,5,4,9
1381,1102,0,1102,1,26,"NSW","Regional","6:00 AM - 12:00 PM",0,1,1,1,36,1,3,2,0,2
527,176,0,176,1,46,"TAS","Remote","6:00 PM - 12:00 AM",0,1,1,2,180,1,3,2,0,2
1419,3214,2016,1198,1,41,"ACT","Urban","6:00 AM - 12:00 PM",1,1,1,3,72,3,3,7,5,12
1145,1091,0,1091,1,45,"NT","Regional","6:00 AM - 12:00 PM",1,1,1,2,66,2,4,10,10,20
219,3973,1995,1978,1,55,"VIC","Regional","12:00 AM - 6:00 AM",0,0,0,3,12,1,1,1,0,1
1550,466,0,466,0,20,"WA","Urban","6:00 AM - 12:00 PM",1,1,0,1,126,1,3,5,3,8
989,1565,1284,281,0,35,"VIC","Urban","6:00 AM - 12:00 PM",1,1,1,3,144,1,3,7,7,14
1354,264,0,264,1,21,"NT","Urban","6:00 AM - 12:00 PM",0,1,0,2,30,1,4,5,5,10
847,2179,1923,256,1,38,"NSW","Urban","6:00 PM - 12:00 AM",1,1,1,3,36,2,3,10,6,16
1253,367,0,367,0,29,"ACT","Remote","6:00 AM - 12:00 PM",1,1,0,3,156,2,4,2,2,4
1610,2131,1667,464,0,33,"NSW","Urban","6:00 AM - 12:00 PM",1,0,1,1,156,2,2,5,5,10
1106,239,0,239,0,21,"NSW","Regional","6:00 AM - 12:00 PM",1,1,0,3,96,1,3,10,10,20
1044,310,0,310,0,20,"WA","Regional","6:00 AM - 12:00 PM",1,1,1,3,144,1,4,4,4,8
1093,3602,1983,1619,1,56,"NSW","Urban","6:00 AM - 12:00 PM",0,0,0,3,12,4,3,0,0,0
1174,906,0,906,0,31,"VIC","Regional","6:00 AM - 12:00 PM",1,1,1,3,150,1,2,9,9,18
1277,3056,1652,1404,1,52,"TAS","Regional","6:00 AM - 12:00 PM",1,0,0,3,120,1,2,7,5,12
640,4160,2216,1944,0,45,"NSW","Urban","6:00 PM - 12:00 AM",0,0,0,3,36,4,4,8,7,15
734,3512,2201,1311,0,46,"QLD","Urban","6:00 PM - 12:00 AM",1,0,1,3,156,1,3,1,1,2
298,194,0,194,1,34,"NSW","Urban","12:00 AM - 6:00 AM",1,0,0,2,66,1,3,5,4,9
646,183,0,183,0,40,"NSW","Regional","12:00 PM - 6:00 PM",1,1,0,3,156,1,1,8,7,15
51,3574,2148,1426,1,49,"QLD","Urban","12:00 AM - 6:00 AM",1,0,0,3,30,3,2,2,1,3
1906,4768,2673,2095,1,56,"NSW","Remote","6:00 PM - 12:00 AM",1,0,0,3,180,1,4,0,0,0
1877,3132,1725,1407,1,43,"NT","Urban","6:00 PM - 12:00 AM",0,0,0,3,90,4,3,10,10,20
59,967,0,967,0,45,"WA","Urban","12:00 AM - 6:00 AM",0,1,0,3,72,2,2,7,3,10
1552,1871,1673,198,0,36,"NSW","Regional","6:00 AM - 12:00 PM",1,1,1,2,48,1,4,10,9,19
149,4054,2194,1860,0,58,"NSW","Urban","12:00 AM - 6:00 AM",0,1,0,3,42,1,3,2,3,5
15,1431,1182,249,1,29,"NSW","Urban","12:00 AM - 6:00 AM",1,1,1,2,60,2,2,10,9,19
1148,307,0,307,0,20,"NSW","Remote","6:00 AM - 12:00 PM",0,1,0,1,180,2,3,0,3,3
414,1330,1183,147,0,37,"NSW","Urban","6:00 PM - 12:00 AM",0,1,0,3,150,1,3,8,5,13
652,4385,2388,1997,0,60,"VIC","Regional","6:00 PM - 12:00 AM",0,0,1,3,180,2,2,4,2,6
1012,1491,1249,242,0,41,"ACT","Urban","6:00 AM - 12:00 PM",1,1,1,3,162,1,2,5,4,9
1005,224,0,224,1,35,"VIC","Urban","6:00 AM - 12:00 PM",1,1,0,1,168,1,4,9,4,13
1440,2973,1626,1347,1,54,"NSW","Urban","6:00 AM - 12:00 PM",0,1,0,3,168,2,2,6,6,12
1316,3594,1905,1689,1,50,"TAS","Urban","6:00 AM - 12:00 PM",0,0,1,3,42,3,3,5,9,14
246,237,0,237,1,48,"QLD","Urban","12:00 AM - 6:00 AM",1,1,1,2,138,1,3,10,10,20
577,3815,2120,1695,0,53,"NSW","Urban","6:00 PM - 12:00 AM",1,0,0,3,132,3,3,2,3,5
1456,4153,2187,1966,1,58,"NSW","Urban","6:00 AM - 12:00 PM",0,0,1,3,18,3,3,5,4,9
494,3251,1831,1420,0,49,"NSW","Regional","6:00 PM - 12:00 AM",0,0,0,2,138,4,2,10,10,20
325,1254,0,1254,1,34,"TAS","Urban","6:00 PM - 12:00 AM",1,1,0,3,12,2,3,3,3,6
365,1458,1314,144,1,38,"VIC","Urban","6:00 PM - 12:00 AM",1,1,0,3,84,1,2,4,5,9
1802,3762,1865,1897,0,46,"NSW","Urban","12:00 PM - 6:00 PM",0,0,1,1,114,4,3,10,10,20
479,178,0,178,1,44,"NSW","Urban","6:00 PM - 12:00 AM",1,1,1,2,162,1,2,3,2,5
391,4015,2283,1732,0,49,"WA","Urban","12:00 PM - 6:00 PM",0,0,1,2,84,2,3,10,10,20
239,1485,1348,137,1,26,"WA","Urban","12:00 AM - 6:00 AM",1,0,0,2,144,2,3,5,5,10
1199,4229,2510,1719,1,57,"WA","Urban","6:00 AM - 12:00 PM",0,0,0,1,84,4,2,7,2,9
1871,4689,2493,2196,1,45,"NT","Regional","6:00 PM - 12:00 AM",1,0,0,3,132,4,3,8,9,17
81,576,0,576,0,21,"QLD","Urban","12:00 AM - 6:00 AM",1,0,1,2,24,2,3,3,0,3
314,1433,1233,200,0,24,"VIC","Urban","6:00 PM - 12:00 AM",1,1,0,1,78,1,2,6,7,13
1077,465,0,465,1,29,"NSW","Urban","6:00 AM - 12:00 PM",1,1,0,2,60,2,3,6,5,11
473,628,0,628,1,36,"VIC","Urban","6:00 PM - 12:00 AM",0,1,0,2,66,2,4,10,10,20
1448,2934,1635,1299,1,49,"WA","Regional","6:00 AM - 12:00 PM",0,0,0,3,42,1,2,7,6,13
275,1495,1326,169,1,27,"TAS","Urban","12:00 AM - 6:00 AM",1,0,0,1,138,2,3,7,4,11
1145,1091,0,1091,1,45,"NT","Regional","6:00 AM - 12:00 PM",1,1,1,2,66,2,4,10,10,20
1750,4200,2103,2097,0,59,"NSW","Remote","6:00 PM - 12:00 AM",1,0,0,3,168,1,4,5,6,11
203,1375,0,1375,1,39,"VIC","Urban","12:00 AM - 6:00 AM",1,1,0,2,30,1,4,1,0,1
852,2218,1706,512,1,40,"NSW","Urban","6:00 PM - 12:00 AM",1,1,1,3,102,2,3,10,10,20
668,1540,1328,212,0,30,"SA","Urban","12:00 PM - 6:00 PM",1,1,0,3,138,1,2,3,6,9
618,213,0,213,0,60,"SA","Urban","6:00 PM - 12:00 AM",1,1,0,3,114,1,3,7,2,9
1879,3917,2123,1794,0,55,"NT","Urban","12:00 PM - 6:00 PM",0,0,1,3,90,3,2,5,5,10
1526,4519,2492,2027,1,53,"WA","Regional","6:00 AM - 12:00 PM",0,0,0,3,30,4,3,5,0,5
329,195,0,195,0,20,"VIC","Urban","6:00 PM - 12:00 AM",1,1,1,2,174,1,3,0,1,1
466,1973,1779,194,0,41,"NSW","Urban","6:00 PM - 12:00 AM",1,1,0,2,114,1,3,9,9,18
553,856,0,856,0,27,"ACT","Regional","6:00 PM - 12:00 AM",1,1,0,1,72,1,3,5,6,11
1463,3110,1698,1412,1,59,"SA","Regional","6:00 AM - 12:00 PM",0,0,0,3,138,3,3,10,6,16
908,166,0,166,0,20,"VIC","Urban","6:00 AM - 12:00 PM",1,1,0,3,42,1,3,3,2,5
1570,4038,2211,1827,0,51,"WA","Urban","6:00 AM - 12:00 PM",0,1,0,3,156,1,4,7,9,16
266,396,0,396,1,20,"SA","Regional","12:00 AM - 6:00 AM",1,0,1,3,54,1,4,9,8,17
1989,447,0,447,1,20,"ACT","Urban","6:00 PM - 12:00 AM",1,1,1,3,126,2,5,6,4,10
334,3589,2011,1578,0,49,"WA","Regional","6:00 PM - 12:00 AM",0,0,1,3,102,3,3,9,8,17
1611,432,0,432,1,26,"NSW","Regional","6:00 AM - 12:00 PM",1,1,1,1,102,1,3,10,10,20
1087,233,0,233,1,44,"NSW","Urban","6:00 AM - 12:00 PM",1,1,0,3,54,1,2,7,8,15
57,1644,0,1644,1,45,"ACT","Urban","12:00 AM - 6:00 AM",0,1,0,1,48,2,3,6,5,11
416,1302,0,1302,1,40,"ACT","Urban","6:00 PM - 12:00 AM",0,1,1,3,42,1,4,10,6,16
695,4178,1990,2188,0,55,"NSW","Regional","6:00 PM - 12:00 AM",1,0,0,2,96,2,3,8,10,18
1293,267,0,267,1,25,"NT","Urban","6:00 AM - 12:00 PM",0,1,0,2,144,1,3,2,2,4
1418,4224,1990,2234,0,49,"SA","Urban","6:00 AM - 12:00 PM",0,0,0,3,180,3,4,6,6,12
1219,271,0,271,1,21,"NSW","Urban","6:00 AM - 12:00 PM",0,1,0,3,78,2,2,10,10,20
1411,328,0,328,0,22,"TAS","Urban","6:00 AM - 12:00 PM",1,1,0,3,84,1,4,6,7,13
513,3710,2013,1697,0,58,"QLD","Remote","12:00 PM - 6:00 PM",0,0,1,1,48,2,2,9,10,19
528,593,0,593,1,34,"NT","Urban","6:00 PM - 12:00 AM",0,1,1,3,42,1,2,10,5,15
742,428,0,428,0,22,"QLD","Urban","6:00 PM - 12:00 AM",1,0,0,3,120,2,2,10,10,20
344,1726,1381,345,0,42,"QLD","Urban","6:00 PM - 12:00 AM",1,1,0,2,60,2,3,5,5,10
902,1472,1181,291,0,36,"NSW","Urban","12:00 PM - 6:00 PM",1,1,1,3,18,2,2,5,5,10
670,1455,0,1455,0,36,"ACT","Regional","6:00 PM - 12:00 AM",0,1,0,2,102,2,2,5,4,9
1789,4071,2249,1822,1,49,"VIC","Urban","6:00 PM - 12:00 AM",1,0,1,3,48,4,4,5,4,9
1168,1401,1121,280,1,31,"QLD","Urban","6:00 AM - 12:00 PM",1,1,1,3,24,2,4,2,0,2
1746,914,0,914,0,28,"QLD","Urban","12:00 PM - 6:00 PM",1,1,1,2,60,1,3,6,2,8
86,1353,1106,247,1,22,"NSW","Urban","12:00 AM - 6:00 AM",0,1,0,1,48,2,4,6,2,8
1079,4649,2790,1859,1,55,"NSW","Regional","12:00 PM - 6:00 PM",1,0,0,3,156,4,4,3,4,7
252,3073,1705,1368,1,48,"NT","Regional","12:00 AM - 6:00 AM",0,0,0,3,42,2,3,8,8,16
684,2284,1956,328,1,38,"VIC","Urban","6:00 PM - 12:00 AM",0,0,0,1,102,2,3,6,5,11
618,213,0,213,0,60,"SA","Urban","6:00 PM - 12:00 AM",1,1,0,3,114,1,3,7,2,9
1468,3626,2010,1616,0,56,"NT","Remote","6:00 AM - 12:00 PM",0,0,0,3,78,4,3,9,4,13
18,919,0,919,1,33,"WA","Urban","12:00 AM - 6:00 AM",1,1,0,1,180,1,2,0,0,0
1850,4457,2359,2098,0,49,"NSW","Urban","6:00 PM - 12:00 AM",0,0,0,3,12,1,3,5,4,9
1972,3570,2119,1451,0,41,"QLD","Regional","6:00 PM - 12:00 AM",0,0,1,3,42,3,4,3,6,9
1388,2735,1586,1149,1,59,"QLD","Urban","6:00 AM - 12:00 PM",0,1,0,3,180,1,4,0,0,0
1081,458,0,458,0,38,"VIC","Remote","6:00 AM - 12:00 PM",1,1,0,2,78,2,2,8,7,15
995,350,0,350,1,22,"VIC","Urban","6:00 AM - 12:00 PM",1,1,1,3,30,2,4,6,8,14
451,702,0,702,1,36,"NSW","Urban","6:00 PM - 12:00 AM",1,1,0,3,162,2,3,1,1,2
22,242,0,242,0,21,"SA","Urban","12:00 AM - 6:00 AM",1,1,0,3,150,1,2,3,3,6
1235,210,0,210,1,24,"NSW","Remote","6:00 AM - 12:00 PM",1,1,0,2,126,1,4,4,8,12
203,1375,0,1375,1,39,"VIC","Urban","12:00 AM - 6:00 AM",1,1,0,2,30,1,4,1,0,1
1679,184,0,184,1,30,"ACT","Urban","6:00 PM - 12:00 AM",1,1,1,3,180,1,2,5,6,11
552,829,0,829,1,36,"QLD","Urban","6:00 PM - 12:00 AM",1,1,1,3,102,2,2,9,8,17
93,1757,1492,265,1,27,"VIC","Urban","12:00 AM - 6:00 AM",0,1,0,3,54,2,2,5,4,9
1413,4830,2684,2146,1,52,"NSW","Regional","12:00 PM - 6:00 PM",1,0,0,1,78,1,3,10,7,17
1782,515,0,515,1,37,"NSW","Urban","6:00 PM - 12:00 AM",0,1,0,1,144,2,4,10,10,20
339,1542,1430,112,1,24,"ACT","Regional","6:00 PM - 12:00 AM",1,1,0,3,54,1,3,2,2,4
670,1455,0,1455,0,36,"ACT","Regional","6:00 PM - 12:00 AM",0,1,0,2,102,2,2,5,4,9
870,3238,1933,1305,0,41,"NSW","Urban","6:00 PM - 12:00 AM",0,0,1,3,144,1,2,10,10,20
821,3781,1906,1875,1,41,"VIC","Regional","6:00 PM - 12:00 AM",0,0,0,3,72,2,2,7,6,13
1993,734,0,734,1,28,"QLD","Regional","6:00 PM - 12:00 AM",1,1,0,1,168,2,3,7,4,11
1449,4140,2395,1745,0,52,"QLD","Urban","6:00 AM - 12:00 PM",0,0,0,3,120,3,2,7,7,14
1812,518,0,518,1,28,"TAS","Urban","6:00 PM - 12:00 AM",0,1,0,1,66,2,3,5,4,9
163,1712,1325,387,0,26,"TAS","Regional","12:00 AM - 6:00 AM",1,1,0,2,132,2,4,8,5,13
1300,473,0,473,0,28,"NSW","Urban","6:00 AM - 12:00 PM",1,1,1,3,84,2,3,10,10,20
1622,1441,0,1441,0,48,"VIC","Urban","6:00 PM - 12:00 AM",0,0,0,3,66,1,3,10,10,20
1588,3305,1861,1444,0,54,"NSW","Urban","6:00 AM - 12:00 PM",0,1,1,3,54,3,3,3,7,10
182,3196,1715,1481,1,47,"WA","Urban","12:00 AM - 6:00 AM",0,0,0,3,48,2,3,9,9,18
983,878,0,878,0,35,"VIC","Urban","6:00 AM - 12:00 PM",1,1,1,3,138,1,2,10,10,20
461,221,0,221,0,24,"NSW","Regional","6:00 PM - 12:00 AM",1,1,1,3,102,1,4,5,5,10
1825,4672,2246,2426,0,58,"QLD","Urban","6:00 PM - 12:00 AM",0,0,0,3,174,1,3,4,6,10
1111,3945,1992,1953,0,57,"WA","Urban","6:00 AM - 12:00 PM",0,0,1,2,66,1,4,10,10,20
494,3251,1831,1420,0,49,"NSW","Regional","6:00 PM - 12:00 AM",0,0,0,2,138,4,2,10,10,20
584,4348,2378,1970,0,57,"ACT","Urban","6:00 PM - 12:00 AM",0,0,1,3,138,1,3,9,6,15
567,3857,1976,1881,0,46,"NSW","Urban","6:00 PM - 12:00 AM",0,0,1,3,48,4,4,6,5,11
5,265,0,265,1,25,"NSW","Remote","12:00 AM - 6:00 AM",0,1,0,3,42,2,3,4,8,12
1540,3285,1859,1426,1,47,"SA","Urban","6:00 AM - 12:00 PM",0,0,0,1,54,3,1,8,3,11
1621,3444,1772,1672,1,54,"VIC","Urban","6:00 PM - 12:00 AM",0,0,1,3,132,3,3,7,7,14
1170,2093,1598,495,0,44,"QLD","Remote","6:00 AM - 12:00 PM",1,1,1,2,120,1,4,9,10,19
1281,479,0,479,1,28,"NSW","Remote","6:00 AM - 12:00 PM",0,1,1,1,126,2,3,10,10,20
323,230,0,230,0,51,"NT","Regional","6:00 PM - 12:00 AM",1,1,1,2,60,1,3,8,10,18
776,4062,1997,2065,0,60,"QLD","Urban","6:00 PM - 12:00 AM",0,0,0,3,90,1,3,8,8,16
456,256,0,256,1,56,"NSW","Urban","6:00 PM - 12:00 AM",0,1,0,2,30,1,3,3,2,5
323,230,0,230,0,51,"NT","Regional","6:00 PM - 12:00 AM",1,1,1,2,60,1,3,8,10,18
1833,1231,1109,122,1,28,"NSW","Urban","6:00 PM - 12:00 AM",0,1,0,3,72,2,4,6,5,11
1534,314,0,314,0,22,"NSW","Urban","6:00 AM - 12:00 PM",1,1,1,3,60,2,3,9,8,17
1490,841,0,841,0,28,"VIC","Remote","6:00 AM - 12:00 PM",1,1,0,3,174,2,4,5,3,8
1301,3579,1751,1828,1,58,"NSW","Urban","6:00 AM - 12:00 PM",0,0,0,3,138,2,3,6,3,9
11,1875,1606,269,0,44,"NSW","Urban","12:00 AM - 6:00 AM",1,1,1,2,162,1,4,7,10,17
1493,610,0,610,1,26,"NSW","Urban","6:00 AM - 12:00 PM",1,1,1,1,126,2,2,7,7,14
969,1817,0,1817,0,56,"VIC","Urban","6:00 AM - 12:00 PM",0,1,0,3,66,1,4,10,10,20
1429,2087,1621,466,0,38,"NSW","Regional","6:00 AM - 12:00 PM",0,0,0,1,18,1,4,8,7,15
613,4653,2192,2461,1,54,"NSW","Urban","12:00 PM - 6:00 PM",0,0,1,3,78,2,4,7,6,13
1009,909,0,909,0,45,"VIC","Urban","6:00 AM - 12:00 PM",1,1,0,3,78,2,3,6,5,11
141,384,0,384,0,22,"SA","Urban","12:00 AM - 6:00 AM",1,0,0,3,24,1,3,2,2,4
1442,4432,2390,2042,0,47,"VIC","Urban","6:00 AM - 12:00 PM",1,0,0,3,48,3,4,0,4,4
374,1560,1354,206,1,34,"VIC","Urban","6:00 PM - 12:00 AM",1,1,0,2,78,2,2,10,9,19
1163,924,0,924,1,31,"NSW","Regional","6:00 AM - 12:00 PM",0,1,1,3,12,2,4,6,6,12
1214,264,0,264,0,24,"VIC","Urban","6:00 AM - 12:00 PM",0,1,1,2,66,1,3,6,5,11
678,227,0,227,0,51,"NSW","Urban","6:00 PM - 12:00 AM",0,1,1,3,84,1,4,10,10,20
131,1010,0,1010,0,31,"WA","Regional","12:00 AM - 6:00 AM",1,0,0,3,132,1,4,8,5,13
289,274,0,274,0,47,"TAS","Urban","12:00 AM - 6:00 AM",1,0,0,2,114,1,3,8,8,16
818,1278,0,1278,0,35,"NSW","Urban","6:00 PM - 12:00 AM",1,1,1,3,36,1,2,0,0,0
934,903,0,903,0,24,"SA","Urban","6:00 AM - 12:00 PM",1,1,0,1,24,1,2,4,3,7
1925,4776,2970,1806,0,47,"WA","Urban","6:00 PM - 12:00 AM",0,0,0,1,24,2,3,1,4,5
973,1415,1165,250,1,43,"WA","Regional","6:00 AM - 12:00 PM",1,1,1,2,54,2,2,9,10,19
454,4403,2335,2068,0,49,"NSW","Regional","6:00 PM - 12:00 AM",1,0,1,3,102,1,3,8,8,16
1990,346,0,346,0,21,"WA","Urban","12:00 PM - 6:00 PM",0,1,1,3,84,1,4,8,10,18
1956,425,0,425,1,20,"NSW","Urban","6:00 PM - 12:00 AM",1,1,0,1,126,1,4,9,6,15
1574,358,0,358,1,22,"NSW","Regional","6:00 AM - 12:00 PM",1,0,0,3,150,2,3,3,2,5
1874,3668,2076,1592,0,56,"ACT","Urban","6:00 PM - 12:00 AM",1,1,0,2,72,4,4,5,3,8
1703,3670,1813,1857,0,49,"QLD","Urban","6:00 PM - 12:00 AM",1,0,0,3,150,3,2,8,10,18
643,4266,2359,1907,0,52,"QLD","Urban","6:00 PM - 12:00 AM",1,0,0,2,24,1,3,4,8,12
305,3536,1852,1684,0,59,"WA","Urban","6:00 PM - 12:00 AM",0,0,0,3,48,3,1,5,3,8
501,196,0,196,1,30,"TAS","Regional","6:00 PM - 12:00 AM",0,1,1,1,78,1,4,10,10,20
1376,786,0,786,1,35,"WA","Urban","6:00 AM - 12:00 PM",0,1,1,3,72,1,2,6,5,11
109,3547,1822,1725,0,52,"TAS","Urban","12:00 AM - 6:00 AM",1,0,1,3,174,1,3,2,1,3
1887,1488,0,1488,1,36,"NT","Urban","6:00 PM - 12:00 AM",0,0,0,3,12,1,2,5,4,9
705,1458,0,1458,0,35,"NSW","Regional","6:00 PM - 12:00 AM",0,1,0,2,24,1,5,0,4,4
352,3223,2019,1204,0,59,"VIC","Remote","6:00 PM - 12:00 AM",0,0,1,1,138,1,3,6,7,13
717,440,0,440,0,20,"NSW","Regional","6:00 PM - 12:00 AM",0,0,1,2,72,1,3,10,8,18
394,4428,2437,1991,1,58,"VIC","Regional","6:00 PM - 12:00 AM",0,0,0,3,132,2,2,9,9,18
1331,984,0,984,0,37,"VIC","Urban","6:00 AM - 12:00 PM",0,1,0,3,150,1,2,10,8,18
1937,1774,1401,373,1,39,"TAS","Urban","6:00 PM - 12:00 AM",0,0,0,3,60,2,4,10,8,18
1508,2996,1820,1176,1,42,"NSW","Urban","6:00 AM - 12:00 PM",0,0,0,2,108,1,4,10,7,17
454,4403,2335,2068,0,49,"NSW","Regional","6:00 PM - 12:00 AM",1,0,1,3,102,1,3,8,8,16
988,400,0,400,0,24,"VIC","Regional","6:00 AM - 12:00 PM",1,1,1,3,150,1,4,10,10,20
1897,218,0,218,0,55,"SA","Urban","6:00 PM - 12:00 AM",0,0,0,1,120,1,3,10,10,20
301,1698,1441,257,0,31,"QLD","Urban","12:00 AM - 6:00 AM",1,1,1,3,138,2,4,7,6,13
32,395,0,395,1,24,"NT","Urban","12:00 AM - 6:00 AM",0,1,1,2,30,2,3,0,0,0
496,4352,2570,1782,0,55,"NSW","Urban","6:00 PM - 12:00 AM",0,0,1,1,84,3,3,8,7,15
49,3869,2366,1503,0,50,"NSW","Urban","12:00 AM - 6:00 AM",1,0,1,3,168,2,2,3,5,8
1763,2071,1556,515,1,44,"NSW","Remote","6:00 PM - 12:00 AM",1,1,0,3,168,1,3,10,5,15
130,589,0,589,0,26,"NSW","Remote","12:00 AM - 6:00 AM",0,0,0,2,126,2,3,10,10,20
1741,4363,2318,2045,0,58,"NSW","Regional","6:00 PM - 12:00 AM",1,0,0,1,162,1,3,2,0,2
183,190,0,190,1,57,"NSW","Urban","12:00 AM - 6:00 AM",1,0,0,3,132,1,4,4,5,9
310,1621,1393,228,0,41,"QLD","Urban","6:00 PM - 12:00 AM",1,1,0,3,30,1,4,8,7,15
314,1433,1233,200,0,24,"VIC","Urban","6:00 PM - 12:00 AM",1,1,0,1,78,1,2,6,7,13
1363,868,0,868,0,38,"NSW","Regional","6:00 AM - 12:00 PM",1,1,1,3,126,1,3,5,9,14
1475,4011,2053,1958,0,57,"TAS","Urban","6:00 AM - 12:00 PM",1,0,1,3,84,4,5,10,10,20
1549,489,0,489,0,24,"SA","Urban","6:00 AM - 12:00 PM",1,1,1,1,66,1,4,10,10,20
1299,307,0,307,1,22,"NSW","Regional","6:00 AM - 12:00 PM",1,1,0,3,126,1,3,8,8,16
1533,1606,1305,301,0,26,"NSW","Remote","6:00 AM - 12:00 PM",1,1,0,3,48,2,3,5,4,9
1107,3031,1782,1249,1,58,"NSW","Urban","6:00 AM - 12:00 PM",0,0,0,3,30,3,3,6,1,7
681,4192,1949,2243,0,58,"VIC","Urban","6:00 PM - 12:00 AM",1,0,1,3,72,4,3,10,10,20
1786,4822,2593,2229,0,52,"SA","Urban","6:00 PM - 12:00 AM",1,0,0,3,108,1,3,10,10,20
1440,2973,1626,1347,1,54,"NSW","Urban","6:00 AM - 12:00 PM",0,1,0,3,168,2,2,6,6,12
618,213,0,213,0,60,"SA","Urban","6:00 PM - 12:00 AM",1,1,0,3,114,1,3,7,2,9
1994,3336,1798,1538,1,40,"NSW","Urban","6:00 PM - 12:00 AM",0,1,1,2,102,3,3,8,4,12
441,3179,1599,1580,0,52,"NSW","Urban","6:00 PM - 12:00 AM",0,0,1,2,54,2,3,4,4,8
925,1007,0,1007,0,42,"VIC","Remote","6:00 AM - 12:00 PM",1,1,0,3,66,2,2,10,5,15
157,1001,0,1001,0,24,"WA","Urban","12:00 AM - 6:00 AM",1,1,0,3,138,1,2,6,5,11
1415,3168,1786,1382,0,42,"VIC","Urban","6:00 AM - 12:00 PM",1,0,1,2,162,1,2,8,6,14
1162,370,0,370,1,20,"ACT","Regional","6:00 AM - 12:00 PM",1,1,0,2,84,1,2,9,9,18
727,4287,2268,2019,1,49,"VIC","Regional","6:00 PM - 12:00 AM",1,0,0,3,72,2,2,10,10,20
1892,1587,1286,301,0,29,"VIC","Urban","6:00 PM - 12:00 AM",1,0,0,3,48,1,4,8,4,12
1643,200,0,200,0,53,"ACT","Remote","6:00 PM - 12:00 AM",1,1,0,2,126,1,1,9,8,17
1305,4264,2092,2172,1,51,"SA","Regional","6:00 AM - 12:00 PM",1,0,0,1,126,3,2,4,2,6
1425,3710,2054,1656,0,46,"NT","Regional","6:00 AM - 12:00 PM",1,1,0,2,162,2,4,6,6,12
1064,2248,1680,568,1,50,"SA","Regional","6:00 AM - 12:00 PM",1,1,0,2,150,2,3,9,5,14
1674,4630,2099,2531,0,53,"VIC","Urban","6:00 PM - 12:00 AM",0,0,0,3,60,2,4,10,10,20
381,547,0,547,0,45,"VIC","Urban","6:00 PM - 12:00 AM",1,1,0,3,84,1,3,6,4,10
219,3973,1995,1978,1,55,"VIC","Regional","12:00 AM - 6:00 AM",0,0,0,3,12,1,1,1,0,1
386,848,0,848,0,44,"WA","Urban","6:00 PM - 12:00 AM",1,1,0,3,156,1,2,4,5,9
97,411,0,411,0,23,"QLD","Urban","12:00 AM - 6:00 AM",0,0,0,3,54,1,4,4,8,12
233,2915,1953,962,1,55,"VIC","Urban","12:00 AM - 6:00 AM",0,0,0,3,24,3,2,5,8,13
1633,749,0,749,1,35,"VIC","Urban","6:00 PM - 12:00 AM",1,1,0,3,54,2,3,3,3,6
1228,174,0,174,0,21,"NSW","Urban","6:00 AM - 12:00 PM",1,1,0,3,156,1,3,3,3,6
556,1563,1250,313,1,33,"NSW","Urban","6:00 PM - 12:00 AM",1,1,1,3,120,2,3,10,9,19
1582,200,0,200,0,45,"NSW","Urban","6:00 AM - 12:00 PM",1,0,1,3,156,1,4,4,3,7
898,1064,0,1064,1,51,"TAS","Urban","6:00 AM - 12:00 PM",0,0,0,3,48,1,3,4,3,7
838,3018,1762,1256,0,50,"TAS","Urban","6:00 PM - 12:00 AM",0,0,1,3,78,4,3,5,5,10
391,4015,2283,1732,0,49,"WA","Urban","12:00 PM - 6:00 PM",0,0,1,2,84,2,3,10,10,20
193,215,0,215,0,51,"NSW","Regional","12:00 AM - 6:00 AM",1,0,0,2,84,1,3,10,10,20
88,162,0,162,1,23,"NSW","Regional","12:00 AM - 6:00 AM",1,0,1,3,102,1,2,8,6,14
311,3411,2049,1362,1,52,"WA","Urban","6:00 PM - 12:00 AM",0,0,0,1,36,3,2,8,7,15
163,1712,1325,387,0,26,"TAS","Regional","12:00 AM - 6:00 AM",1,1,0,2,132,2,4,8,5,13
49,3869,2366,1503,0,50,"NSW","Urban","12:00 AM - 6:00 AM",1,0,1,3,168,2,2,3,5,8
1655,614,0,614,0,28,"VIC","Urban","6:00 PM - 12:00 AM",1,1,0,3,36,1,3,4,4,8
1562,562,0,562,1,28,"NSW","Regional","6:00 AM - 12:00 PM",1,0,0,3,96,2,2,6,4,10
551,684,0,684,0,33,"NSW","Urban","6:00 PM - 12:00 AM",1,1,1,1,162,1,3,7,7,14
93,1757,1492,265,1,27,"VIC","Urban","12:00 AM - 6:00 AM",0,1,0,3,54,2,2,5,4,9
1765,291,0,291,1,20,"NSW","Urban","6:00 PM - 12:00 AM",1,1,1,3,138,1,3,8,8,16
573,484,0,484,0,36,"NSW","Regional","6:00 PM - 12:00 AM",0,1,0,1,156,2,3,7,10,17
643,4266,2359,1907,0,52,"QLD","Urban","6:00 PM - 12:00 AM",1,0,0,2,24,1,3,4,8,12
196,1257,0,1257,0,30,"TAS","Regional","12:00 AM - 6:00 AM",1,1,1,3,150,1,2,1,5,6
331,284,0,284,1,24,"QLD","Urban","6:00 PM - 12:00 AM",1,1,0,1,156,2,2,5,4,9
843,1317,1160,157,0,28,"NSW","Urban","6:00 PM - 12:00 AM",1,1,0,3,150,2,4,8,8,16
699,1597,1380,217,1,29,"SA","Urban","6:00 PM - 12:00 AM",1,0,1,1,42,2,4,4,3,7
1793,1654,1447,207,1,33,"NSW","Remote","6:00 PM - 12:00 AM",0,1,1,3,54,2,3,10,10,20
1720,1561,1301,260,1,26,"NT","Urban","6:00 PM - 12:00 AM",0,1,0,3,90,1,4,9,10,19
802,353,0,353,0,24,"TAS","Urban","12:00 PM - 6:00 PM",0,1,0,3,90,2,4,5,4,9
670,1455,0,1455,0,36,"ACT","Regional","6:00 PM - 12:00 AM",0,1,0,2,102,2,2,5,4,9
1560,4096,2239,1857,1,47,"NSW","Urban","6:00 AM - 12:00 PM",0,1,1,3,114,2,1,7,4,11
50,194,0,194,0,38,"VIC","Regional","12:00 AM - 6:00 AM",0,1,0,2,48,1,4,4,5,9
1241,382,0,382,1,24,"WA","Regional","6:00 AM - 12:00 PM",0,1,0,1,132,2,3,6,1,7
45,3127,1714,1413,1,55,"NSW","Urban","12:00 AM - 6:00 AM",1,0,0,1,174,1,3,0,0,0
1192,436,0,436,1,24,"NSW","Regional","6:00 AM - 12:00 PM",1,1,0,3,150,1,3,3,0,3
1992,1988,1804,184,0,38,"SA","Urban","6:00 PM - 12:00 AM",1,1,0,3,156,2,4,5,7,12
1447,270,0,270,1,22,"ACT","Urban","12:00 PM - 6:00 PM",1,1,1,2,24,2,3,4,1,5
932,1516,0,1516,1,51,"SA","Regional","6:00 AM - 12:00 PM",0,0,1,1,102,1,2,10,10,20
1253,367,0,367,0,29,"ACT","Remote","6:00 AM - 12:00 PM",1,1,0,3,156,2,4,2,2,4
441,3179,1599,1580,0,52,"NSW","Urban","6:00 PM - 12:00 AM",0,0,1,2,54,2,3,4,4,8
1262,905,0,905,1,37,"NSW","Urban","6:00 AM - 12:00 PM",0,1,0,3,144,1,1,7,7,14
1659,1510,1313,197,1,35,"WA","Urban","6:00 PM - 12:00 AM",1,1,1,3,114,2,2,10,10,20
235,1709,1490,219,0,34,"NT","Urban","12:00 AM - 6:00 AM",1,0,0,3,24,2,2,5,5,10
1955,4314,2260,2054,1,43,"NSW","Regional","6:00 PM - 12:00 AM",0,0,0,2,84,3,2,9,10,19
175,1964,1670,294,0,33,"NSW","Urban","12:00 AM - 6:00 AM",1,1,0,2,162,2,2,9,5,14
1483,358,0,358,1,22,"NSW","Urban","6:00 AM - 12:00 PM",1,0,0,3,66,2,4,4,4,8
1106,239,0,239,0,21,"NSW","Regional","6:00 AM - 12:00 PM",1,1,0,3,96,1,3,10,10,20
1975,660,0,660,1,27,"NSW","Urban","6:00 PM - 12:00 AM",1,1,1,1,18,1,3,1,0,1
88,162,0,162,1,23,"NSW","Regional","12:00 AM - 6:00 AM",1,0,1,3,102,1,2,8,6,14
6,500,0,500,0,33,"SA","Urban","12:00 AM - 6:00 AM",1,1,0,3,150,1,3,2,5,7
744,3919,1880,2039,0,59,"VIC","Urban","6:00 PM - 12:00 AM",0,0,1,3,126,2,3,5,7,12
859,360,0,360,1,22,"WA","Urban","6:00 PM - 12:00 AM",1,0,1,3,150,2,2,7,3,10
1479,2573,1536,1037,0,38,"VIC","Regional","6:00 AM - 12:00 PM",1,0,0,3,66,2,3,5,2,7
563,4164,2452,1712,0,54,"NSW","Urban","6:00 PM - 12:00 AM",0,0,0,3,30,2,3,3,4,7
335,2160,1944,216,1,48,"NT","Urban","12:00 PM - 6:00 PM",0,0,0,3,138,2,4,8,10,18
1595,3737,2164,1573,1,53,"TAS","Remote","6:00 AM - 12:00 PM",0,0,0,2,138,2,4,10,7,17
1054,319,0,319,1,21,"VIC","Regional","6:00 AM - 12:00 PM",1,1,1,1,66,1,2,7,4,11
606,3778,1859,1919,1,55,"QLD","Regional","6:00 PM - 12:00 AM",0,0,0,1,84,4,2,10,10,20
1176,2823,1627,1196,0,56,"QLD","Urban","6:00 AM - 12:00 PM",1,0,0,3,162,2,3,7,7,14
231,1099,0,1099,0,31,"ACT","Urban","12:00 AM - 6:00 AM",1,0,0,1,84,2,2,10,10,20
125,462,0,462,0,39,"NSW","Remote","12:00 PM - 6:00 PM",1,1,1,2,90,1,3,6,3,9
1411,328,0,328,0,22,"TAS","Urban","6:00 AM - 12:00 PM",1,1,0,3,84,1,4,6,7,13
105,1502,1160,342,1,27,"WA","Urban","12:00 AM - 6:00 AM",0,1,0,2,36,1,3,9,5,14
1284,601,0,601,1,35,"NSW","Urban","6:00 AM - 12:00 PM",1,1,1,3,66,1,4,6,10,16
1853,2927,1543,1384,1,40,"NSW","Regional","6:00 PM - 12:00 AM",1,1,1,3,126,3,5,8,8,16
656,3923,2098,1825,1,56,"NSW","Urban","6:00 PM - 12:00 AM",1,0,0,3,156,1,4,2,1,3
1297,294,0,294,1,23,"NSW","Urban","6:00 AM - 12:00 PM",0,1,0,1,12,1,1,0,0,0
1221,314,0,314,1,22,"WA","Urban","6:00 AM - 12:00 PM",0,1,0,3,36,2,1,7,3,10
56,4141,2691,1450,1,58,"NSW","Urban","12:00 AM - 6:00 AM",1,0,1,3,108,4,2,10,9,19
1021,251,0,251,0,23,"TAS","Urban","6:00 AM - 12:00 PM",1,1,1,3,30,1,4,8,8,16
527,176,0,176,1,46,"TAS","Remote","6:00 PM - 12:00 AM",0,1,1,2,180,1,3,2,0,2
293,347,0,347,1,24,"SA","Urban","12:00 AM - 6:00 AM",1,0,0,3,102,1,3,10,10,20
1882,1110,0,1110,0,31,"NSW","Urban","6:00 PM - 12:00 AM",0,0,1,3,42,2,3,4,4,8
1475,4011,2053,1958,0,57,"TAS","Urban","6:00 AM - 12:00 PM",1,0,1,3,84,4,5,10,10,20
321,1935,1650,285,0,37,"QLD","Urban","6:00 PM - 12:00 AM",1,1,1,3,72,1,2,4,1,5
489,4007,2348,1659,0,53,"QLD","Regional","6:00 PM - 12:00 AM",1,0,0,3,84,4,4,9,10,19
633,4079,2237,1842,1,48,"NSW","Urban","6:00 PM - 12:00 AM",0,0,1,3,48,4,2,10,7,17
1379,1388,1186,202,1,30,"ACT","Urban","6:00 AM - 12:00 PM",0,1,0,2,90,1,3,10,10,20
1835,2606,1751,855,0,44,"ACT","Urban","12:00 PM - 6:00 PM",0,1,0,3,120,1,4,6,7,13
566,997,0,997,1,45,"VIC","Urban","6:00 PM - 12:00 AM",0,1,0,3,174,2,3,3,2,5
390,4291,2165,2126,0,55,"TAS","Regional","6:00 PM - 12:00 AM",0,0,1,2,168,3,2,8,5,13
1221,314,0,314,1,22,"WA","Urban","6:00 AM - 12:00 PM",0,1,0,3,36,2,1,7,3,10
1856,1971,1467,504,1,40,"NSW","Urban","6:00 PM - 12:00 AM",0,1,1,3,162,2,3,1,0,1
193,215,0,215,0,51,"NSW","Regional","12:00 AM - 6:00 AM",1,0,0,2,84,1,3,10,10,20
1096,2905,1592,1313,0,54,"NSW","Urban","6:00 AM - 12:00 PM",0,0,0,3,108,2,3,10,9,19
886,197,0,197,0,37,"VIC","Urban","6:00 AM - 12:00 PM",1,1,0,1,120,1,3,7,2,9
1199,4229,2510,1719,1,57,"WA","Urban","6:00 AM - 12:00 PM",0,0,0,1,84,4,2,7,2,9
9,203,0,203,0,21,"NSW","Urban","12:00 AM - 6:00 AM",0,1,0,1,42,1,2,6,9,15
39,4465,2337,2128,0,55,"NSW","Regional","12:00 AM - 6:00 AM",1,0,0,1,180,3,3,1,2,3
233,2915,1953,962,1,55,"VIC","Urban","12:00 AM - 6:00 AM",0,0,0,3,24,3,2,5,8,13
1170,2093,1598,495,0,44,"QLD","Remote","6:00 AM - 12:00 PM",1,1,1,2,120,1,4,9,10,19
399,1048,0,1048,1,43,"ACT","Regional","6:00 PM - 12:00 AM",1,1,1,1,18,2,2,0,0,0
1557,415,0,415,1,31,"VIC","Urban","12:00 PM - 6:00 PM",1,1,0,3,78,1,2,9,7,16
181,3958,2064,1894,1,57,"ACT","Regional","12:00 AM - 6:00 AM",0,0,1,3,36,1,1,2,3,5
88,162,0,162,1,23,"NSW","Regional","12:00 AM - 6:00 AM",1,0,1,3,102,1,2,8,6,14
504,240,0,240,0,31,"TAS","Urban","6:00 PM - 12:00 AM",1,1,0,2,72,1,3,8,5,13
1682,1682,1306,376,0,39,"WA","Urban","6:00 PM - 12:00 AM",1,1,1,3,162,1,3,8,3,11
1690,2707,1737,970,1,41,"QLD","Urban","6:00 PM - 12:00 AM",1,1,1,3,126,3,2,4,8,12
1519,1741,1574,167,0,27,"QLD","Regional","6:00 AM - 12:00 PM",1,1,0,3,12,2,2,0,0,0
1598,148,0,148,1,58,"NSW","Urban","6:00 AM - 12:00 PM",1,0,1,3,168,1,2,0,2,2
1984,2822,1487,1335,1,36,"NSW","Urban","6:00 PM - 12:00 AM",0,1,0,3,138,2,2,10,7,17
1197,242,0,242,1,23,"ACT","Urban","6:00 AM - 12:00 PM",1,1,1,2,60,1,4,6,5,11
1201,285,0,285,1,21,"QLD","Regional","6:00 AM - 12:00 PM",1,1,0,1,78,2,3,4,3,7
767,840,0,840,1,27,"NSW","Urban","6:00 PM - 12:00 AM",1,1,1,3,126,1,3,8,8,16
1684,3121,1780,1341,0,56,"NSW","Urban","6:00 PM - 12:00 AM",0,0,1,3,114,4,4,8,10,18
1940,769,0,769,0,25,"VIC","Urban","6:00 PM - 12:00 AM",1,0,0,3,90,2,2,7,6,13
741,1504,0,1504,0,31,"QLD","Urban","6:00 PM - 12:00 AM",0,0,0,1,60,1,3,9,6,15
1027,580,0,580,0,33,"VIC","Regional","6:00 AM - 12:00 PM",1,1,1,1,60,2,4,9,9,18
621,343,0,343,1,26,"NSW","Regional","6:00 PM - 12:00 AM",0,1,0,1,78,1,5,10,10,20
843,1317,1160,157,0,28,"NSW","Urban","6:00 PM - 12:00 AM",1,1,0,3,150,2,4,8,8,16
1698,3101,1842,1259,0,60,"SA","Urban","6:00 PM - 12:00 AM",0,0,1,3,36,3,2,10,7,17
1748,1540,1337,203,0,27,"NT","Urban","6:00 PM - 12:00 AM",0,1,1,1,84,1,2,5,6,11
1148,307,0,307,0,20,"NSW","Remote","6:00 AM - 12:00 PM",0,1,0,1,180,2,3,0,3,3
1339,689,0,689,0,31,"NT","Urban","6:00 AM - 12:00 PM",1,1,0,1,90,2,3,5,8,13
254,3023,1714,1309,0,41,"NSW","Urban","12:00 AM - 6:00 AM",0,0,0,3,66,1,5,8,7,15
601,951,0,951,0,30,"TAS","Urban","6:00 PM - 12:00 AM",0,1,0,3,90,1,3,5,3,8
72,383,0,383,1,24,"QLD","Urban","12:00 AM - 6:00 AM",1,1,0,3,60,1,3,0,4,4
1980,4520,2643,1877,0,57,"SA","Urban","6:00 PM - 12:00 AM",0,0,0,2,30,4,2,4,4,8
934,903,0,903,0,24,"SA","Urban","6:00 AM - 12:00 PM",1,1,0,1,24,1,2,4,3,7
975,1571,1330,241,0,26,"ACT","Urban","6:00 AM - 12:00 PM",1,1,1,2,42,1,3,0,4,4
70,425,0,425,1,23,"VIC","Urban","12:00 AM - 6:00 AM",0,1,1,2,132,1,3,5,9,14
751,3380,1900,1480,0,59,"TAS","Urban","6:00 PM - 12:00 AM",0,0,0,1,120,3,3,6,5,11
18,919,0,919,1,33,"WA","Urban","12:00 AM - 6:00 AM",1,1,0,1,180,1,2,0,0,0
703,1157,0,1157,1,30,"SA","Urban","6:00 PM - 12:00 AM",1,1,1,2,126,2,1,4,4,8
1946,207,0,207,0,20,"QLD","Urban","12:00 PM - 6:00 PM",1,1,0,3,90,1,2,5,6,11
1714,3763,2199,1564,0,52,"NSW","Regional","6:00 PM - 12:00 AM",1,0,0,3,138,2,2,9,8,17
1145,1091,0,1091,1,45,"NT","Regional","6:00 AM - 12:00 PM",1,1,1,2,66,2,4,10,10,20
964,431,0,431,1,39,"WA","Remote","6:00 AM - 12:00 PM",1,1,0,3,84,2,4,10,7,17
267,3018,1557,1461,0,57,"VIC","Regional","12:00 AM - 6:00 AM",0,0,1,1,54,4,2,4,6,10
1164,4427,2694,1733,1,48,"NSW","Regional","6:00 AM - 12:00 PM",0,0,1,2,180,4,4,9,7,16
313,390,0,390,1,28,"VIC","Urban","12:00 PM - 6:00 PM",1,1,0,3,48,2,2,6,2,8
1610,2131,1667,464,0,33,"NSW","Urban","6:00 AM - 12:00 PM",1,0,1,1,156,2,2,5,5,10
1211,744,0,744,0,29,"VIC","Urban","6:00 AM - 12:00 PM",0,1,0,3,84,2,4,10,10,20
1639,1376,0,1376,0,47,"VIC","Urban","6:00 PM - 12:00 AM",0,0,0,3,54,2,3,7,7,14
1449,4140,2395,1745,0,52,"QLD","Urban","6:00 AM - 12:00 PM",0,0,0,3,120,3,2,7,7,14
1739,365,0,365,1,29,"WA","Regional","6:00 PM - 12:00 AM",0,1,0,3,168,2,3,6,6,12
1125,401,0,401,1,29,"VIC","Remote","12:00 PM - 6:00 PM",1,1,1,3,54,2,2,10,9,19
248,1030,0,1030,1,31,"QLD","Regional","12:00 AM - 6:00 AM",1,0,0,3,66,1,2,7,6,13
1489,4181,2112,2069,0,53,"TAS","Urban","6:00 AM - 12:00 PM",0,0,1,2,174,1,1,4,5,9
1239,322,0,322,0,23,"SA","Urban","6:00 AM - 12:00 PM",0,1,0,3,138,1,3,7,6,13
1498,3366,1551,1815,0,49,"TAS","Remote","6:00 AM - 12:00 PM",0,0,0,3,126,2,4,10,9,19
313,390,0,390,1,28,"VIC","Urban","12:00 PM - 6:00 PM",1,1,0,3,48,2,2,6,2,8
173,171,0,171,0,57,"QLD","Remote","12:00 AM - 6:00 AM",1,0,0,3,102,1,3,8,5,13
1295,3517,1883,1634,1,47,"SA","Urban","6:00 AM - 12:00 PM",1,0,1,2,72,4,4,6,4,10
510,4462,1970,2492,1,52,"ACT","Urban","6:00 PM - 12:00 AM",0,0,0,2,168,4,3,4,7,11
1983,195,0,195,1,24,"NSW","Urban","6:00 PM - 12:00 AM",1,1,1,3,66,1,4,6,6,12
413,4344,2448,1896,1,57,"VIC","Regional","12:00 PM - 6:00 PM",0,0,0,2,84,2,4,10,10,20
144,4019,2032,1987,0,41,"ACT","Regional","12:00 AM - 6:00 AM",0,1,0,3,96,1,3,10,10,20
1775,245,0,245,1,38,"NSW","Urban","6:00 PM - 12:00 AM",1,1,0,3,114,1,2,8,7,15
747,194,0,194,1,24,"TAS","Regional","6:00 PM - 12:00 AM",1,0,1,3,36,1,5,9,9,18
1240,1198,0,1198,0,39,"TAS","Urban","6:00 AM - 12:00 PM",0,1,1,3,78,2,3,8,10,18
728,1522,1203,319,1,27,"NT","Regional","6:00 PM - 12:00 AM",0,0,1,3,168,1,2,7,6,13
1994,3336,1798,1538,1,40,"NSW","Urban","6:00 PM - 12:00 AM",0,1,1,2,102,3,3,8,4,12
1755,4229,1953,2276,0,58,"SA","Urban","6:00 PM - 12:00 AM",1,0,0,2,54,1,4,6,10,16
1647,1415,0,1415,1,49,"VIC","Urban","6:00 PM - 12:00 AM",0,1,1,1,156,2,3,2,1,3
1976,2959,1626,1333,1,60,"TAS","Urban","6:00 PM - 12:00 AM",0,0,1,3,120,1,2,10,9,19
678,227,0,227,0,51,"NSW","Urban","6:00 PM - 12:00 AM",0,1,1,3,84,1,4,10,10,20
1598,148,0,148,1,58,"NSW","Urban","6:00 AM - 12:00 PM",1,0,1,3,168,1,2,0,2,2
1805,234,0,234,0,35,"NSW","Urban","6:00 PM - 12:00 AM",1,1,1,3,24,1,4,4,0,4
1284,601,0,601,1,35,"NSW","Urban","6:00 AM - 12:00 PM",1,1,1,3,66,1,4,6,10,16
1442,4432,2390,2042,0,47,"VIC","Urban","6:00 AM - 12:00 PM",1,0,0,3,48,3,4,0,4,4
1648,1375,0,1375,0,50,"SA","Urban","6:00 PM - 12:00 AM",0,1,1,2,90,2,3,6,6,12
1019,622,0,622,0,38,"VIC","Regional","6:00 AM - 12:00 PM",1,1,0,3,66,1,4,10,10,20
1710,2290,1999,291,0,44,"QLD","Regional","6:00 PM - 12:00 AM",0,1,1,3,138,3,3,9,9,18
1334,2732,1730,1002,0,42,"NT","Remote","6:00 AM - 12:00 PM",1,1,0,3,24,1,4,4,4,8
229,1751,1450,301,1,31,"NSW","Remote","12:00 AM - 6:00 AM",1,0,0,2,132,2,4,9,8,17
1197,242,0,242,1,23,"ACT","Urban","6:00 AM - 12:00 PM",1,1,1,2,60,1,4,6,5,11
1877,3132,1725,1407,1,43,"NT","Urban","6:00 PM - 12:00 AM",0,0,0,3,90,4,3,10,10,20
1015,287,0,287,0,23,"VIC","Urban","6:00 AM - 12:00 PM",1,1,1,3,180,2,4,1,1,2
357,3602,1853,1749,0,60,"SA","Urban","6:00 PM - 12:00 AM",0,0,0,3,30,1,2,5,7,12
1745,4514,2412,2102,1,50,"VIC","Urban","6:00 PM - 12:00 AM",0,0,1,3,150,2,3,5,4,9
1468,3626,2010,1616,0,56,"NT","Remote","6:00 AM - 12:00 PM",0,0,0,3,78,4,3,9,4,13
1305,4264,2092,2172,1,51,"SA","Regional","6:00 AM - 12:00 PM",1,0,0,1,126,3,2,4,2,6
1930,1779,1560,219,1,33,"NSW","Urban","6:00 PM - 12:00 AM",0,0,1,3,24,2,3,6,5,11
1420,2041,1540,501,1,35,"QLD","Regional","6:00 AM - 12:00 PM",1,1,0,3,180,2,2,0,0,0
1100,1784,1304,480,1,45,"NSW","Urban","6:00 AM - 12:00 PM",1,1,1,3,54,1,4,8,7,15
1355,826,0,826,1,33,"NSW","Urban","6:00 AM - 12:00 PM",1,1,0,2,48,2,4,7,8,15
1964,3204,1704,1500,0,60,"VIC","Urban","6:00 PM - 12:00 AM",0,0,0,1,60,1,3,7,8,15
1403,490,0,490,0,23,"NT","Urban","6:00 AM - 12:00 PM",1,0,1,3,30,1,5,2,2,4
1626,220,0,220,0,41,"ACT","Regional","6:00 PM - 12:00 AM",1,1,1,3,54,1,2,5,6,11
63,342,0,342,1,25,"QLD","Regional","12:00 AM - 6:00 AM",0,1,1,3,150,1,2,3,6,9
23,3153,1905,1248,1,59,"NSW","Urban","12:00 AM - 6:00 AM",0,0,1,1,174,3,3,3,3,6
69,214,0,214,1,18,"NT","Regional","12:00 PM - 6:00 PM",1,1,0,3,126,1,2,7,7,14
348,1022,0,1022,0,41,"SA","Regional","6:00 PM - 12:00 AM",1,1,0,2,54,1,3,9,9,18
118,178,0,178,0,21,"VIC","Urban","12:00 AM - 6:00 AM",0,0,0,3,36,1,3,8,8,16
518,4039,2305,1734,1,60,"TAS","Urban","6:00 PM - 12:00 AM",1,0,0,3,120,1,3,3,4,7
781,277,0,277,1,50,"NSW","Urban","6:00 PM - 12:00 AM",1,0,0,3,72,1,3,6,7,13
1454,204,0,204,0,25,"TAS","Regional","6:00 AM - 12:00 PM",0,1,1,3,120,1,2,10,8,18
1096,2905,1592,1313,0,54,"NSW","Urban","6:00 AM - 12:00 PM",0,0,0,3,108,2,3,10,9,19
734,3512,2201,1311,0,46,"QLD","Urban","6:00 PM - 12:00 AM",1,0,1,3,156,1,3,1,1,2
1391,241,0,241,0,22,"VIC","Urban","12:00 PM - 6:00 PM",1,1,0,2,126,1,5,8,8,16
630,1257,0,1257,1,42,"NSW","Urban","6:00 PM - 12:00 AM",0,1,0,3,90,1,3,2,5,7
608,343,0,343,0,24,"VIC","Urban","6:00 PM - 12:00 AM",1,1,0,1,144,2,1,8,8,16
883,1530,1174,356,0,44,"SA","Urban","6:00 AM - 12:00 PM",1,1,1,3,60,1,3,6,10,16
175,1964,1670,294,0,33,"NSW","Urban","12:00 AM - 6:00 AM",1,1,0,2,162,2,2,9,5,14
169,501,0,501,1,34,"NSW","Urban","12:00 PM - 6:00 PM",1,1,0,3,120,1,3,9,8,17
1129,825,0,825,0,39,"QLD","Urban","6:00 AM - 12:00 PM",1,1,0,3,174,1,3,7,6,13
13,407,0,407,0,21,"SA","Urban","12:00 AM - 6:00 AM",1,1,0,2,120,1,4,8,7,15
590,4396,2155,2241,1,56,"ACT","Urban","6:00 PM - 12:00 AM",1,0,0,3,150,4,3,5,4,9
861,850,0,850,1,24,"NSW","Regional","6:00 PM - 12:00 AM",1,0,0,2,150,2,4,7,7,14
1340,1700,1480,220,1,31,"TAS","Remote","6:00 AM - 12:00 PM",0,1,1,3,126,2,3,10,9,19
1121,199,0,199,1,24,"NT","Regional","6:00 AM - 12:00 PM",1,1,0,3,144,1,3,4,4,8
328,465,0,465,0,34,"VIC","Urban","6:00 PM - 12:00 AM",1,1,1,3,180,2,3,3,2,5
1688,208,0,208,1,43,"SA","Urban","6:00 PM - 12:00 AM",1,1,1,2,30,1,4,6,8,14
359,1369,1144,225,1,20,"VIC","Urban","6:00 PM - 12:00 AM",1,1,0,3,48,2,2,6,4,10
1509,3499,1971,1528,0,52,"VIC","Urban","6:00 AM - 12:00 PM",0,0,0,3,72,2,4,6,5,11
1877,3132,1725,1407,1,43,"NT","Urban","6:00 PM - 12:00 AM",0,0,0,3,90,4,3,10,10,20
1840,436,0,436,0,28,"QLD","Regional","6:00 PM - 12:00 AM",1,1,1,2,96,1,2,6,6,12
1040,1466,1099,367,1,40,"VIC","Urban","6:00 AM - 12:00 PM",1,1,1,3,12,2,5,2,6,8
1473,4592,2290,2302,0,56,"TAS","Urban","6:00 AM - 12:00 PM",1,0,1,3,78,3,3,9,8,17
933,1110,0,1110,1,44,"VIC","Urban","6:00 AM - 12:00 PM",1,1,0,1,36,2,3,4,8,12
785,196,0,196,1,54,"VIC","Regional","6:00 PM - 12:00 AM",1,0,1,3,174,1,2,5,5,10
1331,984,0,984,0,37,"VIC","Urban","6:00 AM - 12:00 PM",0,1,0,3,150,1,2,10,8,18
323,230,0,230,0,51,"NT","Regional","6:00 PM - 12:00 AM",1,1,1,2,60,1,3,8,10,18
857,3759,2216,1543,1,53,"QLD","Urban","12:00 PM - 6:00 PM",1,0,1,2,132,3,3,10,9,19
1785,3762,2255,1507,0,54,"WA","Regional","6:00 PM - 12:00 AM",1,0,1,1,84,4,3,10,10,20
1662,1113,0,1113,0,41,"VIC","Urban","6:00 PM - 12:00 AM",1,1,1,3,102,1,2,9,9,18
868,4795,2624,2171,0,51,"NSW","Urban","12:00 PM - 6:00 PM",1,0,0,3,66,2,3,10,9,19
1631,379,0,379,0,28,"VIC","Urban","6:00 PM - 12:00 AM",1,1,0,2,54,1,2,3,2,5
478,343,0,343,0,28,"NSW","Urban","6:00 PM - 12:00 AM",0,1,0,3,90,1,4,9,10,19
1983,195,0,195,1,24,"NSW","Urban","6:00 PM - 12:00 AM",1,1,1,3,66,1,4,6,6,12
1201,285,0,285,1,21,"QLD","Regional","6:00 AM - 12:00 PM",1,1,0,1,78,2,3,4,3,7
394,4428,2437,1991,1,58,"VIC","Regional","6:00 PM - 12:00 AM",0,0,0,3,132,2,2,9,9,18
369,4152,2281,1871,1,60,"QLD","Urban","12:00 PM - 6:00 PM",0,0,0,2,36,1,3,3,3,6
1646,828,0,828,0,40,"VIC","Urban","12:00 PM - 6:00 PM",0,1,0,3,180,2,4,4,3,7
1067,1295,0,1295,1,54,"VIC","Urban","6:00 AM - 12:00 PM",1,1,1,3,174,1,2,1,0,1
111,2447,1669,778,0,38,"TAS","Urban","12:00 AM - 6:00 AM",0,1,0,3,108,1,3,10,9,19
35,157,0,157,0,40,"NSW","Urban","12:00 AM - 6:00 AM",0,1,0,3,168,1,2,1,1,2
867,2624,1453,1171,1,45,"TAS","Urban","6:00 PM - 12:00 AM",0,0,1,3,138,1,4,4,7,11
52,296,0,296,0,21,"NT","Regional","12:00 AM - 6:00 AM",1,1,1,1,60,2,2,3,2,5
377,3167,1792,1375,0,58,"VIC","Urban","6:00 PM - 12:00 AM",0,1,0,1,132,3,3,4,4,8
142,1670,1446,224,1,27,"NSW","Urban","12:00 AM - 6:00 AM",1,0,1,3,90,2,1,9,5,14
346,172,0,172,1,26,"VIC","Regional","6:00 PM - 12:00 AM",1,1,0,3,84,1,2,4,4,8
189,1853,1477,376,0,29,"TAS","Urban","12:00 AM - 6:00 AM",1,1,1,3,138,2,4,9,10,19
1727,3813,1790,2023,1,54,"TAS","Urban","6:00 PM - 12:00 AM",1,0,0,3,90,2,2,4,3,7
1822,312,0,312,1,23,"QLD","Urban","6:00 PM - 12:00 AM",1,1,0,3,96,2,3,10,10,20
171,601,0,601,0,25,"TAS","Urban","12:00 AM - 6:00 AM",1,1,0,2,36,1,4,3,0,3
968,436,0,436,0,27,"VIC","Regional","12:00 PM - 6:00 PM",1,1,1,2,84,2,3,4,3,7
771,3996,2015,1981,1,47,"ACT","Urban","6:00 PM - 12:00 AM",0,0,1,2,66,4,3,10,9,19
32,395,0,395,1,24,"NT","Urban","12:00 AM - 6:00 AM",0,1,1,2,30,2,3,0,0,0
1616,150,0,150,0,42,"WA","Regional","6:00 PM - 12:00 AM",1,1,0,3,12,1,4,1,4,5
923,903,0,903,1,29,"QLD","Urban","6:00 AM - 12:00 PM",1,1,0,2,174,2,4,5,7,12
364,1471,1306,165,1,20,"NT","Regional","6:00 PM - 12:00 AM",1,1,1,2,162,2,4,6,10,16
174,211,0,211,1,22,"NSW","Regional","12:00 AM - 6:00 AM",1,1,0,3,18,1,4,5,4,9
503,3556,1846,1710,0,55,"VIC","Urban","6:00 PM - 12:00 AM",0,0,0,3,18,4,3,0,0,0
1241,382,0,382,1,24,"WA","Regional","6:00 AM - 12:00 PM",0,1,0,1,132,2,3,6,1,7
105,1502,1160,342,1,27,"WA","Urban","12:00 AM - 6:00 AM",0,1,0,2,36,1,3,9,5,14
1405,420,0,420,0,20,"NSW","Urban","6:00 AM - 12:00 PM",0,0,0,2,30,1,3,5,7,12
1591,1064,0,1064,1,36,"NSW","Regional","12:00 PM - 6:00 PM",1,1,0,3,24,1,3,8,3,11
269,184,0,184,1,21,"NT","Urban","12:00 PM - 6:00 PM",1,1,0,1,72,1,3,3,2,5
1579,1234,0,1234,1,39,"NSW","Regional","6:00 AM - 12:00 PM",1,1,0,2,48,1,2,3,3,6
1833,1231,1109,122,1,28,"NSW","Urban","6:00 PM - 12:00 AM",0,1,0,3,72,2,4,6,5,11
734,3512,2201,1311,0,46,"QLD","Urban","6:00 PM - 12:00 AM",1,0,1,3,156,1,3,1,1,2
1503,3335,1732,1603,0,45,"WA","Urban","6:00 AM - 12:00 PM",0,0,0,2,12,1,2,0,0,0
158,304,0,304,0,18,"NSW","Urban","12:00 PM - 6:00 PM",1,1,0,2,126,1,3,9,7,16
1069,2095,1792,303,0,52,"NSW","Remote","6:00 AM - 12:00 PM",0,0,0,3,108,1,1,10,9,19
1621,3444,1772,1672,1,54,"VIC","Urban","6:00 PM - 12:00 AM",0,0,1,3,132,3,3,7,7,14
1531,3732,2175,1557,0,42,"TAS","Regional","6:00 AM - 12:00 PM",0,0,0,3,24,4,1,5,4,9
1462,2339,1507,832,1,31,"SA","Urban","6:00 AM - 12:00 PM",1,0,0,3,24,1,5,0,1,1
1671,4215,2317,1898,1,57,"ACT","Urban","6:00 PM - 12:00 AM",0,0,0,3,42,2,4,6,6,12
299,2361,1362,999,1,40,"ACT","Regional","12:00 AM - 6:00 AM",1,0,0,2,72,2,4,4,4,8
243,4030,1844,2186,0,50,"VIC","Urban","12:00 AM - 6:00 AM",0,0,0,3,12,3,4,3,3,6
866,814,0,814,1,24,"NSW","Urban","6:00 PM - 12:00 AM",1,0,0,3,126,2,2,5,5,10
1040,1466,1099,367,1,40,"VIC","Urban","6:00 AM - 12:00 PM",1,1,1,3,12,2,5,2,6,8
186,2968,1748,1220,1,43,"SA","Urban","12:00 AM - 6:00 AM",0,0,1,3,168,4,5,5,5,10
277,508,0,508,0,21,"NSW","Urban","12:00 AM - 6:00 AM",1,1,1,3,48,2,3,8,7,15
1666,281,0,281,0,23,"NSW","Regional","6:00 PM - 12:00 AM",1,1,1,3,36,1,2,8,8,16
1932,4102,2313,1789,0,55,"NSW","Urban","6:00 PM - 12:00 AM",0,0,1,3,72,3,3,10,9,19
659,3274,1692,1582,1,47,"VIC","Remote","6:00 PM - 12:00 AM",0,1,0,3,174,4,3,5,4,9
879,1060,0,1060,1,44,"TAS","Urban","12:00 PM - 6:00 PM",0,1,0,3,180,1,3,4,4,8
781,277,0,277,1,50,"NSW","Urban","6:00 PM - 12:00 AM",1,0,0,3,72,1,3,6,7,13
947,1407,1106,301,1,39,"SA","Urban","6:00 AM - 12:00 PM",1,1,1,1,48,2,4,6,5,11
283,1468,0,1468,0,35,"QLD","Regional","12:00 AM - 6:00 AM",0,1,0,3,120,1,3,9,9,18
1511,4308,2268,2040,0,53,"NSW","Urban","6:00 AM - 12:00 PM",0,0,0,3,18,1,2,6,5,11
1254,266,0,266,0,24,"NSW","Urban","6:00 AM - 12:00 PM",1,1,0,1,30,1,2,1,2,3
1789,4071,2249,1822,1,49,"VIC","Urban","6:00 PM - 12:00 AM",1,0,1,3,48,4,4,5,4,9
1431,2492,1519,973,1,35,"VIC","Urban","6:00 AM - 12:00 PM",1,0,0,3,168,2,3,2,5,7
1319,1616,1292,324,1,38,"VIC","Urban","6:00 AM - 12:00 PM",0,1,1,3,84,2,2,4,4,8
519,3346,1905,1441,0,53,"QLD","Urban","6:00 PM - 12:00 AM",0,0,1,3,132,2,5,9,5,14
632,3984,2165,1819,1,52,"WA","Urban","6:00 PM - 12:00 AM",0,0,0,3,54,1,3,10,10,20
1854,4296,2417,1879,0,46,"VIC","Remote","6:00 PM - 12:00 AM",1,0,1,2,150,4,2,9,6,15
484,197,0,197,0,59,"NT","Urban","6:00 PM - 12:00 AM",0,1,0,3,144,1,4,5,8,13
150,3948,1961,1987,1,47,"ACT","Urban","12:00 AM - 6:00 AM",0,1,1,2,138,4,3,8,7,15
1118,4476,2554,1922,0,50,"NSW","Urban","6:00 AM - 12:00 PM",0,0,0,3,30,4,5,9,9,18
1618,2354,1781,573,1,37,"TAS","Urban","6:00 PM - 12:00 AM",0,0,0,3,144,3,3,6,8,14
1719,2055,1843,212,1,40,"ACT","Urban","6:00 PM - 12:00 AM",1,1,1,3,60,1,3,7,6,13
1630,3830,1978,1852,1,55,"NT","Urban","6:00 PM - 12:00 AM",0,0,0,3,156,3,3,5,5,10
742,428,0,428,0,22,"QLD","Urban","6:00 PM - 12:00 AM",1,0,0,3,120,2,2,10,10,20
528,593,0,593,1,34,"NT","Urban","6:00 PM - 12:00 AM",0,1,1,3,42,1,2,10,5,15
1608,1172,0,1172,1,37,"NSW","Urban","6:00 AM - 12:00 PM",1,0,0,3,168,2,2,7,6,13
786,2971,1520,1451,0,60,"VIC","Urban","6:00 PM - 12:00 AM",0,0,0,1,150,2,4,6,6,12
835,223,0,223,1,30,"TAS","Urban","12:00 PM - 6:00 PM",0,1,0,1,12,1,3,1,5,6
1402,533,0,533,1,39,"NSW","Urban","12:00 PM - 6:00 PM",0,1,0,3,66,1,5,7,10,17
419,169,0,169,1,26,"SA","Remote","6:00 PM - 12:00 AM",1,1,1,3,90,1,2,10,10,20
903,2028,1796,232,0,40,"VIC","Urban","6:00 AM - 12:00 PM",0,1,1,3,126,2,4,6,6,12
448,3772,2042,1730,1,58,"NT","Urban","6:00 PM - 12:00 AM",0,0,0,3,24,1,2,2,6,8
384,4208,2092,2116,1,55,"NSW","Urban","6:00 PM - 12:00 AM",0,0,0,2,132,2,2,6,5,11
1005,224,0,224,1,35,"VIC","Urban","6:00 AM - 12:00 PM",1,1,0,1,168,1,4,9,4,13
1464,3208,1815,1393,0,53,"VIC","Urban","6:00 AM - 12:00 PM",1,0,0,3,48,2,2,7,8,15
910,2141,1363,778,0,59,"WA","Remote","6:00 AM - 12:00 PM",0,0,0,2,30,1,5,7,7,14
1863,659,0,659,1,34,"NSW","Urban","6:00 PM - 12:00 AM",0,1,1,1,120,2,3,8,8,16
165,3974,1967,2007,0,41,"NSW","Regional","12:00 AM - 6:00 AM",0,0,1,3,162,2,2,2,2,4
1378,361,0,361,0,21,"NSW","Urban","6:00 AM - 12:00 PM",1,1,0,2,72,2,2,7,7,14
478,343,0,343,0,28,"NSW","Urban","6:00 PM - 12:00 AM",0,1,0,3,90,1,4,9,10,19
23,3153,1905,1248,1,59,"NSW","Urban","12:00 AM - 6:00 AM",0,0,1,1,174,3,3,3,3,6
1926,2046,1821,225,0,36,"SA","Urban","6:00 PM - 12:00 AM",0,0,0,1,96,1,3,7,6,13
339,1542,1430,112,1,24,"ACT","Regional","6:00 PM - 12:00 AM",1,1,0,3,54,1,3,2,2,4
1063,1358,0,1358,1,55,"QLD","Regional","6:00 AM - 12:00 PM",0,1,0,3,54,1,3,9,6,15
571,199,0,199,1,20,"NSW","Urban","6:00 PM - 12:00 AM",1,1,0,1,114,1,5,9,10,19
55,2212,1941,271,0,43,"VIC","Urban","12:00 AM - 6:00 AM",1,1,1,2,138,2,2,2,4,6
1457,422,0,422,1,25,"NSW","Urban","6:00 AM - 12:00 PM",0,0,1,1,162,2,2,2,1,3
1065,1836,1600,236,1,50,"VIC","Urban","6:00 AM - 12:00 PM",0,0,0,1,126,1,2,7,9,16
482,236,0,236,0,47,"QLD","Regional","6:00 PM - 12:00 AM",1,1,1,3,162,1,2,6,7,13
725,3234,1997,1237,0,49,"NSW","Urban","6:00 PM - 12:00 AM",0,0,1,3,12,4,2,0,0,0
1815,446,0,446,0,27,"ACT","Urban","6:00 PM - 12:00 AM",0,1,1,2,132,1,4,10,10,20
1257,358,0,358,0,24,"NSW","Regional","6:00 AM - 12:00 PM",1,1,0,2,78,2,2,10,9,19
526,3834,2029,1805,0,46,"ACT","Urban","6:00 PM - 12:00 AM",1,0,1,3,180,3,5,4,0,4
998,317,0,317,1,21,"VIC","Urban","6:00 AM - 12:00 PM",1,1,0,3,114,2,3,7,4,11
573,484,0,484,0,36,"NSW","Regional","6:00 PM - 12:00 AM",0,1,0,1,156,2,3,7,10,17
1791,3682,2150,1532,0,54,"QLD","Urban","12:00 PM - 6:00 PM",1,0,0,1,108,3,4,10,10,20
1295,3517,1883,1634,1,47,"SA","Urban","6:00 AM - 12:00 PM",1,0,1,2,72,4,4,6,4,10
521,2935,1641,1294,1,44,"QLD","Regional","6:00 PM - 12:00 AM",0,1,0,3,132,2,2,8,7,15
1524,973,0,973,1,26,"NSW","Urban","12:00 PM - 6:00 PM",1,1,0,2,96,2,4,8,10,18
688,3384,1934,1450,1,55,"SA","Regional","6:00 PM - 12:00 AM",0,0,0,1,120,2,2,8,4,12
661,1487,0,1487,1,40,"NSW","Urban","6:00 PM - 12:00 AM",1,1,1,2,162,2,2,6,7,13
858,1578,1399,179,0,27,"SA","Urban","6:00 PM - 12:00 AM",1,0,0,2,102,1,2,10,9,19
1918,3717,1777,1940,0,52,"NSW","Regional","6:00 PM - 12:00 AM",0,0,1,3,42,3,4,4,3,7
1240,1198,0,1198,0,39,"TAS","Urban","6:00 AM - 12:00 PM",0,1,1,3,78,2,3,8,10,18
1588,3305,1861,1444,0,54,"NSW","Urban","6:00 AM - 12:00 PM",0,1,1,3,54,3,3,3,7,10
1860,238,0,238,1,50,"VIC","Urban","6:00 PM - 12:00 AM",0,1,1,3,126,1,3,9,8,17
520,872,0,872,1,34,"NSW","Urban","6:00 PM - 12:00 AM",1,1,0,3,72,2,3,10,10,20
960,279,0,279,1,23,"VIC","Urban","6:00 AM - 12:00 PM",1,1,0,3,12,1,3,0,0,0
1233,3724,1951,1773,1,55,"VIC","Remote","6:00 AM - 12:00 PM",1,0,0,3,174,4,4,5,1,6
1016,1400,1079,321,1,39,"ACT","Urban","6:00 AM - 12:00 PM",1,1,0,3,90,2,2,10,8,18
1295,3517,1883,1634,1,47,"SA","Urban","6:00 AM - 12:00 PM",1,0,1,2,72,4,4,6,4,10
145,4529,2607,1922,0,49,"VIC","Urban","12:00 AM - 6:00 AM",0,0,0,2,48,2,4,9,10,19
692,465,0,465,0,20,"WA","Remote","6:00 PM - 12:00 AM",1,0,1,1,36,1,3,5,5,10
494,3251,1831,1420,0,49,"NSW","Regional","6:00 PM - 12:00 AM",0,0,0,2,138,4,2,10,10,20
953,257,0,257,1,18,"TAS","Regional","6:00 AM - 12:00 PM",1,1,0,3,18,1,3,2,1,3
820,3293,1633,1660,1,50,"NSW","Regional","6:00 PM - 12:00 AM",0,0,1,3,96,3,3,9,9,18
531,3924,1807,2117,1,60,"VIC","Urban","6:00 PM - 12:00 AM",0,0,1,2,162,3,3,3,2,5
252,3073,1705,1368,1,48,"NT","Regional","12:00 AM - 6:00 AM",0,0,0,3,42,2,3,8,8,16
1892,1587,1286,301,0,29,"VIC","Urban","6:00 PM - 12:00 AM",1,0,0,3,48,1,4,8,4,12
1113,2419,1238,1181,0,54,"WA","Regional","12:00 PM - 6:00 PM",1,1,0,3,72,1,2,9,8,17
1779,343,0,343,0,34,"VIC","Urban","12:00 PM - 6:00 PM",1,1,1,3,174,2,4,6,6,12
707,4626,2568,2058,0,48,"VIC","Urban","6:00 PM - 12:00 AM",1,0,0,3,18,1,3,0,0,0
948,290,0,290,0,25,"VIC","Regional","6:00 AM - 12:00 PM",1,1,1,3,84,1,5,10,10,20
1709,482,0,482,1,28,"NSW","Regional","6:00 PM - 12:00 AM",1,1,1,1,174,1,2,0,3,3
1297,294,0,294,1,23,"NSW","Urban","6:00 AM - 12:00 PM",0,1,0,1,12,1,1,0,0,0
347,2026,1806,220,0,41,"NSW","Urban","12:00 PM - 6:00 PM",1,1,1,2,132,1,4,9,10,19
1421,4233,2521,1712,0,41,"NT","Urban","6:00 AM - 12:00 PM",1,0,1,3,36,1,3,4,3,7
34,1859,1464,395,0,45,"TAS","Urban","12:00 AM - 6:00 AM",1,1,0,1,60,1,2,2,1,3
1682,1682,1306,376,0,39,"WA","Urban","6:00 PM - 12:00 AM",1,1,1,3,162,1,3,8,3,11
1552,1871,1673,198,0,36,"NSW","Regional","6:00 AM - 12:00 PM",1,1,1,2,48,1,4,10,9,19
580,1512,0,1512,1,44,"SA","Urban","12:00 PM - 6:00 PM",0,1,0,3,156,2,4,8,9,17
1127,4623,2119,2504,1,52,"NSW","Urban","6:00 AM - 12:00 PM",0,0,0,3,24,2,4,5,5,10
276,1917,1486,431,1,39,"SA","Urban","12:00 AM - 6:00 AM",1,0,0,2,108,2,4,10,7,17
1249,158,0,158,0,60,"NSW","Urban","6:00 AM - 12:00 PM",1,1,1,2,156,1,2,4,4,8
260,2664,1612,1052,1,45,"NSW","Regional","12:00 AM - 6:00 AM",0,0,0,3,30,4,4,10,9,19
51,3574,2148,1426,1,49,"QLD","Urban","12:00 AM - 6:00 AM",1,0,0,3,30,3,2,2,1,3
1799,2961,1466,1495,0,50,"SA","Regional","6:00 PM - 12:00 AM",1,0,1,3,120,2,2,9,8,17
1988,147,0,147,0,25,"VIC","Urban","6:00 PM - 12:00 AM",1,1,0,3,72,1,1,5,5,10
1434,4346,1914,2432,0,55,"TAS","Urban","6:00 AM - 12:00 PM",0,1,0,3,30,4,2,6,3,9
413,4344,2448,1896,1,57,"VIC","Regional","12:00 PM - 6:00 PM",0,0,0,2,84,2,4,10,10,20
1924,173,0,173,1,24,"QLD","Regional","12:00 PM - 6:00 PM",0,1,0,2,54,1,4,9,8,17
1778,4481,1993,2488,0,54,"NSW","Urban","6:00 PM - 12:00 AM",0,0,1,3,126,2,2,3,6,9
1626,220,0,220,0,41,"ACT","Regional","6:00 PM - 12:00 AM",1,1,1,3,54,1,2,5,6,11
1274,1523,1396,127,0,28,"VIC","Urban","6:00 AM - 12:00 PM",1,1,0,3,72,2,2,5,5,10
1701,1505,1311,194,0,38,"VIC","Urban","6:00 PM - 12:00 AM",1,1,1,3,168,1,4,7,5,12
1143,151,0,151,0,25,"NSW","Urban","6:00 AM - 12:00 PM",0,1,1,2,174,1,3,5,8,13
1002,965,0,965,0,39,"WA","Urban","12:00 PM - 6:00 PM",0,1,0,3,24,1,3,0,1,1
1939,964,0,964,0,27,"NSW","Regional","6:00 PM - 12:00 AM",0,0,0,2,144,2,3,10,10,20
435,1552,1244,308,1,39,"NSW","Urban","12:00 PM - 6:00 PM",1,1,1,2,138,2,3,7,7,14
526,3834,2029,1805,0,46,"ACT","Urban","6:00 PM - 12:00 AM",1,0,1,3,180,3,5,4,0,4
427,298,0,298,0,24,"NSW","Regional","6:00 PM - 12:00 AM",0,1,1,1,84,1,3,10,10,20
517,2949,1719,1230,1,59,"NSW","Urban","6:00 PM - 12:00 AM",0,0,0,3,66,4,2,10,9,19
1311,428,0,428,1,28,"NT","Urban","6:00 AM - 12:00 PM",1,1,0,2,138,1,2,3,5,8
1972,3570,2119,1451,0,41,"QLD","Regional","6:00 PM - 12:00 AM",0,0,1,3,42,3,4,3,6,9
640,4160,2216,1944,0,45,"NSW","Urban","6:00 PM - 12:00 AM",0,0,0,3,36,4,4,8,7,15
1755,4229,1953,2276,0,58,"SA","Urban","6:00 PM - 12:00 AM",1,0,0,2,54,1,4,6,10,16
349,3163,1722,1441,1,57,"VIC","Regional","6:00 PM - 12:00 AM",0,0,1,3,90,2,2,6,7,13
772,3290,1788,1502,0,44,"ACT","Urban","6:00 PM - 12:00 AM",0,0,0,3,30,3,3,4,3,7
1589,3323,1873,1450,1,44,"NSW","Remote","6:00 AM - 12:00 PM",0,1,1,2,24,3,2,0,4,4
1149,2679,1656,1023,0,40,"WA","Regional","6:00 AM - 12:00 PM",1,1,0,3,90,3,3,7,7,14
1924,173,0,173,1,24,"QLD","Regional","12:00 PM - 6:00 PM",0,1,0,2,54,1,4,9,8,17
1726,957,0,957,0,35,"NSW","Urban","6:00 PM - 12:00 AM",0,1,1,1,150,2,3,1,4,5
287,217,0,217,1,29,"NSW","Regional","12:00 AM - 6:00 AM",1,0,1,1,102,1,3,10,5,15
679,3598,1872,1726,0,60,"WA","Urban","6:00 PM - 12:00 AM",1,0,0,2,42,2,1,1,1,2
1160,4289,2521,1768,0,47,"ACT","Regional","6:00 AM - 12:00 PM",0,0,1,1,174,4,2,8,7,15
358,401,0,401,1,23,"NSW","Urban","12:00 PM - 6:00 PM",1,1,0,1,60,2,3,0,4,4
254,3023,1714,1309,0,41,"NSW","Urban","12:00 AM - 6:00 AM",0,0,0,3,66,1,5,8,7,15
258,303,0,303,0,25,"NT","Urban","12:00 PM - 6:00 PM",1,1,1,2,114,1,2,6,5,11
1330,324,0,324,0,21,"NT","Urban","6:00 AM - 12:00 PM",0,1,0,1,90,2,4,7,3,10
1578,210,0,210,1,47,"VIC","Urban","6:00 AM - 12:00 PM",1,0,0,3,168,1,2,3,0,3
76,603,0,603,1,26,"NSW","Regional","12:00 AM - 6:00 AM",0,1,1,1,12,1,3,0,0,0
1675,854,0,854,1,39,"NSW","Urban","6:00 PM - 12:00 AM",1,1,1,1,168,2,3,2,5,7
931,1729,1454,275,1,40,"VIC","Urban","6:00 AM - 12:00 PM",1,1,1,3,90,1,3,10,10,20
344,1726,1381,345,0,42,"QLD","Urban","6:00 PM - 12:00 AM",1,1,0,2,60,2,3,5,5,10
178,3933,2223,1710,1,53,"NSW","Urban","12:00 AM - 6:00 AM",0,0,1,3,180,2,4,1,1,2
1802,3762,1865,1897,0,46,"NSW","Urban","12:00 PM - 6:00 PM",0,0,1,1,114,4,3,10,10,20
1640,430,0,430,0,23,"ACT","Regional","6:00 PM - 12:00 AM",1,1,1,3,48,1,4,8,10,18
1486,4426,2185,2241,1,43,"SA","Urban","6:00 AM - 12:00 PM",0,0,0,3,30,4,2,6,1,7
571,199,0,199,1,20,"NSW","Urban","6:00 PM - 12:00 AM",1,1,0,1,114,1,5,9,10,19
1564,294,0,294,1,56,"NSW","Urban","6:00 AM - 12:00 PM",1,0,0,3,66,1,3,10,10,20
894,1411,0,1411,1,41,"NT","Urban","6:00 AM - 12:00 PM",0,0,0,1,90,1,3,10,10,20
1003,428,0,428,0,27,"NSW","Urban","6:00 AM - 12:00 PM",1,1,0,3,120,2,4,10,10,20
819,205,0,205,0,50,"NSW","Urban","6:00 PM - 12:00 AM",1,0,0,3,30,1,5,8,8,16
23,3153,1905,1248,1,59,"NSW","Urban","12:00 AM - 6:00 AM",0,0,1,1,174,3,3,3,3,6
850,3487,1991,1496,1,46,"NSW","Urban","6:00 PM - 12:00 AM",0,0,1,2,72,1,3,6,5,11
497,606,0,606,1,35,"NSW","Regional","6:00 PM - 12:00 AM",0,1,0,3,120,1,5,9,10,19
1428,4284,2202,2082,0,53,"NSW","Urban","6:00 AM - 12:00 PM",0,0,1,3,24,4,2,3,0,3
91,522,0,522,0,33,"NSW","Urban","12:00 PM - 6:00 PM",1,1,1,3,24,1,2,1,0,1
190,3779,2016,1763,1,60,"NSW","Regional","12:00 AM - 6:00 AM",0,0,0,3,96,2,3,10,10,20
1284,601,0,601,1,35,"NSW","Urban","6:00 AM - 12:00 PM",1,1,1,3,66,1,4,6,10,16
537,3805,2202,1603,1,58,"NSW","Urban","6:00 PM - 12:00 AM",1,0,0,3,150,2,3,10,8,18
1151,977,0,977,0,29,"VIC","Urban","6:00 AM - 12:00 PM",1,1,0,1,114,1,3,7,2,9
845,1623,1208,415,1,37,"VIC","Urban","6:00 PM - 12:00 AM",1,0,0,3,48,1,5,8,8,16
987,1284,0,1284,0,52,"VIC","Urban","6:00 AM - 12:00 PM",0,1,0,3,126,1,4,8,4,12
623,218,0,218,0,24,"NSW","Urban","6:00 PM - 12:00 AM",1,1,0,3,126,1,4,9,7,16
217,1439,1125,314,1,24,"NSW","Regional","12:00 AM - 6:00 AM",1,1,0,3,150,2,4,8,10,18
1526,4519,2492,2027,1,53,"WA","Regional","6:00 AM - 12:00 PM",0,0,0,3,30,4,3,5,0,5
1168,1401,1121,280,1,31,"QLD","Urban","6:00 AM - 12:00 PM",1,1,1,3,24,2,4,2,0,2
498,4850,2447,2403,0,48,"VIC","Urban","6:00 PM - 12:00 AM",1,0,0,3,126,3,3,2,6,8
904,511,0,511,1,23,"WA","Regional","6:00 AM - 12:00 PM",1,1,0,2,96,2,3,8,7,15
192,1334,0,1334,0,35,"WA","Urban","12:00 AM - 6:00 AM",1,1,1,3,96,2,3,7,10,17
611,252,0,252,0,21,"ACT","Urban","6:00 PM - 12:00 AM",0,1,1,3,84,1,4,9,8,17
25,918,0,918,1,36,"VIC","Urban","12:00 PM - 6:00 PM",1,1,0,1,42,1,3,4,3,7
577,3815,2120,1695,0,53,"NSW","Urban","6:00 PM - 12:00 AM",1,0,0,3,132,3,3,2,3,5
273,3301,1992,1309,1,40,"NT","Urban","12:00 AM - 6:00 AM",0,0,1,3,72,2,4,5,5,10
1901,3094,1664,1430,0,47,"ACT","Urban","6:00 PM - 12:00 AM",1,0,1,1,168,4,4,8,7,15
589,371,0,371,1,24,"QLD","Remote","6:00 PM - 12:00 AM",1,1,1,3,156,1,2,1,1,2
1977,444,0,444,1,20,"VIC","Remote","6:00 PM - 12:00 AM",1,1,0,2,114,2,4,10,5,15
930,414,0,414,0,21,"TAS","Urban","6:00 AM - 12:00 PM",1,1,1,1,180,2,3,2,0,2
1887,1488,0,1488,1,36,"NT","Urban","6:00 PM - 12:00 AM",0,0,0,3,12,1,2,5,4,9
840,323,0,323,1,22,"ACT","Urban","6:00 PM - 12:00 AM",1,0,1,2,114,1,1,10,6,16
1566,3982,2027,1955,0,58,"NSW","Regional","6:00 AM - 12:00 PM",0,0,0,2,12,1,3,2,0,2
625,3729,2113,1616,0,47,"NSW","Urban","6:00 PM - 12:00 AM",1,0,1,3,132,2,3,9,9,18
1069,2095,1792,303,0,52,"NSW","Remote","6:00 AM - 12:00 PM",0,0,0,3,108,1,1,10,9,19
590,4396,2155,2241,1,56,"ACT","Urban","6:00 PM - 12:00 AM",1,0,0,3,150,4,3,5,4,9
1497,3208,1921,1287,1,48,"NSW","Urban","6:00 AM - 12:00 PM",0,0,1,3,150,2,3,10,9,19
427,298,0,298,0,24,"NSW","Regional","6:00 PM - 12:00 AM",0,1,1,1,84,1,3,10,10,20
1887,1488,0,1488,1,36,"NT","Urban","6:00 PM - 12:00 AM",0,0,0,3,12,1,2,5,4,9
1391,241,0,241,0,22,"VIC","Urban","12:00 PM - 6:00 PM",1,1,0,2,126,1,5,8,8,16
1775,245,0,245,1,38,"NSW","Urban","6:00 PM - 12:00 AM",1,1,0,3,114,1,2,8,7,15
564,213,0,213,0,37,"VIC","Regional","6:00 PM - 12:00 AM",1,1,0,3,42,1,4,7,6,13
634,3234,1607,1627,1,56,"WA","Urban","6:00 PM - 12:00 AM",0,0,1,3,180,1,4,6,9,15
603,400,0,400,1,28,"NSW","Urban","6:00 PM - 12:00 AM",0,1,0,3,66,1,3,7,7,14
1750,4200,2103,2097,0,59,"NSW","Remote","6:00 PM - 12:00 AM",1,0,0,3,168,1,4,5,6,11
261,809,0,809,0,28,"TAS","Regional","12:00 AM - 6:00 AM",1,0,1,2,156,2,2,3,3,6
4,3208,1926,1282,1,56,"NSW","Urban","12:00 AM - 6:00 AM",1,0,1,3,162,2,4,4,2,6
254,3023,1714,1309,0,41,"NSW","Urban","12:00 AM - 6:00 AM",0,0,0,3,66,1,5,8,7,15
118,178,0,178,0,21,"VIC","Urban","12:00 AM - 6:00 AM",0,0,0,3,36,1,3,8,8,16
678,227,0,227,0,51,"NSW","Urban","6:00 PM - 12:00 AM",0,1,1,3,84,1,4,10,10,20
696,1508,1398,110,0,29,"TAS","Urban","6:00 PM - 12:00 AM",0,1,0,3,132,2,5,10,7,17
1925,4776,2970,1806,0,47,"WA","Urban","6:00 PM - 12:00 AM",0,0,0,1,24,2,3,1,4,5
1565,4008,2323,1685,1,45,"NSW","Urban","6:00 AM - 12:00 PM",0,1,0,2,96,4,2,10,10,20
425,337,0,337,0,28,"NSW","Urban","6:00 PM - 12:00 AM",1,1,0,2,114,1,3,10,10,20
460,2988,1583,1405,1,49,"NSW","Urban","6:00 PM - 12:00 AM",0,0,1,3,108,3,4,9,10,19
95,438,0,438,1,21,"NSW","Urban","12:00 AM - 6:00 AM",1,0,0,3,168,2,3,3,2,5
148,3785,2091,1694,1,46,"QLD","Urban","12:00 AM - 6:00 AM",0,0,0,2,180,2,2,2,0,2
1845,357,0,357,1,20,"VIC","Urban","6:00 PM - 12:00 AM",1,1,1,3,144,1,3,9,8,17
942,2076,1525,551,0,49,"VIC","Regional","6:00 AM - 12:00 PM",1,1,0,3,90,1,3,6,6,12
915,2015,1640,375,0,40,"VIC","Urban","6:00 AM - 12:00 PM",1,1,1,2,156,1,3,9,9,18
963,335,0,335,0,20,"VIC","Urban","6:00 AM - 12:00 PM",1,1,1,3,174,2,4,7,2,9
180,239,0,239,0,48,"TAS","Urban","12:00 PM - 6:00 PM",1,1,0,3,180,1,3,6,2,8
582,1819,1598,221,0,40,"WA","Urban","6:00 PM - 12:00 AM",1,1,0,1,36,1,2,0,2,2
513,3710,2013,1697,0,58,"QLD","Remote","12:00 PM - 6:00 PM",0,0,1,1,48,2,2,9,10,19
1954,1243,0,1243,1,37,"VIC","Regional","6:00 PM - 12:00 AM",1,0,1,2,42,2,3,10,5,15
708,3880,2271,1609,1,58,"NSW","Remote","6:00 PM - 12:00 AM",1,0,0,3,78,1,3,10,9,19
687,349,0,349,0,25,"NSW","Regional","6:00 PM - 12:00 AM",1,0,1,1,108,1,5,6,6,12
784,2237,1873,364,0,35,"NSW","Urban","6:00 PM - 12:00 AM",1,1,0,3,162,2,3,3,6,9
1262,905,0,905,1,37,"NSW","Urban","6:00 AM - 12:00 PM",0,1,0,3,144,1,1,7,7,14
326,990,0,990,0,44,"QLD","Remote","6:00 PM - 12:00 AM",1,1,0,3,12,1,3,3,2,5
1213,315,0,315,1,22,"NSW","Urban","12:00 PM - 6:00 PM",1,1,0,2,174,2,3,4,8,12
1385,384,0,384,0,23,"NSW","Urban","6:00 AM - 12:00 PM",1,1,0,3,12,1,4,1,0,1
1173,519,0,519,1,28,"TAS","Urban","6:00 AM - 12:00 PM",1,1,1,3,162,2,2,0,2,2
1257,358,0,358,0,24,"NSW","Regional","6:00 AM - 12:00 PM",1,1,0,2,78,2,2,10,9,19
1010,2278,1508,770,1,60,"NSW","Regional","6:00 AM - 12:00 PM",0,1,0,2,30,4,2,0,0,0
208,2841,1685,1156,0,39,"VIC","Urban","12:00 AM - 6:00 AM",0,1,1,3,174,2,4,6,6,12
1538,4222,2311,1911,1,47,"NSW","Regional","6:00 AM - 12:00 PM",0,0,1,2,54,2,3,5,5,10
884,1847,1441,406,0,27,"VIC","Urban","6:00 AM - 12:00 PM",0,1,0,3,72,1,3,4,3,7
1025,2404,1450,954,1,55,"VIC","Regional","6:00 AM - 12:00 PM",0,1,1,2,108,3,2,5,9,14
744,3919,1880,2039,0,59,"VIC","Urban","6:00 PM - 12:00 AM",0,0,1,3,126,2,3,5,7,12
496,4352,2570,1782,0,55,"NSW","Urban","6:00 PM - 12:00 AM",0,0,1,1,84,3,3,8,7,15
1359,218,0,218,0,24,"NSW","Urban","6:00 AM - 12:00 PM",0,1,0,3,120,1,2,8,7,15
1392,501,0,501,0,39,"VIC","Urban","6:00 AM - 12:00 PM",1,1,0,3,60,1,3,1,5,6
105,1502,1160,342,1,27,"WA","Urban","12:00 AM - 6:00 AM",0,1,0,2,36,1,3,9,5,14
992,1434,0,1434,0,51,"VIC","Regional","6:00 AM - 12:00 PM",0,1,1,3,84,4,2,9,8,17
1374,2763,1765,998,1,56,"NT","Urban","6:00 AM - 12:00 PM",1,1,1,2,30,3,2,2,1,3
1924,173,0,173,1,24,"QLD","Regional","12:00 PM - 6:00 PM",0,1,0,2,54,1,4,9,8,17
831,3246,1739,1507,1,44,"SA","Urban","6:00 PM - 12:00 AM",0,0,1,2,96,3,4,10,10,20
1042,909,0,909,0,33,"NT","Urban","6:00 AM - 12:00 PM",1,1,1,2,102,2,3,10,10,20
1641,1774,0,1774,1,51,"VIC","Regional","6:00 PM - 12:00 AM",1,1,1,3,90,3,3,10,9,19
1711,213,0,213,0,27,"NSW","Urban","6:00 PM - 12:00 AM",0,1,1,2,42,1,2,5,1,6
643,4266,2359,1907,0,52,"QLD","Urban","6:00 PM - 12:00 AM",1,0,0,2,24,1,3,4,8,12
1423,3445,1937,1508,0,54,"QLD","Regional","6:00 AM - 12:00 PM",0,0,0,3,150,3,2,5,4,9
1980,4520,2643,1877,0,57,"SA","Urban","6:00 PM - 12:00 AM",0,0,0,2,30,4,2,4,4,8
321,1935,1650,285,0,37,"QLD","Urban","6:00 PM - 12:00 AM",1,1,1,3,72,1,2,4,1,5
723,2853,1666,1187,1,49,"QLD","Urban","6:00 PM - 12:00 AM",0,1,0,3,42,3,2,7,3,10
1916,3536,1833,1703,1,54,"NT","Urban","6:00 PM - 12:00 AM",0,1,0,3,24,1,2,4,8,12
444,4263,2393,1870,0,53,"NSW","Urban","6:00 PM - 12:00 AM",1,0,0,1,132,4,2,9,9,18
173,171,0,171,0,57,"QLD","Remote","12:00 AM - 6:00 AM",1,0,0,3,102,1,3,8,5,13
1989,447,0,447,1,20,"ACT","Urban","6:00 PM - 12:00 AM",1,1,1,3,126,2,5,6,4,10
346,172,0,172,1,26,"VIC","Regional","6:00 PM - 12:00 AM",1,1,0,3,84,1,2,4,4,8
588,1082,0,1082,1,35,"WA","Urban","6:00 PM - 12:00 AM",1,1,1,3,174,2,2,0,0,0
1908,1495,0,1495,1,36,"QLD","Urban","6:00 PM - 12:00 AM",1,0,0,3,90,1,4,5,5,10
807,421,0,421,0,24,"NSW","Regional","6:00 PM - 12:00 AM",1,1,1,2,156,2,1,10,6,16
655,175,0,175,1,56,"ACT","Urban","6:00 PM - 12:00 AM",0,1,1,2,42,1,3,2,1,3
674,243,0,243,1,58,"NSW","Urban","6:00 PM - 12:00 AM",1,0,0,3,54,1,3,5,7,12
1146,3416,2123,1293,1,51,"NSW","Urban","6:00 AM - 12:00 PM",1,0,1,3,36,3,3,6,5,11
157,1001,0,1001,0,24,"WA","Urban","12:00 AM - 6:00 AM",1,1,0,3,138,1,2,6,5,11
67,351,0,351,1,22,"NSW","Urban","12:00 AM - 6:00 AM",0,1,1,3,162,1,3,6,4,10
908,166,0,166,0,20,"VIC","Urban","6:00 AM - 12:00 PM",1,1,0,3,42,1,3,3,2,5
1074,1627,1414,213,1,40,"NT","Urban","6:00 AM - 12:00 PM",1,1,0,3,12,2,3,2,0,2
905,2415,2013,402,1,57,"TAS","Regional","6:00 AM - 12:00 PM",0,0,1,3,150,2,4,10,10,20
1455,3203,1676,1527,0,59,"NSW","Urban","6:00 AM - 12:00 PM",0,1,1,3,180,2,3,5,0,5
1929,4346,2401,1945,1,44,"NT","Urban","6:00 PM - 12:00 AM",1,0,0,3,132,4,4,8,7,15
318,3657,2101,1556,1,47,"SA","Regional","6:00 PM - 12:00 AM",0,0,0,3,132,3,3,10,9,19
1805,234,0,234,0,35,"NSW","Urban","6:00 PM - 12:00 AM",1,1,1,3,24,1,4,4,0,4
228,3827,2102,1725,0,53,"QLD","Urban","12:00 AM - 6:00 AM",0,1,0,3,54,4,4,10,9,19
855,1820,1493,327,0,26,"QLD","Regional","6:00 PM - 12:00 AM",1,0,0,2,78,1,1,10,10,20
1230,216,0,216,0,38,"NSW","Remote","6:00 AM - 12:00 PM",1,1,1,2,108,1,2,4,4,8
1182,4156,2053,2103,0,57,"VIC","Regional","6:00 AM - 12:00 PM",0,0,1,2,150,2,3,8,6,14
1412,192,0,192,0,28,"QLD","Urban","6:00 AM - 12:00 PM",1,0,0,2,84,1,3,6,2,8
1660,3257,1975,1282,1,48,"VIC","Urban","6:00 PM - 12:00 AM",0,0,1,2,126,2,2,9,6,15
558,403,0,403,1,26,"NT","Regional","12:00 PM - 6:00 PM",0,1,1,3,162,1,2,2,2,4
463,1192,0,1192,0,37,"NSW","Urban","6:00 PM - 12:00 AM",0,1,1,2,102,2,4,8,10,18
278,2957,1657,1300,1,60,"NSW","Urban","12:00 AM - 6:00 AM",0,0,0,3,132,4,4,10,10,20
1115,4562,2640,1922,0,54,"WA","Urban","6:00 AM - 12:00 PM",0,0,0,3,156,2,3,3,3,6
1003,428,0,428,0,27,"NSW","Urban","6:00 AM - 12:00 PM",1,1,0,3,120,2,4,10,10,20
989,1565,1284,281,0,35,"VIC","Urban","6:00 AM - 12:00 PM",1,1,1,3,144,1,3,7,7,14
1064,2248,1680,568,1,50,"SA","Regional","6:00 AM - 12:00 PM",1,1,0,2,150,2,3,9,5,14
169,501,0,501,1,34,"NSW","Urban","12:00 PM - 6:00 PM",1,1,0,3,120,1,3,9,8,17
961,1516,1206,310,1,42,"VIC","Regional","6:00 AM - 12:00 PM",1,1,0,3,138,2,2,9,8,17
1707,3179,1576,1603,1,49,"VIC","Urban","6:00 PM - 12:00 AM",1,0,1,1,66,4,1,7,10,17
1742,4407,2410,1997,0,46,"VIC","Urban","6:00 PM - 12:00 AM",0,0,0,3,174,4,4,5,4,9
894,1411,0,1411,1,41,"NT","Urban","6:00 AM - 12:00 PM",0,0,0,1,90,1,3,10,10,20
1959,2826,1450,1376,1,34,"NSW","Urban","6:00 PM - 12:00 AM",1,0,0,1,138,3,4,7,7,14
989,1565,1284,281,0,35,"VIC","Urban","6:00 AM - 12:00 PM",1,1,1,3,144,1,3,7,7,14
639,4369,2247,2122,1,55,"NSW","Urban","6:00 PM - 12:00 AM",1,0,1,3,24,2,5,8,8,16
1846,484,0,484,0,27,"NSW","Regional","12:00 PM - 6:00 PM",0,1,1,3,90,1,5,10,10,20
1028,1859,1664,195,0,51,"WA","Urban","6:00 AM - 12:00 PM",0,1,0,3,18,1,1,5,5,10
1740,427,0,427,1,29,"WA","Urban","6:00 PM - 12:00 AM",1,1,0,2,102,2,3,9,9,18
1193,218,0,218,0,37,"ACT","Urban","6:00 AM - 12:00 PM",0,1,0,1,108,1,1,9,7,16
1718,3886,1992,1894,0,58,"NSW","Urban","6:00 PM - 12:00 AM",0,0,0,1,48,1,3,3,3,6
408,1107,0,1107,1,40,"NSW","Urban","6:00 PM - 12:00 AM",1,1,0,3,108,2,3,7,6,13
1803,1888,1634,254,1,37,"VIC","Urban","6:00 PM - 12:00 AM",0,1,0,3,84,2,4,10,10,20
1307,294,0,294,0,24,"NT","Urban","6:00 AM - 12:00 PM",1,1,1,1,66,2,3,6,6,12
287,217,0,217,1,29,"NSW","Regional","12:00 AM - 6:00 AM",1,0,1,1,102,1,3,10,5,15
104,3671,2193,1478,0,48,"NSW","Urban","12:00 AM - 6:00 AM",0,1,1,3,168,2,2,3,6,9
856,3518,1860,1658,0,55,"NSW","Regional","6:00 PM - 12:00 AM",0,1,1,2,12,2,2,4,3,7
1057,439,0,439,1,29,"NSW","Urban","12:00 PM - 6:00 PM",0,1,0,1,90,1,2,9,10,19
523,328,0,328,0,29,"NSW","Urban","6:00 PM - 12:00 AM",1,1,0,3,162,2,2,3,6,9
298,194,0,194,1,34,"NSW","Urban","12:00 AM - 6:00 AM",1,0,0,2,66,1,3,5,4,9
732,4141,2422,1719,1,57,"NSW","Remote","6:00 PM - 12:00 AM",1,1,0,3,144,2,3,9,9,18
1525,3042,1690,1352,0,46,"NSW","Regional","6:00 AM - 12:00 PM",0,0,0,1,114,4,2,8,10,18
419,169,0,169,1,26,"SA","Remote","6:00 PM - 12:00 AM",1,1,1,3,90,1,2,10,10,20
1480,205,0,205,0,21,"WA","Urban","12:00 PM - 6:00 PM",0,1,0,1,150,1,3,3,3,6
401,3479,1683,1796,1,47,"NSW","Urban","6:00 PM - 12:00 AM",0,0,1,3,72,1,3,10,10,20
582,1819,1598,221,0,40,"WA","Urban","6:00 PM - 12:00 AM",1,1,0,1,36,1,2,0,2,2
244,1562,1383,179,0,28,"NSW","Urban","12:00 AM - 6:00 AM",1,0,0,3,54,2,2,2,2,4
744,3919,1880,2039,0,59,"VIC","Urban","6:00 PM - 12:00 AM",0,0,1,3,126,2,3,5,7,12
249,3037,1592,1445,0,51,"VIC","Urban","12:00 AM - 6:00 AM",0,0,1,3,132,1,2,10,10,20
1233,3724,1951,1773,1,55,"VIC","Remote","6:00 AM - 12:00 PM",1,0,0,3,174,4,4,5,1,6
543,424,0,424,1,27,"NSW","Urban","6:00 PM - 12:00 AM",1,1,0,2,138,1,2,9,8,17
679,3598,1872,1726,0,60,"WA","Urban","6:00 PM - 12:00 AM",1,0,0,2,42,2,1,1,1,2
964,431,0,431,1,39,"WA","Remote","6:00 AM - 12:00 PM",1,1,0,3,84,2,4,10,7,17
1814,1229,0,1229,0,40,"VIC","Remote","6:00 PM - 12:00 AM",1,1,1,3,114,1,4,10,10,20
1147,1467,1245,222,0,36,"ACT","Urban","12:00 PM - 6:00 PM",0,1,0,3,150,2,2,7,9,16
1441,2011,1718,293,0,39,"NSW","Urban","6:00 AM - 12:00 PM",0,0,0,3,180,1,3,7,4,11
1017,2026,1563,463,0,58,"NT","Urban","6:00 AM - 12:00 PM",0,1,0,3,72,1,2,7,7,14
625,3729,2113,1616,0,47,"NSW","Urban","6:00 PM - 12:00 AM",1,0,1,3,132,2,3,9,9,18
