"ID","TotalSpending","InternationalSpend","DomesticSpend","Female","Age","HomeState","HomeRegion","BookingTime","DeviceTypeMobileTablet","Windows.Android","PromotionsUsed","EaseOfUse","UsageDuration","BookingCount","AvailableFlights","Satisfaction","NetPromoterScore","TotalSatisfaction"
1449,4140,2395,1745,0,52,"QLD","Urban","6:00 AM - 12:00 PM",0,0,0,3,120,3,2,7,7,14
1611,432,0,432,1,26,"NSW","Regional","6:00 AM - 12:00 PM",1,1,1,1,102,1,3,10,10,20
556,1563,1250,313,1,33,"NSW","Urban","6:00 PM - 12:00 AM",1,1,1,3,120,2,3,10,9,19
240,3127,1987,1140,0,42,"NSW","Urban","12:00 AM - 6:00 AM",0,0,0,3,90,4,3,8,7,15
460,2988,1583,1405,1,49,"NSW","Urban","6:00 PM - 12:00 AM",0,0,1,3,108,3,4,9,10,19
1745,4514,2412,2102,1,50,"VIC","Urban","6:00 PM - 12:00 AM",0,0,1,3,150,2,3,5,4,9
879,1060,0,1060,1,44,"TAS","Urban","12:00 PM - 6:00 PM",0,1,0,3,180,1,3,4,4,8
896,846,0,846,0,38,"TAS","Urban","6:00 AM - 12:00 PM",1,1,0,3,48,1,2,2,1,3
1138,4713,2072,2641,0,46,"ACT","Urban","6:00 AM - 12:00 PM",0,0,0,2,114,3,2,5,5,10
605,4436,2231,2205,1,54,"QLD","Urban","6:00 PM - 12:00 AM",0,0,0,3,78,2,2,9,10,19
1760,3746,2021,1725,1,54,"QLD","Regional","6:00 PM - 12:00 AM",0,0,0,3,132,4,3,9,10,19
1589,3323,1873,1450,1,44,"NSW","Remote","6:00 AM - 12:00 PM",0,1,1,2,24,3,2,0,4,4
1422,3665,2071,1594,0,41,"ACT","Remote","6:00 AM - 12:00 PM",0,1,0,3,120,1,3,9,8,17
1404,1602,1314,288,1,39,"ACT","Urban","6:00 AM - 12:00 PM",0,0,0,3,30,1,2,3,4,7
1164,4427,2694,1733,1,48,"NSW","Regional","6:00 AM - 12:00 PM",0,0,1,2,180,4,4,9,7,16
1201,285,0,285,1,21,"QLD","Regional","6:00 AM - 12:00 PM",1,1,0,1,78,2,3,4,3,7
1659,1510,1313,197,1,35,"WA","Urban","6:00 PM - 12:00 AM",1,1,1,3,114,2,2,10,10,20
386,848,0,848,0,44,"WA","Urban","6:00 PM - 12:00 AM",1,1,0,3,156,1,2,4,5,9
514,3896,2272,1624,0,47,"NSW","Urban","6:00 PM - 12:00 AM",1,0,1,1,60,1,3,5,3,8
1628,235,0,235,0,19,"VIC","Regional","6:00 PM - 12:00 AM",1,1,0,3,120,2,2,10,10,20
1068,3857,1989,1868,1,53,"VIC","Remote","12:00 PM - 6:00 PM",0,0,1,1,42,4,4,3,5,8
452,716,0,716,0,44,"VIC","Urban","6:00 PM - 12:00 AM",1,1,1,3,108,1,2,6,8,14
673,182,0,182,0,31,"NT","Urban","6:00 PM - 12:00 AM",0,1,0,3,48,1,3,4,3,7
591,1521,1279,242,0,38,"SA","Urban","12:00 PM - 6:00 PM",0,1,1,3,96,2,4,10,10,20
1101,977,0,977,1,31,"NSW","Regional","12:00 PM - 6:00 PM",1,1,0,3,102,1,3,10,9,19
220,4028,1925,2103,0,50,"QLD","Urban","12:00 AM - 6:00 AM",0,0,1,2,36,2,2,3,3,6
1810,1423,0,1423,0,41,"ACT","Urban","6:00 PM - 12:00 AM",0,1,1,3,30,2,4,6,10,16
134,3978,2217,1761,1,48,"NT","Remote","12:00 AM - 6:00 AM",1,0,1,3,66,4,2,4,4,8
1837,414,0,414,0,20,"NT","Urban","6:00 PM - 12:00 AM",1,1,0,2,18,2,4,4,1,5
181,3958,2064,1894,1,57,"ACT","Regional","12:00 AM - 6:00 AM",0,0,1,3,36,1,1,2,3,5
1180,326,0,326,0,21,"SA","Regional","12:00 PM - 6:00 PM",0,1,1,2,120,2,3,10,10,20
1627,245,0,245,0,24,"QLD","Urban","6:00 PM - 12:00 AM",1,1,1,2,96,1,5,7,7,14
1015,287,0,287,0,23,"VIC","Urban","6:00 AM - 12:00 PM",1,1,1,3,180,2,4,1,1,2
1419,3214,2016,1198,1,41,"ACT","Urban","6:00 AM - 12:00 PM",1,1,1,3,72,3,3,7,5,12
1277,3056,1652,1404,1,52,"TAS","Regional","6:00 AM - 12:00 PM",1,0,0,3,120,1,2,7,5,12
645,216,0,216,0,58,"ACT","Urban","6:00 PM - 12:00 AM",0,1,0,3,78,1,2,4,7,11
1491,3040,1544,1496,1,58,"VIC","Urban","12:00 PM - 6:00 PM",1,0,1,3,60,4,4,10,10,20
996,1471,1327,144,1,44,"VIC","Urban","6:00 AM - 12:00 PM",1,1,1,3,168,2,3,2,1,3
187,3816,2198,1618,0,44,"NT","Urban","12:00 AM - 6:00 AM",0,0,0,3,120,1,1,4,4,8
1859,4495,2611,1884,0,48,"SA","Urban","6:00 PM - 12:00 AM",0,0,1,2,120,1,3,9,8,17
1960,472,0,472,0,24,"NSW","Urban","6:00 PM - 12:00 AM",1,1,1,3,144,1,1,3,7,10
1488,217,0,217,0,21,"ACT","Regional","6:00 AM - 12:00 PM",1,1,1,3,108,1,2,10,8,18
1863,659,0,659,1,34,"NSW","Urban","6:00 PM - 12:00 AM",0,1,1,1,120,2,3,8,8,16
1618,2354,1781,573,1,37,"TAS","Urban","6:00 PM - 12:00 AM",0,0,0,3,144,3,3,6,8,14
1677,4823,2792,2031,0,59,"WA","Urban","6:00 PM - 12:00 AM",0,0,1,2,66,2,2,7,6,13
1599,850,0,850,0,29,"NSW","Urban","6:00 AM - 12:00 PM",1,0,0,2,12,1,2,2,1,3
1522,4108,2010,2098,0,42,"ACT","Regional","6:00 AM - 12:00 PM",0,0,1,3,162,2,4,9,9,18
583,214,0,214,1,34,"NSW","Urban","6:00 PM - 12:00 AM",0,1,0,2,132,1,3,4,3,7
82,469,0,469,0,24,"QLD","Urban","12:00 AM - 6:00 AM",0,0,0,3,108,1,1,8,5,13
1176,2823,1627,1196,0,56,"QLD","Urban","6:00 AM - 12:00 PM",1,0,0,3,162,2,3,7,7,14
1997,1023,0,1023,1,30,"VIC","Regional","6:00 PM - 12:00 AM",1,1,1,3,60,2,2,5,4,9
54,1175,0,1175,1,28,"NT","Remote","12:00 AM - 6:00 AM",0,1,0,1,66,2,2,5,2,7
56,4141,2691,1450,1,58,"NSW","Urban","12:00 AM - 6:00 AM",1,0,1,3,108,4,2,10,9,19
937,2754,1518,1236,0,54,"VIC","Urban","6:00 AM - 12:00 PM",0,0,0,1,66,2,3,5,4,9
1655,614,0,614,0,28,"VIC","Urban","6:00 PM - 12:00 AM",1,1,0,3,36,1,3,4,4,8
1174,906,0,906,0,31,"VIC","Regional","6:00 AM - 12:00 PM",1,1,1,3,150,1,2,9,9,18
1461,1230,1046,184,1,23,"NSW","Regional","6:00 AM - 12:00 PM",0,0,0,3,150,1,2,10,10,20
874,1835,1656,179,0,39,"NSW","Urban","6:00 PM - 12:00 AM",1,1,0,3,180,2,1,1,0,1
270,1283,0,1283,0,38,"SA","Urban","12:00 AM - 6:00 AM",1,0,0,3,84,2,2,10,10,20
1187,3998,2232,1766,0,53,"TAS","Urban","6:00 AM - 12:00 PM",0,0,0,3,102,4,4,10,10,20
393,1518,0,1518,0,41,"SA","Remote","6:00 PM - 12:00 AM",1,1,1,3,168,1,4,8,7,15
1023,246,0,246,1,55,"VIC","Urban","6:00 AM - 12:00 PM",1,1,1,2,36,1,5,2,2,4
101,1721,1573,148,1,27,"VIC","Urban","12:00 AM - 6:00 AM",0,0,1,3,120,2,5,9,7,16
1559,297,0,297,1,22,"ACT","Urban","6:00 AM - 12:00 PM",1,1,0,3,30,2,4,4,0,4
1015,287,0,287,0,23,"VIC","Urban","6:00 AM - 12:00 PM",1,1,1,3,180,2,4,1,1,2
1947,177,0,177,1,21,"NSW","Urban","6:00 PM - 12:00 AM",1,1,1,3,180,1,4,0,2,2
199,3440,2326,1114,0,56,"SA","Urban","12:00 AM - 6:00 AM",0,0,0,1,156,4,2,8,6,14
442,1951,1466,485,0,44,"QLD","Urban","6:00 PM - 12:00 AM",1,1,1,3,96,2,2,9,9,18
1571,3893,2348,1545,0,48,"NSW","Remote","6:00 AM - 12:00 PM",0,1,1,3,126,1,3,9,4,13
55,2212,1941,271,0,43,"VIC","Urban","12:00 AM - 6:00 AM",1,1,1,2,138,2,2,2,4,6
1119,3872,1913,1959,1,52,"TAS","Urban","6:00 AM - 12:00 PM",0,0,0,1,108,4,2,6,6,12
1617,316,0,316,1,51,"NT","Urban","6:00 PM - 12:00 AM",1,1,0,3,144,2,1,6,9,15
1140,472,0,472,0,30,"SA","Remote","6:00 AM - 12:00 PM",1,1,1,3,66,2,2,10,7,17
187,3816,2198,1618,0,44,"NT","Urban","12:00 AM - 6:00 AM",0,0,0,3,120,1,1,4,4,8
320,3354,1954,1400,1,53,"VIC","Urban","6:00 PM - 12:00 AM",0,0,1,3,162,1,3,8,10,18
1679,184,0,184,1,30,"ACT","Urban","6:00 PM - 12:00 AM",1,1,1,3,180,1,2,5,6,11
571,199,0,199,1,20,"NSW","Urban","6:00 PM - 12:00 AM",1,1,0,1,114,1,5,9,10,19
999,1349,1147,202,0,24,"VIC","Urban","6:00 AM - 12:00 PM",1,1,1,3,174,1,4,2,0,2
301,1698,1441,257,0,31,"QLD","Urban","12:00 AM - 6:00 AM",1,1,1,3,138,2,4,7,6,13
1987,2459,1419,1040,1,33,"SA","Urban","6:00 PM - 12:00 AM",1,1,0,3,90,1,2,7,10,17
1866,3541,2038,1503,1,44,"QLD","Urban","6:00 PM - 12:00 AM",0,0,1,3,102,4,2,7,8,15
1692,401,0,401,1,21,"NT","Urban","6:00 PM - 12:00 AM",1,1,0,3,90,2,3,6,5,11
665,934,0,934,0,24,"NSW","Urban","6:00 PM - 12:00 AM",0,0,1,2,138,2,2,7,9,16
239,1485,1348,137,1,26,"WA","Urban","12:00 AM - 6:00 AM",1,0,0,2,144,2,3,5,5,10
1335,2227,1798,429,0,59,"VIC","Urban","12:00 PM - 6:00 PM",1,1,1,3,18,1,4,4,5,9
1714,3763,2199,1564,0,52,"NSW","Regional","6:00 PM - 12:00 AM",1,0,0,3,138,2,2,9,8,17
1237,184,0,184,1,57,"WA","Urban","6:00 AM - 12:00 PM",1,1,1,3,150,1,3,2,2,4
293,347,0,347,1,24,"SA","Urban","12:00 AM - 6:00 AM",1,0,0,3,102,1,3,10,10,20
1402,533,0,533,1,39,"NSW","Urban","12:00 PM - 6:00 PM",0,1,0,3,66,1,5,7,10,17
1996,3285,1968,1317,0,42,"TAS","Urban","6:00 PM - 12:00 AM",0,0,0,1,168,1,3,6,10,16
1653,452,0,452,1,35,"VIC","Urban","6:00 PM - 12:00 AM",1,1,0,3,180,2,3,6,4,10
538,3942,1956,1986,1,52,"NT","Remote","6:00 PM - 12:00 AM",0,0,1,2,126,4,3,9,5,14
76,603,0,603,1,26,"NSW","Regional","12:00 AM - 6:00 AM",0,1,1,1,12,1,3,0,0,0
1689,2937,1707,1230,1,46,"NSW","Regional","6:00 PM - 12:00 AM",1,0,0,2,18,1,3,0,1,1
1869,2602,1503,1099,0,45,"NSW","Regional","6:00 PM - 12:00 AM",0,1,0,2,120,3,3,10,8,18
387,3624,2071,1553,0,49,"NSW","Urban","6:00 PM - 12:00 AM",0,0,0,3,36,1,4,8,9,17
1420,2041,1540,501,1,35,"QLD","Regional","6:00 AM - 12:00 PM",1,1,0,3,180,2,2,0,0,0
1221,314,0,314,1,22,"WA","Urban","6:00 AM - 12:00 PM",0,1,0,3,36,2,1,7,3,10
1659,1510,1313,197,1,35,"WA","Urban","6:00 PM - 12:00 AM",1,1,1,3,114,2,2,10,10,20
1609,230,0,230,0,46,"NSW","Regional","6:00 AM - 12:00 PM",1,1,0,3,36,1,2,7,3,10
551,684,0,684,0,33,"NSW","Urban","6:00 PM - 12:00 AM",1,1,1,1,162,1,3,7,7,14
590,4396,2155,2241,1,56,"ACT","Urban","6:00 PM - 12:00 AM",1,0,0,3,150,4,3,5,4,9
39,4465,2337,2128,0,55,"NSW","Regional","12:00 AM - 6:00 AM",1,0,0,1,180,3,3,1,2,3
469,634,0,634,1,37,"NSW","Urban","12:00 PM - 6:00 PM",1,1,1,2,90,2,3,10,10,20
780,2127,1838,289,0,41,"NT","Regional","12:00 PM - 6:00 PM",0,1,0,3,66,1,3,3,7,10
44,367,0,367,1,26,"NSW","Urban","12:00 AM - 6:00 AM",0,1,1,3,96,1,4,10,10,20
934,903,0,903,0,24,"SA","Urban","6:00 AM - 12:00 PM",1,1,0,1,24,1,2,4,3,7
1396,765,0,765,1,27,"TAS","Urban","6:00 AM - 12:00 PM",0,1,0,3,156,1,3,3,3,6
1252,4312,2383,1929,0,55,"NSW","Urban","6:00 AM - 12:00 PM",0,0,0,1,102,4,5,9,8,17
776,4062,1997,2065,0,60,"QLD","Urban","6:00 PM - 12:00 AM",0,0,0,3,90,1,3,8,8,16
1991,2267,2031,236,0,36,"WA","Urban","6:00 PM - 12:00 AM",1,1,0,2,96,2,3,3,4,7
528,593,0,593,1,34,"NT","Urban","6:00 PM - 12:00 AM",0,1,1,3,42,1,2,10,5,15
265,236,0,236,1,59,"TAS","Urban","12:00 AM - 6:00 AM",1,0,0,3,66,1,2,7,7,14
1438,2714,1553,1161,1,36,"TAS","Remote","6:00 AM - 12:00 PM",1,0,1,3,18,4,2,0,0,0
224,262,0,262,0,21,"VIC","Remote","12:00 PM - 6:00 PM",1,1,0,3,174,1,4,1,0,1
1341,985,0,985,0,36,"TAS","Urban","6:00 AM - 12:00 PM",0,1,0,3,66,1,3,7,7,14
105,1502,1160,342,1,27,"WA","Urban","12:00 AM - 6:00 AM",0,1,0,2,36,1,3,9,5,14
1365,177,0,177,0,24,"TAS","Regional","6:00 AM - 12:00 PM",0,1,1,1,108,1,2,10,10,20
1870,2962,1678,1284,1,49,"QLD","Urban","6:00 PM - 12:00 AM",1,0,0,3,60,2,4,10,10,20
784,2237,1873,364,0,35,"NSW","Urban","6:00 PM - 12:00 AM",1,1,0,3,162,2,3,3,6,9
224,262,0,262,0,21,"VIC","Remote","12:00 PM - 6:00 PM",1,1,0,3,174,1,4,1,0,1
690,4283,1978,2305,1,47,"SA","Urban","6:00 PM - 12:00 AM",0,1,0,3,150,4,3,7,7,14
183,190,0,190,1,57,"NSW","Urban","12:00 AM - 6:00 AM",1,0,0,3,132,1,4,4,5,9
1607,2743,1843,900,1,49,"NSW","Remote","6:00 AM - 12:00 PM",0,1,1,3,36,4,2,1,5,6
888,1373,1137,236,1,21,"WA","Urban","6:00 AM - 12:00 PM",1,1,0,3,48,1,3,3,1,4
1310,3529,1617,1912,1,46,"WA","Urban","6:00 AM - 12:00 PM",1,0,1,3,42,1,5,3,0,3
1672,479,0,479,0,27,"NSW","Urban","6:00 PM - 12:00 AM",1,1,1,3,60,2,3,9,10,19
1557,415,0,415,1,31,"VIC","Urban","12:00 PM - 6:00 PM",1,1,0,3,78,1,2,9,7,16
851,1352,1180,172,1,21,"NSW","Regional","6:00 PM - 12:00 AM",1,0,1,3,84,1,3,6,5,11
250,1440,1322,118,1,28,"VIC","Regional","12:00 AM - 6:00 AM",1,0,0,3,78,2,2,6,10,16
824,4159,1829,2330,1,57,"NSW","Urban","12:00 PM - 6:00 PM",1,0,0,1,60,4,4,7,6,13
1301,3579,1751,1828,1,58,"NSW","Urban","6:00 AM - 12:00 PM",0,0,0,3,138,2,3,6,3,9
657,1466,1266,200,0,39,"NSW","Urban","12:00 PM - 6:00 PM",1,1,0,3,138,2,2,6,1,7
1249,158,0,158,0,60,"NSW","Urban","6:00 AM - 12:00 PM",1,1,1,2,156,1,2,4,4,8
1511,4308,2268,2040,0,53,"NSW","Urban","6:00 AM - 12:00 PM",0,0,0,3,18,1,2,6,5,11
1639,1376,0,1376,0,47,"VIC","Urban","6:00 PM - 12:00 AM",0,0,0,3,54,2,3,7,7,14
1104,941,0,941,0,30,"TAS","Regional","6:00 AM - 12:00 PM",1,1,0,3,120,1,3,3,3,6
483,1445,1240,205,1,33,"NSW","Urban","6:00 PM - 12:00 AM",1,1,1,3,78,2,2,3,3,6
443,4651,2450,2201,0,46,"SA","Remote","6:00 PM - 12:00 AM",0,0,0,1,156,4,2,5,5,10
443,4651,2450,2201,0,46,"SA","Remote","6:00 PM - 12:00 AM",0,0,0,1,156,4,2,5,5,10
1953,3065,1909,1156,0,53,"WA","Urban","6:00 PM - 12:00 AM",0,1,0,2,72,2,3,3,2,5
1830,3642,1979,1663,1,48,"NSW","Urban","6:00 PM - 12:00 AM",0,0,1,3,102,2,3,7,6,13
1320,2926,1708,1218,1,48,"VIC","Regional","6:00 AM - 12:00 PM",1,0,0,2,144,2,3,10,9,19
946,3043,1558,1485,1,51,"VIC","Urban","12:00 PM - 6:00 PM",1,0,1,2,174,1,3,1,0,1
1959,2826,1450,1376,1,34,"NSW","Urban","6:00 PM - 12:00 AM",1,0,0,1,138,3,4,7,7,14
1868,787,0,787,1,28,"ACT","Urban","12:00 PM - 6:00 PM",0,1,0,3,168,1,2,5,4,9
1306,4050,1998,2052,0,51,"NSW","Urban","6:00 AM - 12:00 PM",0,0,1,3,12,3,3,5,1,6
1116,202,0,202,0,42,"VIC","Urban","6:00 AM - 12:00 PM",1,1,0,1,102,1,2,5,4,9
177,3531,1873,1658,0,44,"NSW","Urban","12:00 AM - 6:00 AM",0,0,0,3,132,4,4,5,5,10
1082,3690,1952,1738,0,52,"NSW","Regional","6:00 AM - 12:00 PM",0,0,1,3,132,2,2,5,5,10
1360,890,0,890,1,26,"TAS","Urban","6:00 AM - 12:00 PM",1,1,1,3,30,1,1,8,6,14
1128,391,0,391,1,24,"NT","Urban","6:00 AM - 12:00 PM",1,1,0,3,30,2,4,7,7,14
635,400,0,400,1,28,"NSW","Regional","12:00 PM - 6:00 PM",0,1,0,3,162,2,3,0,0,0
212,3015,1694,1321,0,42,"WA","Urban","12:00 AM - 6:00 AM",0,0,1,3,66,2,4,10,10,20
21,581,0,581,1,31,"TAS","Regional","12:00 AM - 6:00 AM",1,1,1,3,132,2,3,3,2,5
339,1542,1430,112,1,24,"ACT","Regional","6:00 PM - 12:00 AM",1,1,0,3,54,1,3,2,2,4
1285,1124,0,1124,1,44,"VIC","Urban","6:00 AM - 12:00 PM",1,1,0,3,24,2,3,4,4,8
1991,2267,2031,236,0,36,"WA","Urban","6:00 PM - 12:00 AM",1,1,0,2,96,2,3,3,4,7
223,1589,1326,263,0,24,"NSW","Urban","12:00 AM - 6:00 AM",1,0,0,2,42,2,4,10,7,17
1629,1409,0,1409,0,53,"ACT","Urban","6:00 PM - 12:00 AM",1,1,1,3,96,2,1,7,8,15
395,1446,1241,205,0,34,"NSW","Remote","6:00 PM - 12:00 AM",1,1,0,2,72,2,2,1,4,5
1045,217,0,217,1,38,"VIC","Urban","6:00 AM - 12:00 PM",1,1,0,1,150,1,4,5,4,9
994,338,0,338,1,24,"VIC","Regional","6:00 AM - 12:00 PM",1,1,0,3,108,1,2,10,10,20
248,1030,0,1030,1,31,"QLD","Regional","12:00 AM - 6:00 AM",1,0,0,3,66,1,2,7,6,13
1027,580,0,580,0,33,"VIC","Regional","6:00 AM - 12:00 PM",1,1,1,1,60,2,4,9,9,18
88,162,0,162,1,23,"NSW","Regional","12:00 AM - 6:00 AM",1,0,1,3,102,1,2,8,6,14
1869,2602,1503,1099,0,45,"NSW","Regional","6:00 PM - 12:00 AM",0,1,0,2,120,3,3,10,8,18
134,3978,2217,1761,1,48,"NT","Remote","12:00 AM - 6:00 AM",1,0,1,3,66,4,2,4,4,8
493,1197,0,1197,0,45,"NSW","Regional","6:00 PM - 12:00 AM",0,1,1,3,174,2,2,6,5,11
70,425,0,425,1,23,"VIC","Urban","12:00 AM - 6:00 AM",0,1,1,2,132,1,3,5,9,14
1761,4545,2567,1978,0,57,"NSW","Urban","6:00 PM - 12:00 AM",0,0,0,3,54,4,1,9,9,18
1724,202,0,202,1,24,"NSW","Urban","12:00 PM - 6:00 PM",0,1,1,3,84,1,3,6,5,11
1157,3078,1913,1165,1,54,"NSW","Urban","6:00 AM - 12:00 PM",0,0,0,3,48,4,4,6,6,12
40,1365,0,1365,0,41,"ACT","Urban","12:00 AM - 6:00 AM",0,1,0,3,168,2,2,7,6,13
557,1369,0,1369,0,30,"VIC","Regional","12:00 PM - 6:00 PM",1,1,1,3,24,1,2,3,0,3
1414,388,0,388,0,20,"NSW","Regional","6:00 AM - 12:00 PM",1,0,1,2,168,1,2,8,3,11
588,1082,0,1082,1,35,"WA","Urban","6:00 PM - 12:00 AM",1,1,1,3,174,2,2,0,0,0
1997,1023,0,1023,1,30,"VIC","Regional","6:00 PM - 12:00 AM",1,1,1,3,60,2,2,5,4,9
612,301,0,301,1,20,"WA","Urban","6:00 PM - 12:00 AM",0,1,0,1,60,2,3,5,8,13
484,197,0,197,0,59,"NT","Urban","6:00 PM - 12:00 AM",0,1,0,3,144,1,4,5,8,13
108,1020,0,1020,1,33,"NSW","Regional","12:00 AM - 6:00 AM",1,0,0,2,84,1,3,5,7,12
578,413,0,413,1,29,"NSW","Urban","6:00 PM - 12:00 AM",1,1,1,2,156,1,2,9,4,13
1068,3857,1989,1868,1,53,"VIC","Remote","12:00 PM - 6:00 PM",0,0,1,1,42,4,4,3,5,8
1472,2497,1510,987,1,40,"NSW","Urban","6:00 AM - 12:00 PM",1,1,1,3,90,4,5,8,8,16
1727,3813,1790,2023,1,54,"TAS","Urban","6:00 PM - 12:00 AM",1,0,0,3,90,2,2,4,3,7
282,3499,1921,1578,0,45,"NT","Urban","12:00 AM - 6:00 AM",0,1,0,2,66,3,3,6,5,11
1362,219,0,219,0,39,"NSW","Urban","6:00 AM - 12:00 PM",0,1,0,3,126,1,4,10,10,20
1866,3541,2038,1503,1,44,"QLD","Urban","6:00 PM - 12:00 AM",0,0,1,3,102,4,2,7,8,15
1027,580,0,580,0,33,"VIC","Regional","6:00 AM - 12:00 PM",1,1,1,1,60,2,4,9,9,18
64,130,0,130,1,22,"VIC","Urban","12:00 AM - 6:00 AM",0,1,0,3,174,1,2,2,1,3
1476,1241,0,1241,0,33,"NSW","Regional","6:00 AM - 12:00 PM",1,0,1,3,150,1,2,9,8,17
1234,4086,2260,1826,0,47,"SA","Regional","6:00 AM - 12:00 PM",1,0,0,1,54,4,4,4,3,7
565,3978,1977,2001,1,46,"NSW","Regional","6:00 PM - 12:00 AM",1,0,1,3,114,2,5,10,10,20
1270,4187,2300,1887,1,51,"NSW","Regional","6:00 AM - 12:00 PM",1,0,1,1,138,2,3,9,4,13
1663,4563,2446,2117,1,58,"QLD","Regional","6:00 PM - 12:00 AM",0,0,0,3,90,4,2,10,9,19
483,1445,1240,205,1,33,"NSW","Urban","6:00 PM - 12:00 AM",1,1,1,3,78,2,2,3,3,6
928,138,0,138,1,51,"VIC","Urban","6:00 AM - 12:00 PM",1,1,1,1,78,1,3,5,5,10
1736,327,0,327,1,28,"NSW","Urban","6:00 PM - 12:00 AM",1,1,0,1,36,2,2,0,0,0
546,1548,0,1548,1,50,"ACT","Regional","12:00 PM - 6:00 PM",0,0,0,3,174,4,2,2,1,3
1753,4525,2318,2207,0,49,"ACT","Remote","6:00 PM - 12:00 AM",0,0,1,2,174,4,3,7,6,13
30,1404,1175,229,1,35,"SA","Urban","12:00 AM - 6:00 AM",1,1,0,3,102,2,2,6,10,16
673,182,0,182,0,31,"NT","Urban","6:00 PM - 12:00 AM",0,1,0,3,48,1,3,4,3,7
149,4054,2194,1860,0,58,"NSW","Urban","12:00 AM - 6:00 AM",0,1,0,3,42,1,3,2,3,5
1342,281,0,281,1,24,"TAS","Regional","6:00 AM - 12:00 PM",1,1,0,3,168,1,5,4,2,6
1919,3920,2409,1511,0,46,"VIC","Urban","6:00 PM - 12:00 AM",0,0,0,3,96,1,4,9,10,19
546,1548,0,1548,1,50,"ACT","Regional","12:00 PM - 6:00 PM",0,0,0,3,174,4,2,2,1,3
1515,3077,1855,1222,0,58,"WA","Urban","6:00 AM - 12:00 PM",0,0,0,2,102,3,3,9,10,19
666,2760,1506,1254,1,40,"NSW","Urban","6:00 PM - 12:00 AM",0,1,0,3,84,2,4,7,8,15
170,1930,1599,331,1,36,"NSW","Urban","12:00 AM - 6:00 AM",1,1,1,2,12,2,4,8,4,12
1926,2046,1821,225,0,36,"SA","Urban","6:00 PM - 12:00 AM",0,0,0,1,96,1,3,7,6,13
1172,4462,2053,2409,0,59,"VIC","Regional","6:00 AM - 12:00 PM",0,0,0,3,24,3,4,6,2,8
905,2415,2013,402,1,57,"TAS","Regional","6:00 AM - 12:00 PM",0,0,1,3,150,2,4,10,10,20
1225,641,0,641,0,37,"WA","Urban","12:00 PM - 6:00 PM",1,1,1,1,108,1,4,4,7,11
1849,3526,2157,1369,1,46,"ACT","Urban","6:00 PM - 12:00 AM",1,0,1,1,156,2,5,6,10,16
1934,3513,2005,1508,0,44,"VIC","Regional","6:00 PM - 12:00 AM",0,0,0,3,150,3,3,7,7,14
1325,3393,2030,1363,0,57,"NSW","Urban","6:00 AM - 12:00 PM",1,0,0,3,54,1,4,1,4,5
1522,4108,2010,2098,0,42,"ACT","Regional","6:00 AM - 12:00 PM",0,0,1,3,162,2,4,9,9,18
235,1709,1490,219,0,34,"NT","Urban","12:00 AM - 6:00 AM",1,0,0,3,24,2,2,5,5,10
418,852,0,852,1,44,"VIC","Regional","6:00 PM - 12:00 AM",0,1,1,3,132,1,2,7,4,11
814,3958,1965,1993,0,43,"ACT","Urban","6:00 PM - 12:00 AM",0,1,0,1,162,2,3,0,3,3
826,1814,1505,309,0,38,"QLD","Urban","6:00 PM - 12:00 AM",1,0,0,3,108,2,4,10,10,20
1305,4264,2092,2172,1,51,"SA","Regional","6:00 AM - 12:00 PM",1,0,0,1,126,3,2,4,2,6
247,254,0,254,0,25,"NSW","Urban","12:00 PM - 6:00 PM",1,1,0,3,180,2,3,2,1,3
335,2160,1944,216,1,48,"NT","Urban","12:00 PM - 6:00 PM",0,0,0,3,138,2,4,8,10,18
1701,1505,1311,194,0,38,"VIC","Urban","6:00 PM - 12:00 AM",1,1,1,3,168,1,4,7,5,12
1415,3168,1786,1382,0,42,"VIC","Urban","6:00 AM - 12:00 PM",1,0,1,2,162,1,2,8,6,14
1213,315,0,315,1,22,"NSW","Urban","12:00 PM - 6:00 PM",1,1,0,2,174,2,3,4,8,12
1833,1231,1109,122,1,28,"NSW","Urban","6:00 PM - 12:00 AM",0,1,0,3,72,2,4,6,5,11
437,3174,1854,1320,1,52,"NSW","Urban","6:00 PM - 12:00 AM",0,0,0,3,114,2,2,5,4,9
852,2218,1706,512,1,40,"NSW","Urban","6:00 PM - 12:00 AM",1,1,1,3,102,2,3,10,10,20
663,3788,1893,1895,1,42,"QLD","Urban","6:00 PM - 12:00 AM",0,0,1,1,120,1,4,5,5,10
1829,3231,1992,1239,0,52,"NT","Urban","6:00 PM - 12:00 AM",1,0,0,1,84,4,2,10,10,20
11,1875,1606,269,0,44,"NSW","Urban","12:00 AM - 6:00 AM",1,1,1,2,162,1,4,7,10,17
1266,3725,1701,2024,0,58,"VIC","Urban","6:00 AM - 12:00 PM",1,0,0,1,72,3,3,7,4,11
458,4534,2616,1918,1,54,"NSW","Urban","12:00 PM - 6:00 PM",0,0,0,3,132,2,2,4,6,10
528,593,0,593,1,34,"NT","Urban","6:00 PM - 12:00 AM",0,1,1,3,42,1,2,10,5,15
364,1471,1306,165,1,20,"NT","Regional","6:00 PM - 12:00 AM",1,1,1,2,162,2,4,6,10,16
1940,769,0,769,0,25,"VIC","Urban","6:00 PM - 12:00 AM",1,0,0,3,90,2,2,7,6,13
60,237,0,237,1,54,"VIC","Urban","12:00 AM - 6:00 AM",1,1,1,1,156,1,3,3,2,5
1637,3506,1861,1645,0,59,"NT","Urban","6:00 PM - 12:00 AM",0,0,1,3,42,2,4,9,9,18
743,1103,0,1103,0,36,"NSW","Remote","6:00 PM - 12:00 AM",1,0,0,3,60,1,3,5,0,5
1129,825,0,825,0,39,"QLD","Urban","6:00 AM - 12:00 PM",1,1,0,3,174,1,3,7,6,13
812,4229,2287,1942,0,49,"NSW","Regional","6:00 PM - 12:00 AM",0,0,0,1,168,4,4,9,9,18
1283,1053,0,1053,0,44,"NSW","Urban","6:00 AM - 12:00 PM",1,1,0,2,54,1,1,7,10,17
1211,744,0,744,0,29,"VIC","Urban","6:00 AM - 12:00 PM",0,1,0,3,84,2,4,10,10,20
1304,475,0,475,0,30,"NSW","Regional","6:00 AM - 12:00 PM",0,1,0,2,48,2,3,4,3,7
1465,1270,0,1270,0,33,"NSW","Urban","6:00 AM - 12:00 PM",1,1,1,2,180,1,2,0,0,0
1910,219,0,219,1,53,"TAS","Regional","6:00 PM - 12:00 AM",0,0,0,3,102,1,5,10,10,20
1653,452,0,452,1,35,"VIC","Urban","6:00 PM - 12:00 AM",1,1,0,3,180,2,3,6,4,10
866,814,0,814,1,24,"NSW","Urban","6:00 PM - 12:00 AM",1,0,0,3,126,2,2,5,5,10
1815,446,0,446,0,27,"ACT","Urban","6:00 PM - 12:00 AM",0,1,1,2,132,1,4,10,10,20
880,214,0,214,1,47,"ACT","Urban","6:00 PM - 12:00 AM",1,0,0,3,162,1,4,6,6,12
796,4279,2349,1930,0,47,"WA","Urban","6:00 PM - 12:00 AM",0,0,0,2,66,3,3,10,10,20
999,1349,1147,202,0,24,"VIC","Urban","6:00 AM - 12:00 PM",1,1,1,3,174,1,4,2,0,2
1993,734,0,734,1,28,"QLD","Regional","6:00 PM - 12:00 AM",1,1,0,1,168,2,3,7,4,11
1006,263,0,263,1,25,"TAS","Urban","6:00 AM - 12:00 PM",1,1,0,2,96,2,4,10,10,20
1522,4108,2010,2098,0,42,"ACT","Regional","6:00 AM - 12:00 PM",0,0,1,3,162,2,4,9,9,18
977,1471,0,1471,1,48,"NSW","Regional","6:00 AM - 12:00 PM",0,0,0,3,24,1,2,4,3,7
1371,361,0,361,0,23,"NT","Urban","6:00 AM - 12:00 PM",0,1,0,3,84,2,3,9,9,18
499,319,0,319,0,24,"VIC","Urban","6:00 PM - 12:00 AM",0,1,1,3,36,1,3,6,9,15
346,172,0,172,1,26,"VIC","Regional","6:00 PM - 12:00 AM",1,1,0,3,84,1,2,4,4,8
1364,1475,1181,294,0,26,"NSW","Urban","6:00 AM - 12:00 PM",0,1,0,3,156,1,4,9,8,17
1234,4086,2260,1826,0,47,"SA","Regional","6:00 AM - 12:00 PM",1,0,0,1,54,4,4,4,3,7
870,3238,1933,1305,0,41,"NSW","Urban","6:00 PM - 12:00 AM",0,0,1,3,144,1,2,10,10,20
1107,3031,1782,1249,1,58,"NSW","Urban","6:00 AM - 12:00 PM",0,0,0,3,30,3,3,6,1,7
881,1112,0,1112,1,54,"QLD","Regional","6:00 AM - 12:00 PM",0,0,0,3,18,2,3,6,5,11
1627,245,0,245,0,24,"QLD","Urban","6:00 PM - 12:00 AM",1,1,1,2,96,1,5,7,7,14
1418,4224,1990,2234,0,49,"SA","Urban","6:00 AM - 12:00 PM",0,0,0,3,180,3,4,6,6,12
501,196,0,196,1,30,"TAS","Regional","6:00 PM - 12:00 AM",0,1,1,1,78,1,4,10,10,20
284,3464,1887,1577,1,51,"NT","Remote","12:00 AM - 6:00 AM",0,0,1,3,150,3,3,4,2,6
568,3383,1926,1457,0,53,"VIC","Regional","6:00 PM - 12:00 AM",1,0,0,2,30,2,3,4,5,9
931,1729,1454,275,1,40,"VIC","Urban","6:00 AM - 12:00 PM",1,1,1,3,90,1,3,10,10,20
1727,3813,1790,2023,1,54,"TAS","Urban","6:00 PM - 12:00 AM",1,0,0,3,90,2,2,4,3,7
344,1726,1381,345,0,42,"QLD","Urban","6:00 PM - 12:00 AM",1,1,0,2,60,2,3,5,5,10
1384,1697,1507,190,1,29,"VIC","Urban","6:00 AM - 12:00 PM",1,1,1,3,102,2,3,8,8,16
869,3620,2083,1537,0,47,"NT","Remote","6:00 PM - 12:00 AM",0,1,0,3,132,2,3,10,10,20
1282,1370,1233,137,1,31,"TAS","Remote","6:00 AM - 12:00 PM",1,1,0,1,144,1,3,4,8,12
227,3523,1869,1654,0,49,"VIC","Urban","12:00 AM - 6:00 AM",0,0,0,3,150,2,1,7,2,9
454,4403,2335,2068,0,49,"NSW","Regional","6:00 PM - 12:00 AM",1,0,1,3,102,1,3,8,8,16
1134,142,0,142,1,26,"TAS","Remote","6:00 AM - 12:00 PM",1,1,0,2,180,1,2,3,6,9
956,486,0,486,1,37,"NT","Remote","6:00 AM - 12:00 PM",1,1,1,3,114,1,3,10,10,20
1954,1243,0,1243,1,37,"VIC","Regional","6:00 PM - 12:00 AM",1,0,1,2,42,2,3,10,5,15
258,303,0,303,0,25,"NT","Urban","12:00 PM - 6:00 PM",1,1,1,2,114,1,2,6,5,11
1688,208,0,208,1,43,"SA","Urban","6:00 PM - 12:00 AM",1,1,1,2,30,1,4,6,8,14
855,1820,1493,327,0,26,"QLD","Regional","6:00 PM - 12:00 AM",1,0,0,2,78,1,1,10,10,20
1914,2678,1456,1222,1,34,"QLD","Urban","6:00 PM - 12:00 AM",0,0,1,3,30,3,5,5,5,10
979,718,0,718,0,38,"VIC","Urban","12:00 PM - 6:00 PM",1,1,0,2,42,1,2,3,2,5
401,3479,1683,1796,1,47,"NSW","Urban","6:00 PM - 12:00 AM",0,0,1,3,72,1,3,10,10,20
1438,2714,1553,1161,1,36,"TAS","Remote","6:00 AM - 12:00 PM",1,0,1,3,18,4,2,0,0,0
1428,4284,2202,2082,0,53,"NSW","Urban","6:00 AM - 12:00 PM",0,0,1,3,24,4,2,3,0,3
1773,1458,1272,186,1,38,"VIC","Urban","6:00 PM - 12:00 AM",1,1,0,1,18,1,3,0,0,0
1698,3101,1842,1259,0,60,"SA","Urban","6:00 PM - 12:00 AM",0,0,1,3,36,3,2,10,7,17
1187,3998,2232,1766,0,53,"TAS","Urban","6:00 AM - 12:00 PM",0,0,0,3,102,4,4,10,10,20
190,3779,2016,1763,1,60,"NSW","Regional","12:00 AM - 6:00 AM",0,0,0,3,96,2,3,10,10,20
1593,2936,1721,1215,0,47,"NSW","Urban","6:00 AM - 12:00 PM",0,1,0,3,168,2,3,3,0,3
1835,2606,1751,855,0,44,"ACT","Urban","12:00 PM - 6:00 PM",0,1,0,3,120,1,4,6,7,13
1244,770,0,770,1,38,"ACT","Urban","6:00 AM - 12:00 PM",1,1,1,1,150,2,3,9,9,18
1633,749,0,749,1,35,"VIC","Urban","6:00 PM - 12:00 AM",1,1,0,3,54,2,3,3,3,6
1819,1419,1302,117,1,37,"NSW","Urban","6:00 PM - 12:00 AM",1,1,0,1,84,2,3,10,9,19
83,363,0,363,1,20,"NSW","Regional","12:00 AM - 6:00 AM",0,1,0,3,102,1,2,6,2,8
1369,3552,1808,1744,0,50,"VIC","Urban","12:00 PM - 6:00 PM",0,0,0,1,84,3,2,8,8,16
1041,153,0,153,1,29,"VIC","Regional","6:00 AM - 12:00 PM",1,1,0,3,42,1,2,4,3,7
124,811,0,811,1,29,"SA","Urban","12:00 AM - 6:00 AM",1,0,0,3,156,1,4,7,6,13
752,1409,0,1409,1,35,"VIC","Regional","6:00 PM - 12:00 AM",1,1,1,2,66,1,4,5,9,14
32,395,0,395,1,24,"NT","Urban","12:00 AM - 6:00 AM",0,1,1,2,30,2,3,0,0,0
1130,971,0,971,0,40,"SA","Regional","6:00 AM - 12:00 PM",1,1,1,1,156,1,3,7,10,17
1101,977,0,977,1,31,"NSW","Regional","12:00 PM - 6:00 PM",1,1,0,3,102,1,3,10,9,19
482,236,0,236,0,47,"QLD","Regional","6:00 PM - 12:00 AM",1,1,1,3,162,1,2,6,7,13
1684,3121,1780,1341,0,56,"NSW","Urban","6:00 PM - 12:00 AM",0,0,1,3,114,4,4,8,10,18
772,3290,1788,1502,0,44,"ACT","Urban","6:00 PM - 12:00 AM",0,0,0,3,30,3,3,4,3,7
508,1594,1300,294,1,31,"TAS","Urban","6:00 PM - 12:00 AM",0,1,0,1,12,2,4,4,1,5
753,4461,2163,2298,0,41,"NSW","Regional","6:00 PM - 12:00 AM",0,0,0,2,12,4,4,7,4,11
864,4434,2090,2344,0,48,"QLD","Urban","6:00 PM - 12:00 AM",0,1,0,3,162,4,3,4,8,12
538,3942,1956,1986,1,52,"NT","Remote","6:00 PM - 12:00 AM",0,0,1,2,126,4,3,9,5,14
21,581,0,581,1,31,"TAS","Regional","12:00 AM - 6:00 AM",1,1,1,3,132,2,3,3,2,5
1265,975,0,975,0,39,"NSW","Remote","6:00 AM - 12:00 PM",0,1,0,2,132,2,2,4,2,6
2,1469,0,1469,1,39,"VIC","Urban","12:00 PM - 6:00 PM",1,1,1,3,24,1,3,6,2,8
427,298,0,298,0,24,"NSW","Regional","6:00 PM - 12:00 AM",0,1,1,1,84,1,3,10,10,20
959,2828,1675,1153,1,59,"VIC","Urban","6:00 AM - 12:00 PM",1,1,1,1,36,2,3,6,4,10
183,190,0,190,1,57,"NSW","Urban","12:00 AM - 6:00 AM",1,0,0,3,132,1,4,4,5,9
867,2624,1453,1171,1,45,"TAS","Urban","6:00 PM - 12:00 AM",0,0,1,3,138,1,4,4,7,11
1932,4102,2313,1789,0,55,"NSW","Urban","6:00 PM - 12:00 AM",0,0,1,3,72,3,3,10,9,19
761,3196,1795,1401,0,47,"NSW","Urban","6:00 PM - 12:00 AM",0,0,0,1,174,4,4,3,7,10
1569,624,0,624,1,35,"NSW","Urban","12:00 PM - 6:00 PM",0,1,0,3,174,1,2,0,0,0
703,1157,0,1157,1,30,"SA","Urban","6:00 PM - 12:00 AM",1,1,1,2,126,2,1,4,4,8
1878,3734,2082,1652,1,41,"VIC","Remote","6:00 PM - 12:00 AM",0,1,1,3,138,4,3,8,4,12
113,360,0,360,0,30,"SA","Regional","12:00 PM - 6:00 PM",1,1,0,3,96,1,1,8,10,18
300,177,0,177,1,53,"NSW","Regional","12:00 AM - 6:00 AM",1,0,0,3,42,1,4,3,3,6
1179,359,0,359,1,26,"NSW","Urban","6:00 AM - 12:00 PM",1,1,1,1,144,1,1,4,3,7
173,171,0,171,0,57,"QLD","Remote","12:00 AM - 6:00 AM",1,0,0,3,102,1,3,8,5,13
1224,833,0,833,1,30,"TAS","Urban","12:00 PM - 6:00 PM",1,1,0,2,66,1,3,5,5,10
1104,941,0,941,0,30,"TAS","Regional","6:00 AM - 12:00 PM",1,1,0,3,120,1,3,3,3,6
1899,1457,1269,188,1,27,"NT","Remote","6:00 PM - 12:00 AM",1,0,0,3,90,1,4,10,9,19
573,484,0,484,0,36,"NSW","Regional","6:00 PM - 12:00 AM",0,1,0,1,156,2,3,7,10,17
1232,3229,1698,1531,0,49,"NT","Urban","6:00 AM - 12:00 PM",1,0,0,3,48,3,2,2,5,7
1415,3168,1786,1382,0,42,"VIC","Urban","6:00 AM - 12:00 PM",1,0,1,2,162,1,2,8,6,14
1992,1988,1804,184,0,38,"SA","Urban","6:00 PM - 12:00 AM",1,1,0,3,156,2,4,5,7,12
364,1471,1306,165,1,20,"NT","Regional","6:00 PM - 12:00 AM",1,1,1,2,162,2,4,6,10,16
1449,4140,2395,1745,0,52,"QLD","Urban","6:00 AM - 12:00 PM",0,0,0,3,120,3,2,7,7,14
1912,375,0,375,0,24,"NSW","Urban","6:00 PM - 12:00 AM",1,0,0,2,30,1,4,2,3,5
639,4369,2247,2122,1,55,"NSW","Urban","6:00 PM - 12:00 AM",1,0,1,3,24,2,5,8,8,16
1720,1561,1301,260,1,26,"NT","Urban","6:00 PM - 12:00 AM",0,1,0,3,90,1,4,9,10,19
731,3649,1754,1895,0,41,"TAS","Urban","6:00 PM - 12:00 AM",0,0,0,3,72,4,2,9,10,19
1655,614,0,614,0,28,"VIC","Urban","6:00 PM - 12:00 AM",1,1,0,3,36,1,3,4,4,8
1280,1577,1377,200,0,39,"VIC","Regional","12:00 PM - 6:00 PM",1,1,1,3,156,2,3,7,7,14
824,4159,1829,2330,1,57,"NSW","Urban","12:00 PM - 6:00 PM",1,0,0,1,60,4,4,7,6,13
1457,422,0,422,1,25,"NSW","Urban","6:00 AM - 12:00 PM",0,0,1,1,162,2,2,2,1,3
691,431,0,431,1,28,"WA","Urban","12:00 PM - 6:00 PM",0,1,0,3,60,2,4,10,10,20
965,234,0,234,1,39,"VIC","Regional","6:00 AM - 12:00 PM",1,1,0,1,174,1,2,2,3,5
564,213,0,213,0,37,"VIC","Regional","6:00 PM - 12:00 AM",1,1,0,3,42,1,4,7,6,13
154,4206,2017,2189,0,51,"QLD","Urban","12:00 AM - 6:00 AM",0,1,1,3,90,1,4,3,7,10
752,1409,0,1409,1,35,"VIC","Regional","6:00 PM - 12:00 AM",1,1,1,2,66,1,4,5,9,14
415,1378,1136,242,0,37,"NSW","Urban","6:00 PM - 12:00 AM",0,1,1,3,114,1,3,8,7,15
240,3127,1987,1140,0,42,"NSW","Urban","12:00 AM - 6:00 AM",0,0,0,3,90,4,3,8,7,15
539,3902,1871,2031,0,46,"WA","Urban","6:00 PM - 12:00 AM",1,0,0,3,30,4,4,5,5,10
1407,1752,1406,346,0,26,"WA","Regional","6:00 AM - 12:00 PM",0,1,1,2,48,1,3,7,6,13
648,3941,2070,1871,0,52,"NSW","Urban","6:00 PM - 12:00 AM",1,0,0,3,132,4,4,7,7,14
862,230,0,230,1,34,"SA","Remote","6:00 PM - 12:00 AM",1,0,1,3,114,1,3,9,10,19
744,3919,1880,2039,0,59,"VIC","Urban","6:00 PM - 12:00 AM",0,0,1,3,126,2,3,5,7,12
693,2970,1594,1376,0,42,"WA","Urban","6:00 PM - 12:00 AM",1,0,1,3,126,3,2,9,8,17
1319,1616,1292,324,1,38,"VIC","Urban","6:00 AM - 12:00 PM",0,1,1,3,84,2,2,4,4,8
1975,660,0,660,1,27,"NSW","Urban","6:00 PM - 12:00 AM",1,1,1,1,18,1,3,1,0,1
1993,734,0,734,1,28,"QLD","Regional","6:00 PM - 12:00 AM",1,1,0,1,168,2,3,7,4,11
746,4795,2651,2144,1,52,"ACT","Urban","12:00 PM - 6:00 PM",1,0,1,3,120,3,4,8,8,16
1029,776,0,776,0,34,"VIC","Remote","6:00 AM - 12:00 PM",1,1,0,2,72,1,3,7,6,13
1271,277,0,277,0,21,"SA","Regional","6:00 AM - 12:00 PM",1,1,1,3,18,1,3,0,0,0
1431,2492,1519,973,1,35,"VIC","Urban","6:00 AM - 12:00 PM",1,0,0,3,168,2,3,2,5,7
744,3919,1880,2039,0,59,"VIC","Urban","6:00 PM - 12:00 AM",0,0,1,3,126,2,3,5,7,12
729,4214,2619,1595,0,59,"SA","Urban","6:00 PM - 12:00 AM",1,0,1,2,90,3,4,8,10,18
230,444,0,444,1,28,"VIC","Urban","12:00 AM - 6:00 AM",1,0,1,3,120,1,3,1,5,6
1533,1606,1305,301,0,26,"NSW","Remote","6:00 AM - 12:00 PM",1,1,0,3,48,2,3,5,4,9
1898,192,0,192,0,47,"NT","Urban","6:00 PM - 12:00 AM",0,0,0,1,78,1,3,10,10,20
263,2675,1488,1187,0,49,"VIC","Urban","12:00 AM - 6:00 AM",0,0,0,3,144,1,3,4,2,6
1348,919,0,919,1,36,"NSW","Urban","6:00 AM - 12:00 PM",1,1,0,1,114,1,3,6,6,12
416,1302,0,1302,1,40,"ACT","Urban","6:00 PM - 12:00 AM",0,1,1,3,42,1,4,10,6,16
296,3996,2074,1922,0,42,"ACT","Regional","12:00 AM - 6:00 AM",0,1,1,3,54,3,2,3,4,7
584,4348,2378,1970,0,57,"ACT","Urban","6:00 PM - 12:00 AM",0,0,1,3,138,1,3,9,6,15
1289,4260,2006,2254,0,47,"WA","Remote","6:00 AM - 12:00 PM",0,0,1,3,102,4,4,4,7,11
305,3536,1852,1684,0,59,"WA","Urban","6:00 PM - 12:00 AM",0,0,0,3,48,3,1,5,3,8
271,474,0,474,1,24,"NSW","Regional","12:00 AM - 6:00 AM",1,0,1,3,54,2,4,4,7,11
1233,3724,1951,1773,1,55,"VIC","Remote","6:00 AM - 12:00 PM",1,0,0,3,174,4,4,5,1,6
459,4704,2548,2156,0,46,"NSW","Regional","6:00 PM - 12:00 AM",1,0,0,3,90,3,2,5,8,13
264,3586,2147,1439,0,52,"NT","Regional","12:00 AM - 6:00 AM",0,0,0,1,48,2,5,10,10,20
1406,324,0,324,1,25,"QLD","Urban","6:00 AM - 12:00 PM",1,0,0,3,72,2,4,5,6,11
802,353,0,353,0,24,"TAS","Urban","12:00 PM - 6:00 PM",0,1,0,3,90,2,4,5,4,9
1342,281,0,281,1,24,"TAS","Regional","6:00 AM - 12:00 PM",1,1,0,3,168,1,5,4,2,6
1670,1727,1428,299,1,35,"ACT","Urban","6:00 PM - 12:00 AM",1,1,0,1,84,2,2,5,4,9
384,4208,2092,2116,1,55,"NSW","Urban","6:00 PM - 12:00 AM",0,0,0,2,132,2,2,6,5,11
893,1465,0,1465,1,43,"QLD","Urban","6:00 AM - 12:00 PM",1,1,0,1,126,4,2,6,4,10
843,1317,1160,157,0,28,"NSW","Urban","6:00 PM - 12:00 AM",1,1,0,3,150,2,4,8,8,16
1684,3121,1780,1341,0,56,"NSW","Urban","6:00 PM - 12:00 AM",0,0,1,3,114,4,4,8,10,18
1388,2735,1586,1149,1,59,"QLD","Urban","6:00 AM - 12:00 PM",0,1,0,3,180,1,4,0,0,0
1878,3734,2082,1652,1,41,"VIC","Remote","6:00 PM - 12:00 AM",0,1,1,3,138,4,3,8,4,12
435,1552,1244,308,1,39,"NSW","Urban","12:00 PM - 6:00 PM",1,1,1,2,138,2,3,7,7,14
1173,519,0,519,1,28,"TAS","Urban","6:00 AM - 12:00 PM",1,1,1,3,162,2,2,0,2,2
1235,210,0,210,1,24,"NSW","Remote","6:00 AM - 12:00 PM",1,1,0,2,126,1,4,4,8,12
540,244,0,244,0,50,"NT","Urban","6:00 PM - 12:00 AM",0,1,0,2,180,1,2,0,0,0
1404,1602,1314,288,1,39,"ACT","Urban","6:00 AM - 12:00 PM",0,0,0,3,30,1,2,3,4,7
1578,210,0,210,1,47,"VIC","Urban","6:00 AM - 12:00 PM",1,0,0,3,168,1,2,3,0,3
34,1859,1464,395,0,45,"TAS","Urban","12:00 AM - 6:00 AM",1,1,0,1,60,1,2,2,1,3
1395,679,0,679,1,34,"VIC","Regional","6:00 AM - 12:00 PM",1,1,1,1,72,1,2,5,5,10
1919,3920,2409,1511,0,46,"VIC","Urban","6:00 PM - 12:00 AM",0,0,0,3,96,1,4,9,10,19
1740,427,0,427,1,29,"WA","Urban","6:00 PM - 12:00 AM",1,1,0,2,102,2,3,9,9,18
2,1469,0,1469,1,39,"VIC","Urban","12:00 PM - 6:00 PM",1,1,1,3,24,1,3,6,2,8
826,1814,1505,309,0,38,"QLD","Urban","6:00 PM - 12:00 AM",1,0,0,3,108,2,4,10,10,20
749,3363,1764,1599,1,52,"QLD","Urban","6:00 PM - 12:00 AM",0,0,0,2,114,3,2,6,6,12
189,1853,1477,376,0,29,"TAS","Urban","12:00 AM - 6:00 AM",1,1,1,3,138,2,4,9,10,19
1194,4267,2263,2004,0,51,"NSW","Urban","6:00 AM - 12:00 PM",0,0,0,3,102,3,3,7,7,14
1336,4836,2572,2264,0,52,"WA","Urban","12:00 PM - 6:00 PM",1,0,1,3,30,3,2,7,7,14
3,167,0,167,0,37,"VIC","Urban","12:00 PM - 6:00 PM",1,1,0,3,18,1,3,7,2,9
252,3073,1705,1368,1,48,"NT","Regional","12:00 AM - 6:00 AM",0,0,0,3,42,2,3,8,8,16
259,3483,2021,1462,1,42,"NSW","Urban","12:00 AM - 6:00 AM",0,1,0,2,84,2,3,4,3,7
355,3412,1973,1439,1,60,"VIC","Regional","6:00 PM - 12:00 AM",0,0,1,1,102,4,2,7,4,11
99,1654,1333,321,0,27,"WA","Urban","12:00 AM - 6:00 AM",1,0,0,1,138,1,3,1,3,4
34,1859,1464,395,0,45,"TAS","Urban","12:00 AM - 6:00 AM",1,1,0,1,60,1,2,2,1,3
1494,4909,2478,2431,0,53,"VIC","Regional","6:00 AM - 12:00 PM",0,0,0,3,66,3,2,5,5,10
417,1937,1595,342,1,42,"VIC","Urban","6:00 PM - 12:00 AM",0,1,0,2,162,2,3,3,7,10
178,3933,2223,1710,1,53,"NSW","Urban","12:00 AM - 6:00 AM",0,0,1,3,180,2,4,1,1,2
1966,4179,2195,1984,1,51,"NSW","Urban","6:00 PM - 12:00 AM",0,0,0,3,90,1,3,4,5,9
76,603,0,603,1,26,"NSW","Regional","12:00 AM - 6:00 AM",0,1,1,1,12,1,3,0,0,0
918,303,0,303,0,24,"VIC","Urban","6:00 AM - 12:00 PM",1,1,0,3,102,1,4,10,5,15
977,1471,0,1471,1,48,"NSW","Regional","6:00 AM - 12:00 PM",0,0,0,3,24,1,2,4,3,7
1854,4296,2417,1879,0,46,"VIC","Remote","6:00 PM - 12:00 AM",1,0,1,2,150,4,2,9,6,15
731,3649,1754,1895,0,41,"TAS","Urban","6:00 PM - 12:00 AM",0,0,0,3,72,4,2,9,10,19
202,283,0,283,0,20,"TAS","Urban","12:00 PM - 6:00 PM",1,1,0,3,84,1,3,3,3,6
683,4119,2222,1897,0,56,"QLD","Regional","6:00 PM - 12:00 AM",0,0,1,1,156,4,1,8,7,15
1898,192,0,192,0,47,"NT","Urban","6:00 PM - 12:00 AM",0,0,0,1,78,1,3,10,10,20
30,1404,1175,229,1,35,"SA","Urban","12:00 AM - 6:00 AM",1,1,0,3,102,2,2,6,10,16
805,4487,2791,1696,0,47,"NT","Remote","6:00 PM - 12:00 AM",0,0,0,3,120,3,4,10,10,20
233,2915,1953,962,1,55,"VIC","Urban","12:00 AM - 6:00 AM",0,0,0,3,24,3,2,5,8,13
1093,3602,1983,1619,1,56,"NSW","Urban","6:00 AM - 12:00 PM",0,0,0,3,12,4,3,0,0,0
1552,1871,1673,198,0,36,"NSW","Regional","6:00 AM - 12:00 PM",1,1,1,2,48,1,4,10,9,19
1908,1495,0,1495,1,36,"QLD","Urban","6:00 PM - 12:00 AM",1,0,0,3,90,1,4,5,5,10
388,179,0,179,0,55,"QLD","Urban","6:00 PM - 12:00 AM",1,1,0,3,18,1,3,0,0,0
1878,3734,2082,1652,1,41,"VIC","Remote","6:00 PM - 12:00 AM",0,1,1,3,138,4,3,8,4,12
747,194,0,194,1,24,"TAS","Regional","6:00 PM - 12:00 AM",1,0,1,3,36,1,5,9,9,18
1761,4545,2567,1978,0,57,"NSW","Urban","6:00 PM - 12:00 AM",0,0,0,3,54,4,1,9,9,18
1802,3762,1865,1897,0,46,"NSW","Urban","12:00 PM - 6:00 PM",0,0,1,1,114,4,3,10,10,20
282,3499,1921,1578,0,45,"NT","Urban","12:00 AM - 6:00 AM",0,1,0,2,66,3,3,6,5,11
1467,367,0,367,0,21,"NSW","Urban","6:00 AM - 12:00 PM",1,1,1,3,138,2,4,4,7,11
2,1469,0,1469,1,39,"VIC","Urban","12:00 PM - 6:00 PM",1,1,1,3,24,1,3,6,2,8
650,3915,2296,1619,0,56,"ACT","Urban","6:00 PM - 12:00 AM",1,0,0,3,162,2,3,1,0,1
1496,174,0,174,1,56,"NSW","Regional","6:00 AM - 12:00 PM",1,0,1,1,102,1,2,8,8,16
772,3290,1788,1502,0,44,"ACT","Urban","6:00 PM - 12:00 AM",0,0,0,3,30,3,3,4,3,7
1412,192,0,192,0,28,"QLD","Urban","6:00 AM - 12:00 PM",1,0,0,2,84,1,3,6,2,8
1726,957,0,957,0,35,"NSW","Urban","6:00 PM - 12:00 AM",0,1,1,1,150,2,3,1,4,5
913,3276,2150,1126,0,50,"NSW","Remote","12:00 PM - 6:00 PM",0,0,1,1,78,2,4,10,10,20
275,1495,1326,169,1,27,"TAS","Urban","12:00 AM - 6:00 AM",1,0,0,1,138,2,3,7,4,11
534,795,0,795,0,31,"NSW","Urban","6:00 PM - 12:00 AM",0,1,0,1,114,2,2,4,3,7
1883,1651,1409,242,1,24,"WA","Urban","6:00 PM - 12:00 AM",0,0,0,3,180,1,4,0,3,3
341,1311,1166,145,0,25,"ACT","Regional","6:00 PM - 12:00 AM",1,1,0,3,36,1,1,8,6,14
642,3229,1879,1350,1,59,"NSW","Urban","6:00 PM - 12:00 AM",1,1,0,3,132,2,3,8,3,11
181,3958,2064,1894,1,57,"ACT","Regional","12:00 AM - 6:00 AM",0,0,1,3,36,1,1,2,3,5
706,3357,1946,1411,0,59,"NSW","Remote","6:00 PM - 12:00 AM",0,0,0,3,162,2,2,2,2,4
1929,4346,2401,1945,1,44,"NT","Urban","6:00 PM - 12:00 AM",1,0,0,3,132,4,4,8,7,15
201,4456,2135,2321,1,52,"NSW","Urban","12:00 AM - 6:00 AM",0,0,1,1,174,4,3,8,5,13
329,195,0,195,0,20,"VIC","Urban","6:00 PM - 12:00 AM",1,1,1,2,174,1,3,0,1,1
1382,1536,1367,169,1,26,"QLD","Urban","6:00 AM - 12:00 PM",1,1,1,3,42,2,2,0,0,0
1947,177,0,177,1,21,"NSW","Urban","6:00 PM - 12:00 AM",1,1,1,3,180,1,4,0,2,2
1104,941,0,941,0,30,"TAS","Regional","6:00 AM - 12:00 PM",1,1,0,3,120,1,3,3,3,6
1247,1661,1340,321,0,33,"TAS","Urban","12:00 PM - 6:00 PM",1,1,1,1,24,2,2,2,0,2
859,360,0,360,1,22,"WA","Urban","6:00 PM - 12:00 AM",1,0,1,3,150,2,2,7,3,10
723,2853,1666,1187,1,49,"QLD","Urban","6:00 PM - 12:00 AM",0,1,0,3,42,3,2,7,3,10
1782,515,0,515,1,37,"NSW","Urban","6:00 PM - 12:00 AM",0,1,0,1,144,2,4,10,10,20
273,3301,1992,1309,1,40,"NT","Urban","12:00 AM - 6:00 AM",0,0,1,3,72,2,4,5,5,10
36,754,0,754,0,31,"NT","Remote","12:00 PM - 6:00 PM",1,1,0,2,102,1,1,10,9,19
643,4266,2359,1907,0,52,"QLD","Urban","6:00 PM - 12:00 AM",1,0,0,2,24,1,3,4,8,12
1019,622,0,622,0,38,"VIC","Regional","6:00 AM - 12:00 PM",1,1,0,3,66,1,4,10,10,20
1334,2732,1730,1002,0,42,"NT","Remote","6:00 AM - 12:00 PM",1,1,0,3,24,1,4,4,4,8
704,929,0,929,0,30,"NSW","Urban","6:00 PM - 12:00 AM",0,0,0,2,156,1,3,8,5,13
1803,1888,1634,254,1,37,"VIC","Urban","6:00 PM - 12:00 AM",0,1,0,3,84,2,4,10,10,20
1328,405,0,405,1,24,"NSW","Urban","6:00 AM - 12:00 PM",0,1,0,3,18,2,3,2,2,4
569,3527,2169,1358,1,50,"NSW","Regional","12:00 PM - 6:00 PM",0,0,1,2,126,1,4,10,10,20
898,1064,0,1064,1,51,"TAS","Urban","6:00 AM - 12:00 PM",0,0,0,3,48,1,3,4,3,7
1157,3078,1913,1165,1,54,"NSW","Urban","6:00 AM - 12:00 PM",0,0,0,3,48,4,4,6,6,12
400,222,0,222,1,21,"NSW","Regional","6:00 PM - 12:00 AM",1,1,0,3,72,1,3,4,5,9
71,309,0,309,0,21,"NSW","Urban","12:00 AM - 6:00 AM",0,1,1,3,78,1,2,6,5,11
121,1345,0,1345,0,39,"VIC","Urban","12:00 AM - 6:00 AM",0,0,0,2,72,1,3,9,9,18
890,390,0,390,1,22,"VIC","Urban","12:00 PM - 6:00 PM",1,1,1,3,126,1,3,8,5,13
1648,1375,0,1375,0,50,"SA","Urban","6:00 PM - 12:00 AM",0,1,1,2,90,2,3,6,6,12
1945,4365,2491,1874,0,51,"NSW","Regional","6:00 PM - 12:00 AM",0,0,1,2,138,4,3,9,10,19
1305,4264,2092,2172,1,51,"SA","Regional","6:00 AM - 12:00 PM",1,0,0,1,126,3,2,4,2,6
839,2826,1687,1139,1,60,"SA","Regional","6:00 PM - 12:00 AM",0,1,0,3,168,4,2,0,0,0
456,256,0,256,1,56,"NSW","Urban","6:00 PM - 12:00 AM",0,1,0,2,30,1,3,3,2,5
1908,1495,0,1495,1,36,"QLD","Urban","6:00 PM - 12:00 AM",1,0,0,3,90,1,4,5,5,10
1149,2679,1656,1023,0,40,"WA","Regional","6:00 AM - 12:00 PM",1,1,0,3,90,3,3,7,7,14
1749,1716,1372,344,1,34,"NSW","Urban","6:00 PM - 12:00 AM",1,1,1,1,54,2,4,9,5,14
190,3779,2016,1763,1,60,"NSW","Regional","12:00 AM - 6:00 AM",0,0,0,3,96,2,3,10,10,20
1427,2901,1617,1284,1,55,"NSW","Regional","6:00 AM - 12:00 PM",0,1,1,3,162,4,2,5,4,9
1083,1430,1260,170,0,27,"NT","Regional","6:00 AM - 12:00 PM",1,1,1,3,72,1,2,7,5,12
1489,4181,2112,2069,0,53,"TAS","Urban","6:00 AM - 12:00 PM",0,0,1,2,174,1,1,4,5,9
1763,2071,1556,515,1,44,"NSW","Remote","6:00 PM - 12:00 AM",1,1,0,3,168,1,3,10,5,15
1106,239,0,239,0,21,"NSW","Regional","6:00 AM - 12:00 PM",1,1,0,3,96,1,3,10,10,20
545,1167,0,1167,1,36,"SA","Urban","6:00 PM - 12:00 AM",1,1,0,1,24,2,3,0,0,0
114,454,0,454,1,24,"VIC","Urban","12:00 PM - 6:00 PM",1,1,0,3,132,1,3,8,3,11
1848,288,0,288,1,27,"NT","Urban","6:00 PM - 12:00 AM",0,1,0,3,108,1,2,7,6,13
904,511,0,511,1,23,"WA","Regional","6:00 AM - 12:00 PM",1,1,0,2,96,2,3,8,7,15
1425,3710,2054,1656,0,46,"NT","Regional","6:00 AM - 12:00 PM",1,1,0,2,162,2,4,6,6,12
1709,482,0,482,1,28,"NSW","Regional","6:00 PM - 12:00 AM",1,1,1,1,174,1,2,0,3,3
1628,235,0,235,0,19,"VIC","Regional","6:00 PM - 12:00 AM",1,1,0,3,120,2,2,10,10,20
847,2179,1923,256,1,38,"NSW","Urban","6:00 PM - 12:00 AM",1,1,1,3,36,2,3,10,6,16
98,448,0,448,1,21,"NSW","Urban","12:00 AM - 6:00 AM",0,0,0,3,132,1,3,10,10,20
370,158,0,158,0,27,"VIC","Urban","6:00 PM - 12:00 AM",1,1,1,3,90,1,4,4,7,11
1614,1221,1042,179,1,26,"QLD","Urban","6:00 AM - 12:00 PM",1,0,1,1,54,1,2,3,4,7
997,283,0,283,0,25,"VIC","Regional","6:00 AM - 12:00 PM",1,1,0,3,42,2,3,4,3,7
1881,2967,1773,1194,0,50,"SA","Regional","6:00 PM - 12:00 AM",0,0,0,3,138,2,2,10,10,20
869,3620,2083,1537,0,47,"NT","Remote","6:00 PM - 12:00 AM",0,1,0,3,132,2,3,10,10,20
1842,4426,2427,1999,1,47,"NSW","Urban","6:00 PM - 12:00 AM",1,0,0,3,114,2,4,8,7,15
1848,288,0,288,1,27,"NT","Urban","6:00 PM - 12:00 AM",0,1,0,3,108,1,2,7,6,13
1490,841,0,841,0,28,"VIC","Remote","6:00 AM - 12:00 PM",1,1,0,3,174,2,4,5,3,8
183,190,0,190,1,57,"NSW","Urban","12:00 AM - 6:00 AM",1,0,0,3,132,1,4,4,5,9
1735,4322,2176,2146,0,53,"NT","Urban","12:00 PM - 6:00 PM",0,0,1,3,132,2,3,10,10,20
920,2744,1376,1368,1,57,"VIC","Urban","6:00 AM - 12:00 PM",0,1,0,3,168,3,3,6,5,11
1423,3445,1937,1508,0,54,"QLD","Regional","6:00 AM - 12:00 PM",0,0,0,3,150,3,2,5,4,9
1797,3242,1613,1629,1,59,"SA","Regional","6:00 PM - 12:00 AM",0,0,0,3,168,2,3,2,2,4
1382,1536,1367,169,1,26,"QLD","Urban","6:00 AM - 12:00 PM",1,1,1,3,42,2,2,0,0,0
1776,4036,2373,1663,1,60,"NSW","Regional","6:00 PM - 12:00 AM",0,0,0,1,12,3,4,1,5,6
888,1373,1137,236,1,21,"WA","Urban","6:00 AM - 12:00 PM",1,1,0,3,48,1,3,3,1,4
1008,1966,1460,506,0,49,"VIC","Urban","6:00 AM - 12:00 PM",0,1,0,3,18,2,2,0,2,2
913,3276,2150,1126,0,50,"NSW","Remote","12:00 PM - 6:00 PM",0,0,1,1,78,2,4,10,10,20
489,4007,2348,1659,0,53,"QLD","Regional","6:00 PM - 12:00 AM",1,0,0,3,84,4,4,9,10,19
1992,1988,1804,184,0,38,"SA","Urban","6:00 PM - 12:00 AM",1,1,0,3,156,2,4,5,7,12
681,4192,1949,2243,0,58,"VIC","Urban","6:00 PM - 12:00 AM",1,0,1,3,72,4,3,10,10,20
1955,4314,2260,2054,1,43,"NSW","Regional","6:00 PM - 12:00 AM",0,0,0,2,84,3,2,9,10,19
1857,4604,2344,2260,1,46,"NSW","Urban","12:00 PM - 6:00 PM",1,0,0,2,30,1,3,4,5,9
559,216,0,216,1,20,"NSW","Urban","6:00 PM - 12:00 AM",0,1,0,3,162,1,2,8,8,16
1616,150,0,150,0,42,"WA","Regional","6:00 PM - 12:00 AM",1,1,0,3,12,1,4,1,4,5
1234,4086,2260,1826,0,47,"SA","Regional","6:00 AM - 12:00 PM",1,0,0,1,54,4,4,4,3,7
1458,4443,2230,2213,0,51,"SA","Urban","12:00 PM - 6:00 PM",1,0,0,1,60,4,3,10,5,15
1296,691,0,691,0,24,"NSW","Urban","6:00 AM - 12:00 PM",0,1,0,2,72,1,1,7,6,13
474,216,0,216,1,29,"NSW","Remote","6:00 PM - 12:00 AM",1,1,0,3,156,1,2,3,2,5
586,479,0,479,0,35,"NSW","Urban","6:00 PM - 12:00 AM",1,1,0,3,66,2,2,3,2,5
95,438,0,438,1,21,"NSW","Urban","12:00 AM - 6:00 AM",1,0,0,3,168,2,3,3,2,5
1813,3126,1635,1491,1,48,"NSW","Regional","12:00 PM - 6:00 PM",0,0,0,3,96,2,4,8,4,12
1154,267,0,267,0,23,"TAS","Regional","6:00 AM - 12:00 PM",1,1,0,2,90,1,4,10,10,20
1415,3168,1786,1382,0,42,"VIC","Urban","6:00 AM - 12:00 PM",1,0,1,2,162,1,2,8,6,14
1758,483,0,483,1,30,"VIC","Urban","6:00 PM - 12:00 AM",0,1,0,3,30,2,4,3,0,3
1976,2959,1626,1333,1,60,"TAS","Urban","6:00 PM - 12:00 AM",0,0,1,3,120,1,2,10,9,19
1841,4377,2258,2119,1,47,"NSW","Regional","6:00 PM - 12:00 AM",1,0,0,2,114,4,5,10,10,20
1732,3481,1736,1745,1,59,"SA","Urban","6:00 PM - 12:00 AM",1,0,0,3,72,4,3,7,9,16
1968,353,0,353,1,24,"VIC","Regional","12:00 PM - 6:00 PM",0,1,1,3,144,1,3,3,2,5
1539,3986,2002,1984,0,50,"ACT","Urban","6:00 AM - 12:00 PM",0,0,0,3,138,1,2,8,10,18
1635,3835,1965,1870,0,49,"NSW","Regional","12:00 PM - 6:00 PM",0,0,1,2,162,1,3,4,1,5
599,1681,1448,233,0,35,"VIC","Urban","6:00 PM - 12:00 AM",1,1,1,3,24,2,3,4,5,9
771,3996,2015,1981,1,47,"ACT","Urban","6:00 PM - 12:00 AM",0,0,1,2,66,4,3,10,9,19
133,219,0,219,0,52,"SA","Regional","12:00 AM - 6:00 AM",0,0,1,3,42,1,1,8,8,16
1287,308,0,308,1,22,"ACT","Urban","6:00 AM - 12:00 PM",1,1,0,3,162,1,1,4,3,7
1359,218,0,218,0,24,"NSW","Urban","6:00 AM - 12:00 PM",0,1,0,3,120,1,2,8,7,15
621,343,0,343,1,26,"NSW","Regional","6:00 PM - 12:00 AM",0,1,0,1,78,1,5,10,10,20
1907,1974,1543,431,1,37,"NSW","Regional","6:00 PM - 12:00 AM",1,1,0,3,144,2,2,2,1,3
1147,1467,1245,222,0,36,"ACT","Urban","12:00 PM - 6:00 PM",0,1,0,3,150,2,2,7,9,16
518,4039,2305,1734,1,60,"TAS","Urban","6:00 PM - 12:00 AM",1,0,0,3,120,1,3,3,4,7
599,1681,1448,233,0,35,"VIC","Urban","6:00 PM - 12:00 AM",1,1,1,3,24,2,3,4,5,9
1246,323,0,323,0,20,"WA","Urban","6:00 AM - 12:00 PM",0,1,1,1,12,1,1,2,0,2
888,1373,1137,236,1,21,"WA","Urban","6:00 AM - 12:00 PM",1,1,0,3,48,1,3,3,1,4
1211,744,0,744,0,29,"VIC","Urban","6:00 AM - 12:00 PM",0,1,0,3,84,2,4,10,10,20
1522,4108,2010,2098,0,42,"ACT","Regional","6:00 AM - 12:00 PM",0,0,1,3,162,2,4,9,9,18
747,194,0,194,1,24,"TAS","Regional","6:00 PM - 12:00 AM",1,0,1,3,36,1,5,9,9,18
252,3073,1705,1368,1,48,"NT","Regional","12:00 AM - 6:00 AM",0,0,0,3,42,2,3,8,8,16
1859,4495,2611,1884,0,48,"SA","Urban","6:00 PM - 12:00 AM",0,0,1,2,120,1,3,9,8,17
1747,4358,2345,2013,0,60,"QLD","Urban","6:00 PM - 12:00 AM",1,0,1,3,78,4,3,10,10,20
1222,3969,2057,1912,0,49,"NSW","Urban","6:00 AM - 12:00 PM",1,0,0,2,102,3,2,6,8,14
1679,184,0,184,1,30,"ACT","Urban","6:00 PM - 12:00 AM",1,1,1,3,180,1,2,5,6,11
1220,1570,1385,185,1,33,"NSW","Regional","6:00 AM - 12:00 PM",1,1,0,1,120,2,2,10,10,20
1729,493,0,493,1,39,"NSW","Urban","6:00 PM - 12:00 AM",1,1,0,3,48,2,3,5,4,9
1087,233,0,233,1,44,"NSW","Urban","6:00 AM - 12:00 PM",1,1,0,3,54,1,2,7,8,15
1579,1234,0,1234,1,39,"NSW","Regional","6:00 AM - 12:00 PM",1,1,0,2,48,1,2,3,3,6
124,811,0,811,1,29,"SA","Urban","12:00 AM - 6:00 AM",1,0,0,3,156,1,4,7,6,13
1740,427,0,427,1,29,"WA","Urban","6:00 PM - 12:00 AM",1,1,0,2,102,2,3,9,9,18
1070,2185,1718,467,0,56,"TAS","Urban","6:00 AM - 12:00 PM",0,1,1,3,144,2,4,4,4,8
598,1883,1502,381,0,42,"WA","Urban","6:00 PM - 12:00 AM",0,1,1,2,108,2,4,10,10,20
1224,833,0,833,1,30,"TAS","Urban","12:00 PM - 6:00 PM",1,1,0,2,66,1,3,5,5,10
836,150,0,150,0,20,"NSW","Urban","6:00 PM - 12:00 AM",1,0,0,1,24,1,2,7,4,11
228,3827,2102,1725,0,53,"QLD","Urban","12:00 AM - 6:00 AM",0,1,0,3,54,4,4,10,9,19
111,2447,1669,778,0,38,"TAS","Urban","12:00 AM - 6:00 AM",0,1,0,3,108,1,3,10,9,19
886,197,0,197,0,37,"VIC","Urban","6:00 AM - 12:00 PM",1,1,0,1,120,1,3,7,2,9
40,1365,0,1365,0,41,"ACT","Urban","12:00 AM - 6:00 AM",0,1,0,3,168,2,2,7,6,13
1031,273,0,273,1,50,"VIC","Urban","6:00 AM - 12:00 PM",1,1,0,3,114,1,3,10,10,20
316,1266,0,1266,1,42,"ACT","Urban","6:00 PM - 12:00 AM",1,1,1,3,150,2,4,10,8,18
1409,386,0,386,0,20,"NSW","Urban","6:00 AM - 12:00 PM",0,1,0,3,144,2,4,10,10,20
1390,628,0,628,1,39,"NSW","Urban","6:00 AM - 12:00 PM",1,1,1,3,48,2,2,2,3,5
1191,1266,1114,152,1,21,"SA","Urban","12:00 PM - 6:00 PM",0,1,0,3,12,2,1,2,0,2
6,500,0,500,0,33,"SA","Urban","12:00 AM - 6:00 AM",1,1,0,3,150,1,3,2,5,7
171,601,0,601,0,25,"TAS","Urban","12:00 AM - 6:00 AM",1,1,0,2,36,1,4,3,0,3
1275,1515,1326,189,1,35,"SA","Urban","6:00 AM - 12:00 PM",0,1,1,3,126,1,2,8,3,11
222,284,0,284,0,24,"NSW","Urban","12:00 AM - 6:00 AM",1,0,1,1,90,1,3,10,10,20
417,1937,1595,342,1,42,"VIC","Urban","6:00 PM - 12:00 AM",0,1,0,2,162,2,3,3,7,10
1638,181,0,181,1,41,"VIC","Urban","6:00 PM - 12:00 AM",1,1,1,3,90,1,3,10,10,20
1239,322,0,322,0,23,"SA","Urban","6:00 AM - 12:00 PM",0,1,0,3,138,1,3,7,6,13
711,187,0,187,1,47,"WA","Urban","6:00 PM - 12:00 AM",0,0,0,3,30,1,4,6,6,12
1680,948,0,948,1,30,"QLD","Urban","12:00 PM - 6:00 PM",0,1,1,3,174,2,2,4,2,6
1746,914,0,914,0,28,"QLD","Urban","12:00 PM - 6:00 PM",1,1,1,2,60,1,3,6,2,8
1689,2937,1707,1230,1,46,"NSW","Regional","6:00 PM - 12:00 AM",1,0,0,2,18,1,3,0,1,1
1069,2095,1792,303,0,52,"NSW","Remote","6:00 AM - 12:00 PM",0,0,0,3,108,1,1,10,9,19
1293,267,0,267,1,25,"NT","Urban","6:00 AM - 12:00 PM",0,1,0,2,144,1,3,2,2,4
1888,4166,2218,1948,0,54,"QLD","Regional","6:00 PM - 12:00 AM",1,0,0,3,42,3,3,1,5,6
1021,251,0,251,0,23,"TAS","Urban","6:00 AM - 12:00 PM",1,1,1,3,30,1,4,8,8,16
1120,2565,1385,1180,0,43,"ACT","Regional","6:00 AM - 12:00 PM",1,1,0,3,108,1,4,5,4,9
920,2744,1376,1368,1,57,"VIC","Urban","6:00 AM - 12:00 PM",0,1,0,3,168,3,3,6,5,11
1407,1752,1406,346,0,26,"WA","Regional","6:00 AM - 12:00 PM",0,1,1,2,48,1,3,7,6,13
1044,310,0,310,0,20,"WA","Regional","6:00 AM - 12:00 PM",1,1,1,3,144,1,4,4,4,8
421,282,0,282,0,20,"NSW","Remote","6:00 PM - 12:00 AM",1,1,1,3,168,1,4,2,3,5
656,3923,2098,1825,1,56,"NSW","Urban","6:00 PM - 12:00 AM",1,0,0,3,156,1,4,2,1,3
553,856,0,856,0,27,"ACT","Regional","6:00 PM - 12:00 AM",1,1,0,1,72,1,3,5,6,11
1749,1716,1372,344,1,34,"NSW","Urban","6:00 PM - 12:00 AM",1,1,1,1,54,2,4,9,5,14
1140,472,0,472,0,30,"SA","Remote","6:00 AM - 12:00 PM",1,1,1,3,66,2,2,10,7,17
1897,218,0,218,0,55,"SA","Urban","6:00 PM - 12:00 AM",0,0,0,1,120,1,3,10,10,20
223,1589,1326,263,0,24,"NSW","Urban","12:00 AM - 6:00 AM",1,0,0,2,42,2,4,10,7,17
159,3191,1643,1548,1,44,"NSW","Urban","12:00 AM - 6:00 AM",0,0,1,1,102,3,2,10,9,19
1375,326,0,326,1,25,"NT","Regional","6:00 AM - 12:00 PM",0,1,0,3,72,1,4,4,4,8
1914,2678,1456,1222,1,34,"QLD","Urban","6:00 PM - 12:00 AM",0,0,1,3,30,3,5,5,5,10
1401,373,0,373,1,24,"TAS","Urban","6:00 AM - 12:00 PM",0,0,0,3,120,1,3,7,7,14
112,197,0,197,1,54,"NSW","Urban","12:00 AM - 6:00 AM",0,0,1,3,144,1,2,6,5,11
510,4462,1970,2492,1,52,"ACT","Urban","6:00 PM - 12:00 AM",0,0,0,2,168,4,3,4,7,11
484,197,0,197,0,59,"NT","Urban","6:00 PM - 12:00 AM",0,1,0,3,144,1,4,5,8,13
1405,420,0,420,0,20,"NSW","Urban","6:00 AM - 12:00 PM",0,0,0,2,30,1,3,5,7,12
888,1373,1137,236,1,21,"WA","Urban","6:00 AM - 12:00 PM",1,1,0,3,48,1,3,3,1,4
354,1814,1488,326,1,27,"ACT","Urban","6:00 PM - 12:00 AM",1,1,1,3,102,1,3,10,10,20
1017,2026,1563,463,0,58,"NT","Urban","6:00 AM - 12:00 PM",0,1,0,3,72,1,2,7,7,14
1163,924,0,924,1,31,"NSW","Regional","6:00 AM - 12:00 PM",0,1,1,3,12,2,4,6,6,12
752,1409,0,1409,1,35,"VIC","Regional","6:00 PM - 12:00 AM",1,1,1,2,66,1,4,5,9,14
1039,1456,0,1456,0,48,"ACT","Urban","6:00 AM - 12:00 PM",0,1,1,3,18,1,4,0,4,4
727,4287,2268,2019,1,49,"VIC","Regional","6:00 PM - 12:00 AM",1,0,0,3,72,2,2,10,10,20
1268,214,0,214,1,44,"QLD","Urban","6:00 AM - 12:00 PM",0,1,0,1,96,1,4,10,8,18
821,3781,1906,1875,1,41,"VIC","Regional","6:00 PM - 12:00 AM",0,0,0,3,72,2,2,7,6,13
1627,245,0,245,0,24,"QLD","Urban","6:00 PM - 12:00 AM",1,1,1,2,96,1,5,7,7,14
1336,4836,2572,2264,0,52,"WA","Urban","12:00 PM - 6:00 PM",1,0,1,3,30,3,2,7,7,14
1598,148,0,148,1,58,"NSW","Urban","6:00 AM - 12:00 PM",1,0,1,3,168,1,2,0,2,2
520,872,0,872,1,34,"NSW","Urban","6:00 PM - 12:00 AM",1,1,0,3,72,2,3,10,10,20
1494,4909,2478,2431,0,53,"VIC","Regional","6:00 AM - 12:00 PM",0,0,0,3,66,3,2,5,5,10
1122,1692,1497,195,1,43,"QLD","Urban","6:00 AM - 12:00 PM",1,1,0,1,90,1,3,8,7,15
433,1095,0,1095,1,38,"NSW","Remote","6:00 PM - 12:00 AM",0,1,0,1,90,2,3,5,4,9
1067,1295,0,1295,1,54,"VIC","Urban","6:00 AM - 12:00 PM",1,1,1,3,174,1,2,1,0,1
1428,4284,2202,2082,0,53,"NSW","Urban","6:00 AM - 12:00 PM",0,0,1,3,24,4,2,3,0,3
1337,3747,1704,2043,1,48,"NSW","Urban","6:00 AM - 12:00 PM",0,0,0,3,138,4,2,4,8,12
1187,3998,2232,1766,0,53,"TAS","Urban","6:00 AM - 12:00 PM",0,0,0,3,102,4,4,10,10,20
1776,4036,2373,1663,1,60,"NSW","Regional","6:00 PM - 12:00 AM",0,0,0,1,12,3,4,1,5,6
332,183,0,183,0,21,"VIC","Urban","6:00 PM - 12:00 AM",1,1,0,1,60,1,3,6,9,15
1987,2459,1419,1040,1,33,"SA","Urban","6:00 PM - 12:00 AM",1,1,0,3,90,1,2,7,10,17
1084,231,0,231,0,57,"NSW","Urban","6:00 AM - 12:00 PM",1,1,0,3,120,1,3,7,7,14
1661,4274,2021,2253,0,55,"NSW","Regional","6:00 PM - 12:00 AM",0,0,0,3,138,1,3,4,4,8
636,1276,0,1276,0,43,"TAS","Urban","6:00 PM - 12:00 AM",1,1,1,2,48,2,4,7,8,15
154,4206,2017,2189,0,51,"QLD","Urban","12:00 AM - 6:00 AM",0,1,1,3,90,1,4,3,7,10
1611,432,0,432,1,26,"NSW","Regional","6:00 AM - 12:00 PM",1,1,1,1,102,1,3,10,10,20
1273,194,0,194,0,47,"VIC","Urban","6:00 AM - 12:00 PM",1,1,1,2,18,1,4,0,0,0
34,1859,1464,395,0,45,"TAS","Urban","12:00 AM - 6:00 AM",1,1,0,1,60,1,2,2,1,3
1647,1415,0,1415,1,49,"VIC","Urban","6:00 PM - 12:00 AM",0,1,1,1,156,2,3,2,1,3
1631,379,0,379,0,28,"VIC","Urban","6:00 PM - 12:00 AM",1,1,0,2,54,1,2,3,2,5
392,1488,1256,232,1,31,"QLD","Regional","6:00 PM - 12:00 AM",1,1,0,2,138,1,5,10,9,19
1318,4237,2361,1876,1,59,"SA","Urban","6:00 AM - 12:00 PM",1,0,1,2,150,2,3,8,6,14
1044,310,0,310,0,20,"WA","Regional","6:00 AM - 12:00 PM",1,1,1,3,144,1,4,4,4,8
760,170,0,170,1,38,"TAS","Urban","6:00 PM - 12:00 AM",1,1,1,3,120,1,4,8,7,15
384,4208,2092,2116,1,55,"NSW","Urban","6:00 PM - 12:00 AM",0,0,0,2,132,2,2,6,5,11
1168,1401,1121,280,1,31,"QLD","Urban","6:00 AM - 12:00 PM",1,1,1,3,24,2,4,2,0,2
604,1494,0,1494,1,43,"WA","Remote","6:00 PM - 12:00 AM",0,1,0,2,42,2,4,6,8,14
888,1373,1137,236,1,21,"WA","Urban","6:00 AM - 12:00 PM",1,1,0,3,48,1,3,3,1,4
1193,218,0,218,0,37,"ACT","Urban","6:00 AM - 12:00 PM",0,1,0,1,108,1,1,9,7,16
1644,520,0,520,1,38,"VIC","Urban","6:00 PM - 12:00 AM",1,1,0,3,138,2,3,7,5,12
696,1508,1398,110,0,29,"TAS","Urban","6:00 PM - 12:00 AM",0,1,0,3,132,2,5,10,7,17
1166,2910,1494,1416,1,50,"TAS","Urban","6:00 AM - 12:00 PM",1,0,1,3,42,1,2,9,5,14
395,1446,1241,205,0,34,"NSW","Remote","6:00 PM - 12:00 AM",1,1,0,2,72,2,2,1,4,5
207,1046,0,1046,1,39,"WA","Urban","12:00 AM - 6:00 AM",1,1,1,3,78,1,5,7,6,13
87,268,0,268,1,28,"VIC","Regional","12:00 AM - 6:00 AM",1,0,1,3,72,1,4,7,7,14
306,1799,1430,369,1,31,"WA","Regional","6:00 PM - 12:00 AM",1,1,0,2,66,1,3,7,6,13
1564,294,0,294,1,56,"NSW","Urban","6:00 AM - 12:00 PM",1,0,0,3,66,1,3,10,10,20
1083,1430,1260,170,0,27,"NT","Regional","6:00 AM - 12:00 PM",1,1,1,3,72,1,2,7,5,12
1165,1349,0,1349,1,41,"NSW","Urban","6:00 AM - 12:00 PM",0,1,1,3,78,2,3,10,9,19
974,2457,2183,274,0,58,"ACT","Remote","6:00 AM - 12:00 PM",0,0,0,1,12,4,3,4,7,11
1206,1454,1269,185,1,35,"NT","Urban","6:00 AM - 12:00 PM",1,1,1,3,156,2,4,10,10,20
701,1077,0,1077,0,31,"NSW","Urban","6:00 PM - 12:00 AM",0,1,1,3,72,2,2,10,9,19
1464,3208,1815,1393,0,53,"VIC","Urban","6:00 AM - 12:00 PM",1,0,0,3,48,2,2,7,8,15
1196,206,0,206,0,60,"NSW","Urban","6:00 AM - 12:00 PM",1,1,1,2,96,1,3,5,5,10
1685,136,0,136,0,20,"QLD","Remote","6:00 PM - 12:00 AM",1,1,1,3,72,1,2,5,4,9
1450,1856,1654,202,0,38,"NSW","Remote","6:00 AM - 12:00 PM",0,0,0,3,114,2,2,8,10,18
1364,1475,1181,294,0,26,"NSW","Urban","6:00 AM - 12:00 PM",0,1,0,3,156,1,4,9,8,17
1449,4140,2395,1745,0,52,"QLD","Urban","6:00 AM - 12:00 PM",0,0,0,3,120,3,2,7,7,14
1431,2492,1519,973,1,35,"VIC","Urban","6:00 AM - 12:00 PM",1,0,0,3,168,2,3,2,5,7
505,3955,2022,1933,1,56,"VIC","Urban","6:00 PM - 12:00 AM",0,0,1,2,24,3,3,6,5,11
780,2127,1838,289,0,41,"NT","Regional","12:00 PM - 6:00 PM",0,1,0,3,66,1,3,3,7,10
1375,326,0,326,1,25,"NT","Regional","6:00 AM - 12:00 PM",0,1,0,3,72,1,4,4,4,8
540,244,0,244,0,50,"NT","Urban","6:00 PM - 12:00 AM",0,1,0,2,180,1,2,0,0,0
444,4263,2393,1870,0,53,"NSW","Urban","6:00 PM - 12:00 AM",1,0,0,1,132,4,2,9,9,18
638,1801,1561,240,1,45,"SA","Regional","6:00 PM - 12:00 AM",0,1,0,2,60,1,4,6,5,11
233,2915,1953,962,1,55,"VIC","Urban","12:00 AM - 6:00 AM",0,0,0,3,24,3,2,5,8,13
554,431,0,431,1,22,"WA","Urban","6:00 PM - 12:00 AM",0,1,0,3,138,2,2,9,8,17
493,1197,0,1197,0,45,"NSW","Regional","6:00 PM - 12:00 AM",0,1,1,3,174,2,2,6,5,11
405,224,0,224,1,36,"NSW","Remote","6:00 PM - 12:00 AM",1,1,0,3,162,1,2,4,7,11
1181,3757,1973,1784,1,46,"QLD","Regional","6:00 AM - 12:00 PM",1,0,0,3,66,1,3,3,5,8
1041,153,0,153,1,29,"VIC","Regional","6:00 AM - 12:00 PM",1,1,0,3,42,1,2,4,3,7
677,1058,0,1058,1,34,"NSW","Regional","6:00 PM - 12:00 AM",1,0,0,2,132,2,1,2,2,4
993,1516,1336,180,0,40,"VIC","Urban","6:00 AM - 12:00 PM",1,1,1,1,12,2,3,4,6,10
83,363,0,363,1,20,"NSW","Regional","12:00 AM - 6:00 AM",0,1,0,3,102,1,2,6,2,8
1025,2404,1450,954,1,55,"VIC","Regional","6:00 AM - 12:00 PM",0,1,1,2,108,3,2,5,9,14
1773,1458,1272,186,1,38,"VIC","Urban","6:00 PM - 12:00 AM",1,1,0,1,18,1,3,0,0,0
855,1820,1493,327,0,26,"QLD","Regional","6:00 PM - 12:00 AM",1,0,0,2,78,1,1,10,10,20
1355,826,0,826,1,33,"NSW","Urban","6:00 AM - 12:00 PM",1,1,0,2,48,2,4,7,8,15
794,929,0,929,1,36,"QLD","Urban","6:00 PM - 12:00 AM",1,1,1,2,126,2,1,8,10,18
857,3759,2216,1543,1,53,"QLD","Urban","12:00 PM - 6:00 PM",1,0,1,2,132,3,3,10,9,19
1775,245,0,245,1,38,"NSW","Urban","6:00 PM - 12:00 AM",1,1,0,3,114,1,2,8,7,15
1337,3747,1704,2043,1,48,"NSW","Urban","6:00 AM - 12:00 PM",0,0,0,3,138,4,2,4,8,12
1643,200,0,200,0,53,"ACT","Remote","6:00 PM - 12:00 AM",1,1,0,2,126,1,1,9,8,17
590,4396,2155,2241,1,56,"ACT","Urban","6:00 PM - 12:00 AM",1,0,0,3,150,4,3,5,4,9
398,645,0,645,1,45,"SA","Urban","6:00 PM - 12:00 AM",1,1,0,3,72,2,2,4,3,7
626,3837,2069,1768,1,52,"NSW","Regional","6:00 PM - 12:00 AM",1,0,0,3,72,1,2,6,3,9
674,243,0,243,1,58,"NSW","Urban","6:00 PM - 12:00 AM",1,0,0,3,54,1,3,5,7,12
1803,1888,1634,254,1,37,"VIC","Urban","6:00 PM - 12:00 AM",0,1,0,3,84,2,4,10,10,20
314,1433,1233,200,0,24,"VIC","Urban","6:00 PM - 12:00 AM",1,1,0,1,78,1,2,6,7,13
1906,4768,2673,2095,1,56,"NSW","Remote","6:00 PM - 12:00 AM",1,0,0,3,180,1,4,0,0,0
1683,1242,0,1242,0,36,"NSW","Urban","6:00 PM - 12:00 AM",1,1,1,3,96,1,2,4,6,10
810,4277,2357,1920,0,46,"NT","Regional","6:00 PM - 12:00 AM",0,0,0,3,174,2,3,7,6,13
407,793,0,793,0,36,"NSW","Urban","6:00 PM - 12:00 AM",1,1,1,3,114,1,2,8,8,16
1742,4407,2410,1997,0,46,"VIC","Urban","6:00 PM - 12:00 AM",0,0,0,3,174,4,4,5,4,9
22,242,0,242,0,21,"SA","Urban","12:00 AM - 6:00 AM",1,1,0,3,150,1,2,3,3,6
1069,2095,1792,303,0,52,"NSW","Remote","6:00 AM - 12:00 PM",0,0,0,3,108,1,1,10,9,19
722,200,0,200,1,41,"ACT","Regional","6:00 PM - 12:00 AM",0,0,0,1,48,1,4,4,4,8
839,2826,1687,1139,1,60,"SA","Regional","6:00 PM - 12:00 AM",0,1,0,3,168,4,2,0,0,0
1620,2437,2143,294,1,51,"TAS","Remote","6:00 PM - 12:00 AM",0,0,1,3,84,1,3,10,10,20
902,1472,1181,291,0,36,"NSW","Urban","12:00 PM - 6:00 PM",1,1,1,3,18,2,2,5,5,10
1172,4462,2053,2409,0,59,"VIC","Regional","6:00 AM - 12:00 PM",0,0,0,3,24,3,4,6,2,8
623,218,0,218,0,24,"NSW","Urban","6:00 PM - 12:00 AM",1,1,0,3,126,1,4,9,7,16
873,2604,1360,1244,1,54,"WA","Urban","6:00 PM - 12:00 AM",0,0,0,3,48,3,3,4,7,11
1450,1856,1654,202,0,38,"NSW","Remote","6:00 AM - 12:00 PM",0,0,0,3,114,2,2,8,10,18
1360,890,0,890,1,26,"TAS","Urban","6:00 AM - 12:00 PM",1,1,1,3,30,1,1,8,6,14
1087,233,0,233,1,44,"NSW","Urban","6:00 AM - 12:00 PM",1,1,0,3,54,1,2,7,8,15
415,1378,1136,242,0,37,"NSW","Urban","6:00 PM - 12:00 AM",0,1,1,3,114,1,3,8,7,15
1602,1797,1506,291,1,29,"VIC","Urban","12:00 PM - 6:00 PM",1,1,0,3,144,1,3,10,9,19
251,280,0,280,1,21,"NSW","Urban","12:00 AM - 6:00 AM",1,1,1,3,180,1,4,3,7,10
1679,184,0,184,1,30,"ACT","Urban","6:00 PM - 12:00 AM",1,1,1,3,180,1,2,5,6,11
260,2664,1612,1052,1,45,"NSW","Regional","12:00 AM - 6:00 AM",0,0,0,3,30,4,4,10,9,19
35,157,0,157,0,40,"NSW","Urban","12:00 AM - 6:00 AM",0,1,0,3,168,1,2,1,1,2
209,153,0,153,1,30,"VIC","Urban","12:00 AM - 6:00 AM",1,1,0,3,150,1,2,6,6,12
52,296,0,296,0,21,"NT","Regional","12:00 AM - 6:00 AM",1,1,1,1,60,2,2,3,2,5
1217,751,0,751,0,37,"QLD","Urban","6:00 AM - 12:00 PM",1,1,1,1,126,1,4,5,5,10
447,4481,1939,2542,0,55,"VIC","Regional","12:00 PM - 6:00 PM",0,0,0,3,108,3,3,8,10,18
241,2911,1667,1244,0,59,"TAS","Urban","12:00 AM - 6:00 AM",0,1,0,3,18,2,4,5,5,10
1080,2349,1405,944,1,43,"QLD","Urban","6:00 AM - 12:00 PM",1,1,0,3,144,3,4,5,3,8
253,3791,1756,2035,1,42,"NSW","Remote","12:00 AM - 6:00 AM",0,1,0,2,30,3,3,3,5,8
1720,1561,1301,260,1,26,"NT","Urban","6:00 PM - 12:00 AM",0,1,0,3,90,1,4,9,10,19
1960,472,0,472,0,24,"NSW","Urban","6:00 PM - 12:00 AM",1,1,1,3,144,1,1,3,7,10
187,3816,2198,1618,0,44,"NT","Urban","12:00 AM - 6:00 AM",0,0,0,3,120,1,1,4,4,8
922,555,0,555,0,22,"WA","Urban","6:00 AM - 12:00 PM",0,0,1,3,36,1,3,8,9,17
1619,174,0,174,1,37,"VIC","Urban","6:00 PM - 12:00 AM",1,1,1,3,30,1,2,1,0,1
670,1455,0,1455,0,36,"ACT","Regional","6:00 PM - 12:00 AM",0,1,0,2,102,2,2,5,4,9
1213,315,0,315,1,22,"NSW","Urban","12:00 PM - 6:00 PM",1,1,0,2,174,2,3,4,8,12
1602,1797,1506,291,1,29,"VIC","Urban","12:00 PM - 6:00 PM",1,1,0,3,144,1,3,10,9,19
1092,3004,1760,1244,1,40,"NSW","Urban","6:00 AM - 12:00 PM",0,1,1,2,168,3,4,4,1,5
1076,247,0,247,1,60,"WA","Regional","6:00 AM - 12:00 PM",1,1,0,1,144,1,2,0,3,3
563,4164,2452,1712,0,54,"NSW","Urban","6:00 PM - 12:00 AM",0,0,0,3,30,2,3,3,4,7
94,815,0,815,1,24,"VIC","Urban","12:00 AM - 6:00 AM",0,1,1,2,42,2,3,9,8,17
1745,4514,2412,2102,1,50,"VIC","Urban","6:00 PM - 12:00 AM",0,0,1,3,150,2,3,5,4,9
1462,2339,1507,832,1,31,"SA","Urban","6:00 AM - 12:00 PM",1,0,0,3,24,1,5,0,1,1
244,1562,1383,179,0,28,"NSW","Urban","12:00 AM - 6:00 AM",1,0,0,3,54,2,2,2,2,4
1327,894,0,894,1,36,"NSW","Regional","6:00 AM - 12:00 PM",1,1,0,3,96,1,4,10,6,16
275,1495,1326,169,1,27,"TAS","Urban","12:00 AM - 6:00 AM",1,0,0,1,138,2,3,7,4,11
1747,4358,2345,2013,0,60,"QLD","Urban","6:00 PM - 12:00 AM",1,0,1,3,78,4,3,10,10,20
1342,281,0,281,1,24,"TAS","Regional","6:00 AM - 12:00 PM",1,1,0,3,168,1,5,4,2,6
702,4482,2455,2027,0,59,"TAS","Urban","12:00 PM - 6:00 PM",0,0,0,2,66,4,3,8,7,15
1051,1797,0,1797,1,59,"VIC","Regional","6:00 AM - 12:00 PM",0,1,1,3,120,3,2,6,9,15
1373,223,0,223,0,28,"NSW","Urban","6:00 AM - 12:00 PM",1,1,0,3,138,1,2,3,2,5
247,254,0,254,0,25,"NSW","Urban","12:00 PM - 6:00 PM",1,1,0,3,180,2,3,2,1,3
225,237,0,237,1,21,"NSW","Urban","12:00 PM - 6:00 PM",1,1,1,3,144,1,3,4,4,8
1357,1497,1333,164,1,38,"VIC","Urban","6:00 AM - 12:00 PM",0,1,0,3,120,1,3,10,9,19
1874,3668,2076,1592,0,56,"ACT","Urban","6:00 PM - 12:00 AM",1,1,0,2,72,4,4,5,3,8
786,2971,1520,1451,0,60,"VIC","Urban","6:00 PM - 12:00 AM",0,0,0,1,150,2,4,6,6,12
1485,761,0,761,1,28,"NSW","Urban","6:00 AM - 12:00 PM",1,1,1,3,60,1,2,7,5,12
1947,177,0,177,1,21,"NSW","Urban","6:00 PM - 12:00 AM",1,1,1,3,180,1,4,0,2,2
1602,1797,1506,291,1,29,"VIC","Urban","12:00 PM - 6:00 PM",1,1,0,3,144,1,3,10,9,19
202,283,0,283,0,20,"TAS","Urban","12:00 PM - 6:00 PM",1,1,0,3,84,1,3,3,3,6
1047,358,0,358,1,21,"VIC","Urban","6:00 AM - 12:00 PM",1,1,1,3,36,1,4,6,3,9
1498,3366,1551,1815,0,49,"TAS","Remote","6:00 AM - 12:00 PM",0,0,0,3,126,2,4,10,9,19
1566,3982,2027,1955,0,58,"NSW","Regional","6:00 AM - 12:00 PM",0,0,0,2,12,1,3,2,0,2
21,581,0,581,1,31,"TAS","Regional","12:00 AM - 6:00 AM",1,1,1,3,132,2,3,3,2,5
1750,4200,2103,2097,0,59,"NSW","Remote","6:00 PM - 12:00 AM",1,0,0,3,168,1,4,5,6,11
1985,1048,0,1048,0,39,"NSW","Urban","6:00 PM - 12:00 AM",1,1,1,3,48,2,2,4,4,8
1907,1974,1543,431,1,37,"NSW","Regional","6:00 PM - 12:00 AM",1,1,0,3,144,2,2,2,1,3
1924,173,0,173,1,24,"QLD","Regional","12:00 PM - 6:00 PM",0,1,0,2,54,1,4,9,8,17
541,1689,1492,197,0,31,"VIC","Urban","6:00 PM - 12:00 AM",1,1,1,3,108,2,3,8,8,16
1041,153,0,153,1,29,"VIC","Regional","6:00 AM - 12:00 PM",1,1,0,3,42,1,2,4,3,7
913,3276,2150,1126,0,50,"NSW","Remote","12:00 PM - 6:00 PM",0,0,1,1,78,2,4,10,10,20
11,1875,1606,269,0,44,"NSW","Urban","12:00 AM - 6:00 AM",1,1,1,2,162,1,4,7,10,17
1365,177,0,177,0,24,"TAS","Regional","6:00 AM - 12:00 PM",0,1,1,1,108,1,2,10,10,20
1695,340,0,340,0,20,"WA","Regional","6:00 PM - 12:00 AM",1,1,1,2,108,1,4,10,9,19
1973,327,0,327,0,21,"NSW","Urban","6:00 PM - 12:00 AM",1,1,0,3,180,2,2,0,0,0
918,303,0,303,0,24,"VIC","Urban","6:00 AM - 12:00 PM",1,1,0,3,102,1,4,10,5,15
867,2624,1453,1171,1,45,"TAS","Urban","6:00 PM - 12:00 AM",0,0,1,3,138,1,4,4,7,11
1731,210,0,210,0,39,"NSW","Urban","6:00 PM - 12:00 AM",1,1,1,3,120,1,4,9,9,18
685,3879,1994,1885,0,49,"NSW","Urban","6:00 PM - 12:00 AM",1,1,1,1,24,1,3,5,1,6
939,1653,1513,140,1,27,"NSW","Regional","6:00 AM - 12:00 PM",1,1,1,3,138,2,3,10,10,20
1666,281,0,281,0,23,"NSW","Regional","6:00 PM - 12:00 AM",1,1,1,3,36,1,2,8,8,16
1945,4365,2491,1874,0,51,"NSW","Regional","6:00 PM - 12:00 AM",0,0,1,2,138,4,3,9,10,19
1211,744,0,744,0,29,"VIC","Urban","6:00 AM - 12:00 PM",0,1,0,3,84,2,4,10,10,20
371,960,0,960,1,38,"WA","Regional","6:00 PM - 12:00 AM",1,1,0,3,12,2,4,0,0,0
1487,3976,2013,1963,0,46,"VIC","Urban","6:00 AM - 12:00 PM",0,0,0,3,102,1,3,10,10,20
634,3234,1607,1627,1,56,"WA","Urban","6:00 PM - 12:00 AM",0,0,1,3,180,1,4,6,9,15
822,868,0,868,1,29,"NSW","Regional","6:00 PM - 12:00 AM",1,1,0,3,108,2,3,7,2,9
484,197,0,197,0,59,"NT","Urban","6:00 PM - 12:00 AM",0,1,0,3,144,1,4,5,8,13
1872,3330,1779,1551,0,52,"NSW","Urban","6:00 PM - 12:00 AM",0,0,0,2,78,1,3,6,6,12
299,2361,1362,999,1,40,"ACT","Regional","12:00 AM - 6:00 AM",1,0,0,2,72,2,4,4,4,8
1304,475,0,475,0,30,"NSW","Regional","6:00 AM - 12:00 PM",0,1,0,2,48,2,3,4,3,7
1320,2926,1708,1218,1,48,"VIC","Regional","6:00 AM - 12:00 PM",1,0,0,2,144,2,3,10,9,19
644,3804,2217,1587,0,42,"ACT","Regional","6:00 PM - 12:00 AM",0,0,0,2,156,2,3,5,4,9
223,1589,1326,263,0,24,"NSW","Urban","12:00 AM - 6:00 AM",1,0,0,2,42,2,4,10,7,17
1000,245,0,245,0,24,"VIC","Urban","6:00 AM - 12:00 PM",1,1,1,3,180,1,4,6,6,12
1559,297,0,297,1,22,"ACT","Urban","6:00 AM - 12:00 PM",1,1,0,3,30,2,4,4,0,4
969,1817,0,1817,0,56,"VIC","Urban","6:00 AM - 12:00 PM",0,1,0,3,66,1,4,10,10,20
172,208,0,208,1,26,"NSW","Urban","12:00 AM - 6:00 AM",1,1,1,1,72,1,4,6,6,12
173,171,0,171,0,57,"QLD","Remote","12:00 AM - 6:00 AM",1,0,0,3,102,1,3,8,5,13
1564,294,0,294,1,56,"NSW","Urban","6:00 AM - 12:00 PM",1,0,0,3,66,1,3,10,10,20
1680,948,0,948,1,30,"QLD","Urban","12:00 PM - 6:00 PM",0,1,1,3,174,2,2,4,2,6
1229,434,0,434,1,26,"NSW","Regional","6:00 AM - 12:00 PM",1,1,1,3,102,1,2,4,4,8
417,1937,1595,342,1,42,"VIC","Urban","6:00 PM - 12:00 AM",0,1,0,2,162,2,3,3,7,10
1149,2679,1656,1023,0,40,"WA","Regional","6:00 AM - 12:00 PM",1,1,0,3,90,3,3,7,7,14
1271,277,0,277,0,21,"SA","Regional","6:00 AM - 12:00 PM",1,1,1,3,18,1,3,0,0,0
310,1621,1393,228,0,41,"QLD","Urban","6:00 PM - 12:00 AM",1,1,0,3,30,1,4,8,7,15
198,1489,1281,208,1,24,"QLD","Regional","12:00 AM - 6:00 AM",1,1,0,3,120,2,3,10,10,20
1008,1966,1460,506,0,49,"VIC","Urban","6:00 AM - 12:00 PM",0,1,0,3,18,2,2,0,2,2
1044,310,0,310,0,20,"WA","Regional","6:00 AM - 12:00 PM",1,1,1,3,144,1,4,4,4,8
99,1654,1333,321,0,27,"WA","Urban","12:00 AM - 6:00 AM",1,0,0,1,138,1,3,1,3,4
1404,1602,1314,288,1,39,"ACT","Urban","6:00 AM - 12:00 PM",0,0,0,3,30,1,2,3,4,7
635,400,0,400,1,28,"NSW","Regional","12:00 PM - 6:00 PM",0,1,0,3,162,2,3,0,0,0
746,4795,2651,2144,1,52,"ACT","Urban","12:00 PM - 6:00 PM",1,0,1,3,120,3,4,8,8,16
1009,909,0,909,0,45,"VIC","Urban","6:00 AM - 12:00 PM",1,1,0,3,78,2,3,6,5,11
1131,1126,0,1126,1,43,"TAS","Urban","6:00 AM - 12:00 PM",1,1,1,3,30,2,2,7,6,13
1759,3831,2066,1765,0,60,"VIC","Urban","6:00 PM - 12:00 AM",1,0,0,2,168,1,3,5,9,14
215,1455,1455,0,1,29,"NSW","Urban","12:00 AM - 6:00 AM",1,1,1,1,120,2,4,10,10,20
53,466,0,466,1,29,"WA","Urban","12:00 AM - 6:00 AM",1,1,1,3,138,1,3,10,9,19
1048,1522,0,1522,1,46,"VIC","Regional","6:00 AM - 12:00 PM",0,1,1,2,144,2,3,4,8,12
961,1516,1206,310,1,42,"VIC","Regional","6:00 AM - 12:00 PM",1,1,0,3,138,2,2,9,8,17
973,1415,1165,250,1,43,"WA","Regional","6:00 AM - 12:00 PM",1,1,1,2,54,2,2,9,10,19
722,200,0,200,1,41,"ACT","Regional","6:00 PM - 12:00 AM",0,0,0,1,48,1,4,4,4,8
1207,837,0,837,0,31,"NT","Urban","6:00 AM - 12:00 PM",0,1,0,3,60,1,3,3,7,10
964,431,0,431,1,39,"WA","Remote","6:00 AM - 12:00 PM",1,1,0,3,84,2,4,10,7,17
892,1174,0,1174,1,50,"VIC","Remote","6:00 AM - 12:00 PM",0,0,0,2,180,1,3,3,3,6
930,414,0,414,0,21,"TAS","Urban","6:00 AM - 12:00 PM",1,1,1,1,180,2,3,2,0,2
302,312,0,312,1,21,"VIC","Urban","12:00 PM - 6:00 PM",1,1,0,3,30,1,2,1,4,5
1080,2349,1405,944,1,43,"QLD","Urban","6:00 AM - 12:00 PM",1,1,0,3,144,3,4,5,3,8
1816,3985,2285,1700,1,53,"NT","Urban","6:00 PM - 12:00 AM",0,0,0,1,180,2,4,5,9,14
1991,2267,2031,236,0,36,"WA","Urban","6:00 PM - 12:00 AM",1,1,0,2,96,2,3,3,4,7
656,3923,2098,1825,1,56,"NSW","Urban","6:00 PM - 12:00 AM",1,0,0,3,156,1,4,2,1,3
96,395,0,395,1,20,"VIC","Regional","12:00 AM - 6:00 AM",0,1,0,2,120,1,3,10,9,19
1490,841,0,841,0,28,"VIC","Remote","6:00 AM - 12:00 PM",1,1,0,3,174,2,4,5,3,8
1780,268,0,268,1,22,"QLD","Urban","12:00 PM - 6:00 PM",1,1,1,3,90,1,3,8,8,16
1707,3179,1576,1603,1,49,"VIC","Urban","6:00 PM - 12:00 AM",1,0,1,1,66,4,1,7,10,17
84,198,0,198,0,22,"NSW","Urban","12:00 AM - 6:00 AM",0,0,1,3,144,1,2,9,8,17
264,3586,2147,1439,0,52,"NT","Regional","12:00 AM - 6:00 AM",0,0,0,1,48,2,5,10,10,20
1145,1091,0,1091,1,45,"NT","Regional","6:00 AM - 12:00 PM",1,1,1,2,66,2,4,10,10,20
639,4369,2247,2122,1,55,"NSW","Urban","6:00 PM - 12:00 AM",1,0,1,3,24,2,5,8,8,16
993,1516,1336,180,0,40,"VIC","Urban","6:00 AM - 12:00 PM",1,1,1,1,12,2,3,4,6,10
805,4487,2791,1696,0,47,"NT","Remote","6:00 PM - 12:00 AM",0,0,0,3,120,3,4,10,10,20
769,4401,2028,2373,1,44,"NSW","Regional","6:00 PM - 12:00 AM",0,0,1,3,30,4,4,5,4,9
981,1717,1463,254,0,35,"VIC","Urban","6:00 AM - 12:00 PM",1,1,1,1,12,2,2,0,0,0
602,279,0,279,1,20,"NSW","Urban","12:00 PM - 6:00 PM",1,1,1,1,102,1,3,4,4,8
21,581,0,581,1,31,"TAS","Regional","12:00 AM - 6:00 AM",1,1,1,3,132,2,3,3,2,5
1247,1661,1340,321,0,33,"TAS","Urban","12:00 PM - 6:00 PM",1,1,1,1,24,2,2,2,0,2
610,3963,1858,2105,0,56,"NT","Remote","6:00 PM - 12:00 AM",0,0,0,3,174,3,2,6,5,11
631,3121,1762,1359,0,56,"WA","Urban","6:00 PM - 12:00 AM",1,0,0,3,144,2,2,2,2,4
1660,3257,1975,1282,1,48,"VIC","Urban","6:00 PM - 12:00 AM",0,0,1,2,126,2,2,9,6,15
146,1656,1491,165,1,28,"QLD","Urban","12:00 AM - 6:00 AM",1,1,0,3,90,2,3,10,6,16
1381,1102,0,1102,1,26,"NSW","Regional","6:00 AM - 12:00 PM",0,1,1,1,36,1,3,2,0,2
1604,180,0,180,1,38,"VIC","Regional","6:00 AM - 12:00 PM",1,0,0,3,90,1,5,9,10,19
1401,373,0,373,1,24,"TAS","Urban","6:00 AM - 12:00 PM",0,0,0,3,120,1,3,7,7,14
1793,1654,1447,207,1,33,"NSW","Remote","6:00 PM - 12:00 AM",0,1,1,3,54,2,3,10,10,20
251,280,0,280,1,21,"NSW","Urban","12:00 AM - 6:00 AM",1,1,1,3,180,1,4,3,7,10
1818,1515,1254,261,0,33,"NSW","Regional","6:00 PM - 12:00 AM",0,1,1,2,24,2,3,2,2,4
461,221,0,221,0,24,"NSW","Regional","6:00 PM - 12:00 AM",1,1,1,3,102,1,4,5,5,10
1206,1454,1269,185,1,35,"NT","Urban","6:00 AM - 12:00 PM",1,1,1,3,156,2,4,10,10,20
1570,4038,2211,1827,0,51,"WA","Urban","6:00 AM - 12:00 PM",0,1,0,3,156,1,4,7,9,16
1201,285,0,285,1,21,"QLD","Regional","6:00 AM - 12:00 PM",1,1,0,1,78,2,3,4,3,7
1145,1091,0,1091,1,45,"NT","Regional","6:00 AM - 12:00 PM",1,1,1,2,66,2,4,10,10,20
1771,258,0,258,0,23,"NSW","Regional","6:00 PM - 12:00 AM",1,1,0,2,108,2,3,10,10,20
306,1799,1430,369,1,31,"WA","Regional","6:00 PM - 12:00 AM",1,1,0,2,66,1,3,7,6,13
454,4403,2335,2068,0,49,"NSW","Regional","6:00 PM - 12:00 AM",1,0,1,3,102,1,3,8,8,16
1847,634,0,634,1,34,"TAS","Urban","6:00 PM - 12:00 AM",0,1,1,3,96,1,3,8,8,16
47,1030,0,1030,1,31,"VIC","Urban","12:00 PM - 6:00 PM",1,1,0,2,162,2,2,4,7,11
1640,430,0,430,0,23,"ACT","Regional","6:00 PM - 12:00 AM",1,1,1,3,48,1,4,8,10,18
7,3886,2152,1734,0,50,"SA","Urban","12:00 AM - 6:00 AM",1,0,1,3,120,3,3,4,3,7
1252,4312,2383,1929,0,55,"NSW","Urban","6:00 AM - 12:00 PM",0,0,0,1,102,4,5,9,8,17
1194,4267,2263,2004,0,51,"NSW","Urban","6:00 AM - 12:00 PM",0,0,0,3,102,3,3,7,7,14
1120,2565,1385,1180,0,43,"ACT","Regional","6:00 AM - 12:00 PM",1,1,0,3,108,1,4,5,4,9
712,4407,2438,1969,1,54,"NSW","Urban","6:00 PM - 12:00 AM",0,1,0,2,36,3,2,8,5,13
1193,218,0,218,0,37,"ACT","Urban","6:00 AM - 12:00 PM",0,1,0,1,108,1,1,9,7,16
1447,270,0,270,1,22,"ACT","Urban","12:00 PM - 6:00 PM",1,1,1,2,24,2,3,4,1,5
1654,2870,1607,1263,0,51,"NSW","Urban","6:00 PM - 12:00 AM",0,0,0,3,114,4,2,4,8,12
724,355,0,355,1,29,"NSW","Regional","12:00 PM - 6:00 PM",0,1,0,3,120,2,3,7,7,14
399,1048,0,1048,1,43,"ACT","Regional","6:00 PM - 12:00 AM",1,1,1,1,18,2,2,0,0,0
1354,264,0,264,1,21,"NT","Urban","6:00 AM - 12:00 PM",0,1,0,2,30,1,4,5,5,10
357,3602,1853,1749,0,60,"SA","Urban","6:00 PM - 12:00 AM",0,0,0,3,30,1,2,5,7,12
1365,177,0,177,0,24,"TAS","Regional","6:00 AM - 12:00 PM",0,1,1,1,108,1,2,10,10,20
1815,446,0,446,0,27,"ACT","Urban","6:00 PM - 12:00 AM",0,1,1,2,132,1,4,10,10,20
427,298,0,298,0,24,"NSW","Regional","6:00 PM - 12:00 AM",0,1,1,1,84,1,3,10,10,20
472,3459,1933,1526,1,60,"NSW","Urban","6:00 PM - 12:00 AM",0,0,1,2,180,3,1,5,5,10
1906,4768,2673,2095,1,56,"NSW","Remote","6:00 PM - 12:00 AM",1,0,0,3,180,1,4,0,0,0
1716,1328,0,1328,1,41,"NSW","Urban","6:00 PM - 12:00 AM",0,1,0,3,90,1,2,10,10,20
1499,3061,1829,1232,0,43,"NSW","Urban","6:00 AM - 12:00 PM",0,0,0,3,72,4,3,10,6,16
905,2415,2013,402,1,57,"TAS","Regional","6:00 AM - 12:00 PM",0,0,1,3,150,2,4,10,10,20
1541,4152,2308,1844,1,53,"NSW","Regional","6:00 AM - 12:00 PM",0,0,0,3,30,1,2,0,1,1
575,251,0,251,0,53,"NSW","Urban","6:00 PM - 12:00 AM",0,1,1,2,30,1,5,0,2,2
426,417,0,417,0,26,"NT","Regional","6:00 PM - 12:00 AM",1,1,0,1,156,1,3,6,6,12
145,4529,2607,1922,0,49,"VIC","Urban","12:00 AM - 6:00 AM",0,0,0,2,48,2,4,9,10,19
947,1407,1106,301,1,39,"SA","Urban","6:00 AM - 12:00 PM",1,1,1,1,48,2,4,6,5,11
1979,4197,2397,1800,0,47,"NSW","Urban","12:00 PM - 6:00 PM",1,0,1,3,12,2,2,2,6,8
1769,1375,1249,126,0,28,"QLD","Regional","6:00 PM - 12:00 AM",1,1,1,2,60,1,4,4,7,11
1739,365,0,365,1,29,"WA","Regional","6:00 PM - 12:00 AM",0,1,0,3,168,2,3,6,6,12
16,416,0,416,1,28,"QLD","Urban","12:00 AM - 6:00 AM",0,1,1,2,126,2,2,7,5,12
790,1128,0,1128,0,33,"VIC","Urban","6:00 PM - 12:00 AM",1,1,0,2,96,2,4,8,8,16
539,3902,1871,2031,0,46,"WA","Urban","6:00 PM - 12:00 AM",1,0,0,3,30,4,4,5,5,10
1994,3336,1798,1538,1,40,"NSW","Urban","6:00 PM - 12:00 AM",0,1,1,2,102,3,3,8,4,12
1176,2823,1627,1196,0,56,"QLD","Urban","6:00 AM - 12:00 PM",1,0,0,3,162,2,3,7,7,14
1755,4229,1953,2276,0,58,"SA","Urban","6:00 PM - 12:00 AM",1,0,0,2,54,1,4,6,10,16
1328,405,0,405,1,24,"NSW","Urban","6:00 AM - 12:00 PM",0,1,0,3,18,2,3,2,2,4
727,4287,2268,2019,1,49,"VIC","Regional","6:00 PM - 12:00 AM",1,0,0,3,72,2,2,10,10,20
811,3117,1785,1332,0,49,"QLD","Regional","6:00 PM - 12:00 AM",0,0,1,3,84,4,4,10,10,20
594,326,0,326,1,23,"VIC","Urban","6:00 PM - 12:00 AM",1,1,0,3,144,2,4,7,7,14
238,345,0,345,1,25,"NSW","Urban","12:00 AM - 6:00 AM",1,0,0,3,84,1,3,7,2,9
1799,2961,1466,1495,0,50,"SA","Regional","6:00 PM - 12:00 AM",1,0,1,3,120,2,2,9,8,17
1666,281,0,281,0,23,"NSW","Regional","6:00 PM - 12:00 AM",1,1,1,3,36,1,2,8,8,16
110,3680,2191,1489,0,55,"NSW","Urban","12:00 AM - 6:00 AM",1,1,0,3,180,2,2,7,2,9
170,1930,1599,331,1,36,"NSW","Urban","12:00 AM - 6:00 AM",1,1,1,2,12,2,4,8,4,12
1982,687,0,687,1,25,"NSW","Urban","6:00 PM - 12:00 AM",1,1,0,3,120,1,2,7,4,11
1309,4065,2303,1762,1,52,"NSW","Urban","6:00 AM - 12:00 PM",0,0,1,1,150,3,4,6,3,9
163,1712,1325,387,0,26,"TAS","Regional","12:00 AM - 6:00 AM",1,1,0,2,132,2,4,8,5,13
1022,504,0,504,1,34,"VIC","Remote","6:00 AM - 12:00 PM",1,1,1,3,18,2,3,0,0,0
903,2028,1796,232,0,40,"VIC","Urban","6:00 AM - 12:00 PM",0,1,1,3,126,2,4,6,6,12
941,393,0,393,0,22,"VIC","Urban","6:00 AM - 12:00 PM",1,1,0,2,42,1,5,3,3,6
1192,436,0,436,1,24,"NSW","Regional","6:00 AM - 12:00 PM",1,1,0,3,150,1,3,3,0,3
1627,245,0,245,0,24,"QLD","Urban","6:00 PM - 12:00 AM",1,1,1,2,96,1,5,7,7,14
1328,405,0,405,1,24,"NSW","Urban","6:00 AM - 12:00 PM",0,1,0,3,18,2,3,2,2,4
393,1518,0,1518,0,41,"SA","Remote","6:00 PM - 12:00 AM",1,1,1,3,168,1,4,8,7,15
722,200,0,200,1,41,"ACT","Regional","6:00 PM - 12:00 AM",0,0,0,1,48,1,4,4,4,8
519,3346,1905,1441,0,53,"QLD","Urban","6:00 PM - 12:00 AM",0,0,1,3,132,2,5,9,5,14
15,1431,1182,249,1,29,"NSW","Urban","12:00 AM - 6:00 AM",1,1,1,2,60,2,2,10,9,19
1844,212,0,212,0,41,"QLD","Remote","6:00 PM - 12:00 AM",1,1,0,2,72,1,2,4,1,5
241,2911,1667,1244,0,59,"TAS","Urban","12:00 AM - 6:00 AM",0,1,0,3,18,2,4,5,5,10
1142,428,0,428,0,28,"VIC","Urban","6:00 AM - 12:00 PM",1,1,0,2,66,1,2,6,6,12
1053,1411,1258,153,1,45,"VIC","Regional","6:00 AM - 12:00 PM",1,1,1,1,150,1,3,5,1,6
313,390,0,390,1,28,"VIC","Urban","12:00 PM - 6:00 PM",1,1,0,3,48,2,2,6,2,8
1837,414,0,414,0,20,"NT","Urban","6:00 PM - 12:00 AM",1,1,0,2,18,2,4,4,1,5
745,1039,0,1039,0,29,"NSW","Regional","6:00 PM - 12:00 AM",1,0,0,1,144,2,3,6,5,11
1199,4229,2510,1719,1,57,"WA","Urban","6:00 AM - 12:00 PM",0,0,0,1,84,4,2,7,2,9
91,522,0,522,0,33,"NSW","Urban","12:00 PM - 6:00 PM",1,1,1,3,24,1,2,1,0,1
1506,3230,1966,1264,1,59,"ACT","Regional","6:00 AM - 12:00 PM",0,0,1,3,138,3,2,8,6,14
1126,375,0,375,1,24,"TAS","Urban","6:00 AM - 12:00 PM",1,1,0,3,78,1,4,9,7,16
1508,2996,1820,1176,1,42,"NSW","Urban","6:00 AM - 12:00 PM",0,0,0,2,108,1,4,10,7,17
1015,287,0,287,0,23,"VIC","Urban","6:00 AM - 12:00 PM",1,1,1,3,180,2,4,1,1,2
671,205,0,205,1,31,"QLD","Regional","6:00 PM - 12:00 AM",1,0,1,3,126,1,4,4,7,11
1592,1950,1433,517,0,33,"QLD","Regional","6:00 AM - 12:00 PM",1,0,1,3,126,1,3,8,10,18
1386,1657,1311,346,1,28,"QLD","Urban","6:00 AM - 12:00 PM",0,1,1,3,48,2,3,0,4,4
1450,1856,1654,202,0,38,"NSW","Remote","6:00 AM - 12:00 PM",0,0,0,3,114,2,2,8,10,18
1937,1774,1401,373,1,39,"TAS","Urban","6:00 PM - 12:00 AM",0,0,0,3,60,2,4,10,8,18
88,162,0,162,1,23,"NSW","Regional","12:00 AM - 6:00 AM",1,0,1,3,102,1,2,8,6,14
738,3174,1675,1499,1,60,"SA","Urban","6:00 PM - 12:00 AM",1,0,0,2,84,4,3,10,7,17
186,2968,1748,1220,1,43,"SA","Urban","12:00 AM - 6:00 AM",0,0,1,3,168,4,5,5,5,10
1653,452,0,452,1,35,"VIC","Urban","6:00 PM - 12:00 AM",1,1,0,3,180,2,3,6,4,10
35,157,0,157,0,40,"NSW","Urban","12:00 AM - 6:00 AM",0,1,0,3,168,1,2,1,1,2
1019,622,0,622,0,38,"VIC","Regional","6:00 AM - 12:00 PM",1,1,0,3,66,1,4,10,10,20
315,2567,1500,1067,1,56,"VIC","Urban","6:00 PM - 12:00 AM",0,1,1,3,90,3,2,9,8,17
1857,4604,2344,2260,1,46,"NSW","Urban","12:00 PM - 6:00 PM",1,0,0,2,30,1,3,4,5,9
39,4465,2337,2128,0,55,"NSW","Regional","12:00 AM - 6:00 AM",1,0,0,1,180,3,3,1,2,3
825,3689,2066,1623,0,43,"NSW","Urban","6:00 PM - 12:00 AM",0,0,0,2,12,1,5,0,0,0
1470,3229,1715,1514,1,53,"NSW","Regional","6:00 AM - 12:00 PM",0,0,0,2,60,4,3,10,7,17
1448,2934,1635,1299,1,49,"WA","Regional","6:00 AM - 12:00 PM",0,0,0,3,42,1,2,7,6,13
971,231,0,231,0,24,"VIC","Urban","6:00 AM - 12:00 PM",1,1,0,3,180,1,2,5,2,7
1228,174,0,174,0,21,"NSW","Urban","6:00 AM - 12:00 PM",1,1,0,3,156,1,3,3,3,6
106,1872,1637,235,1,30,"NSW","Urban","12:00 AM - 6:00 AM",1,0,0,1,168,1,4,9,8,17
74,453,0,453,0,22,"VIC","Urban","12:00 AM - 6:00 AM",0,1,1,2,156,1,5,10,9,19
1355,826,0,826,1,33,"NSW","Urban","6:00 AM - 12:00 PM",1,1,0,2,48,2,4,7,8,15
968,436,0,436,0,27,"VIC","Regional","12:00 PM - 6:00 PM",1,1,1,2,84,2,3,4,3,7
1534,314,0,314,0,22,"NSW","Urban","6:00 AM - 12:00 PM",1,1,1,3,60,2,3,9,8,17
1381,1102,0,1102,1,26,"NSW","Regional","6:00 AM - 12:00 PM",0,1,1,1,36,1,3,2,0,2
647,3816,1821,1995,0,50,"ACT","Urban","6:00 PM - 12:00 AM",0,0,0,3,90,4,4,10,8,18
1803,1888,1634,254,1,37,"VIC","Urban","6:00 PM - 12:00 AM",0,1,0,3,84,2,4,10,10,20
1813,3126,1635,1491,1,48,"NSW","Regional","12:00 PM - 6:00 PM",0,0,0,3,96,2,4,8,4,12
3,167,0,167,0,37,"VIC","Urban","12:00 PM - 6:00 PM",1,1,0,3,18,1,3,7,2,9
266,396,0,396,1,20,"SA","Regional","12:00 AM - 6:00 AM",1,0,1,3,54,1,4,9,8,17
538,3942,1956,1986,1,52,"NT","Remote","6:00 PM - 12:00 AM",0,0,1,2,126,4,3,9,5,14
1724,202,0,202,1,24,"NSW","Urban","12:00 PM - 6:00 PM",0,1,1,3,84,1,3,6,5,11
1905,3961,2039,1922,1,44,"NSW","Remote","6:00 PM - 12:00 AM",0,0,0,3,132,2,3,4,4,8
1487,3976,2013,1963,0,46,"VIC","Urban","6:00 AM - 12:00 PM",0,0,0,3,102,1,3,10,10,20
780,2127,1838,289,0,41,"NT","Regional","12:00 PM - 6:00 PM",0,1,0,3,66,1,3,3,7,10
487,373,0,373,1,28,"VIC","Remote","6:00 PM - 12:00 AM",1,1,1,3,132,2,4,9,9,18
1541,4152,2308,1844,1,53,"NSW","Regional","6:00 AM - 12:00 PM",0,0,0,3,30,1,2,0,1,1
172,208,0,208,1,26,"NSW","Urban","12:00 AM - 6:00 AM",1,1,1,1,72,1,4,6,6,12
1996,3285,1968,1317,0,42,"TAS","Urban","6:00 PM - 12:00 AM",0,0,0,1,168,1,3,6,10,16
334,3589,2011,1578,0,49,"WA","Regional","6:00 PM - 12:00 AM",0,0,1,3,102,3,3,9,8,17
1368,229,0,229,1,24,"WA","Urban","6:00 AM - 12:00 PM",1,1,1,3,42,1,4,8,10,18
1117,685,0,685,0,39,"QLD","Urban","6:00 AM - 12:00 PM",1,1,0,2,144,1,3,10,8,18
1993,734,0,734,1,28,"QLD","Regional","6:00 PM - 12:00 AM",1,1,0,1,168,2,3,7,4,11
1048,1522,0,1522,1,46,"VIC","Regional","6:00 AM - 12:00 PM",0,1,1,2,144,2,3,4,8,12
418,852,0,852,1,44,"VIC","Regional","6:00 PM - 12:00 AM",0,1,1,3,132,1,2,7,4,11
491,1618,0,1618,0,43,"VIC","Remote","12:00 PM - 6:00 PM",0,1,0,3,90,2,3,8,8,16
772,3290,1788,1502,0,44,"ACT","Urban","6:00 PM - 12:00 AM",0,0,0,3,30,3,3,4,3,7
325,1254,0,1254,1,34,"TAS","Urban","6:00 PM - 12:00 AM",1,1,0,3,12,2,3,3,3,6
1666,281,0,281,0,23,"NSW","Regional","6:00 PM - 12:00 AM",1,1,1,3,36,1,2,8,8,16
1822,312,0,312,1,23,"QLD","Urban","6:00 PM - 12:00 AM",1,1,0,3,96,2,3,10,10,20
198,1489,1281,208,1,24,"QLD","Regional","12:00 AM - 6:00 AM",1,1,0,3,120,2,3,10,10,20
549,155,0,155,0,25,"QLD","Remote","6:00 PM - 12:00 AM",0,1,0,3,132,1,2,8,8,16
609,4369,2127,2242,0,58,"TAS","Regional","6:00 PM - 12:00 AM",0,0,0,3,84,1,5,10,10,20
96,395,0,395,1,20,"VIC","Regional","12:00 AM - 6:00 AM",0,1,0,2,120,1,3,10,9,19
413,4344,2448,1896,1,57,"VIC","Regional","12:00 PM - 6:00 PM",0,0,0,2,84,2,4,10,10,20
1572,257,0,257,1,53,"SA","Urban","6:00 AM - 12:00 PM",1,0,0,1,150,1,3,4,4,8
