"ID","TotalSpending","InternationalSpend","DomesticSpend","Female","Age","HomeState","HomeRegion","BookingTime","DeviceTypeMobileTablet","Windows.Android","PromotionsUsed","EaseOfUse","UsageDuration","BookingCount","AvailableFlights","Satisfaction","NetPromoterScore","TotalSatisfaction"
868,4795,2624,2171,0,51,"NSW","Urban","12:00 PM - 6:00 PM",1,0,0,3,66,2,3,10,9,19
656,3923,2098,1825,1,56,"NSW","Urban","6:00 PM - 12:00 AM",1,0,0,3,156,1,4,2,1,3
801,252,0,252,0,51,"VIC","Urban","6:00 PM - 12:00 AM",1,0,1,3,180,1,4,1,1,2
987,1284,0,1284,0,52,"VIC","Urban","6:00 AM - 12:00 PM",0,1,0,3,126,1,4,8,4,12
1112,199,0,199,1,56,"VIC","Urban","12:00 PM - 6:00 PM",1,1,0,2,54,1,2,7,8,15
706,3357,1946,1411,0,59,"NSW","Remote","6:00 PM - 12:00 AM",0,0,0,3,162,2,2,2,2,4
887,2209,1785,424,0,36,"VIC","Urban","6:00 AM - 12:00 PM",0,0,0,1,66,2,4,7,7,14
531,3924,1807,2117,1,60,"VIC","Urban","6:00 PM - 12:00 AM",0,0,1,2,162,3,3,3,2,5
479,178,0,178,1,44,"NSW","Urban","6:00 PM - 12:00 AM",1,1,1,2,162,1,2,3,2,5
511,817,0,817,1,34,"QLD","Urban","6:00 PM - 12:00 AM",0,1,1,3,132,2,4,10,10,20
1352,749,0,749,0,30,"NSW","Urban","6:00 AM - 12:00 PM",1,1,0,2,126,2,4,7,8,15
971,231,0,231,0,24,"VIC","Urban","6:00 AM - 12:00 PM",1,1,0,3,180,1,2,5,2,7
1288,4086,1976,2110,0,50,"NSW","Urban","6:00 AM - 12:00 PM",0,0,0,3,90,3,3,8,5,13
1530,2816,1613,1203,0,37,"ACT","Urban","6:00 AM - 12:00 PM",1,1,0,1,102,4,4,9,7,16
1139,620,0,620,0,38,"NSW","Remote","6:00 AM - 12:00 PM",1,1,0,3,162,1,2,7,6,13
342,3539,1977,1562,0,53,"VIC","Regional","6:00 PM - 12:00 AM",0,0,0,2,30,4,4,3,3,6
281,4281,2293,1988,1,49,"NSW","Urban","12:00 AM - 6:00 AM",0,0,0,1,180,3,5,7,5,12
986,654,0,654,1,43,"QLD","Regional","6:00 AM - 12:00 PM",1,1,0,3,60,1,2,5,5,10
932,1516,0,1516,1,51,"SA","Regional","6:00 AM - 12:00 PM",0,0,1,1,102,1,2,10,10,20
267,3018,1557,1461,0,57,"VIC","Regional","12:00 AM - 6:00 AM",0,0,1,1,54,4,2,4,6,10
1518,292,0,292,1,46,"WA","Urban","6:00 AM - 12:00 PM",1,0,0,2,96,1,2,6,6,12
44,367,0,367,1,26,"NSW","Urban","12:00 AM - 6:00 AM",0,1,1,3,96,1,4,10,10,20
531,3924,1807,2117,1,60,"VIC","Urban","6:00 PM - 12:00 AM",0,0,1,2,162,3,3,3,2,5
1244,770,0,770,1,38,"ACT","Urban","6:00 AM - 12:00 PM",1,1,1,1,150,2,3,9,9,18
864,4434,2090,2344,0,48,"QLD","Urban","6:00 PM - 12:00 AM",0,1,0,3,162,4,3,4,8,12
50,194,0,194,0,38,"VIC","Regional","12:00 AM - 6:00 AM",0,1,0,2,48,1,4,4,5,9
724,355,0,355,1,29,"NSW","Regional","12:00 PM - 6:00 PM",0,1,0,3,120,2,3,7,7,14
148,3785,2091,1694,1,46,"QLD","Urban","12:00 AM - 6:00 AM",0,0,0,2,180,2,2,2,0,2
1622,1441,0,1441,0,48,"VIC","Urban","6:00 PM - 12:00 AM",0,0,0,3,66,1,3,10,10,20
1598,148,0,148,1,58,"NSW","Urban","6:00 AM - 12:00 PM",1,0,1,3,168,1,2,0,2,2
1009,909,0,909,0,45,"VIC","Urban","6:00 AM - 12:00 PM",1,1,0,3,78,2,3,6,5,11
1304,475,0,475,0,30,"NSW","Regional","6:00 AM - 12:00 PM",0,1,0,2,48,2,3,4,3,7
1641,1774,0,1774,1,51,"VIC","Regional","6:00 PM - 12:00 AM",1,1,1,3,90,3,3,10,9,19
811,3117,1785,1332,0,49,"QLD","Regional","6:00 PM - 12:00 AM",0,0,1,3,84,4,4,10,10,20
491,1618,0,1618,0,43,"VIC","Remote","12:00 PM - 6:00 PM",0,1,0,3,90,2,3,8,8,16
973,1415,1165,250,1,43,"WA","Regional","6:00 AM - 12:00 PM",1,1,1,2,54,2,2,9,10,19
370,158,0,158,0,27,"VIC","Urban","6:00 PM - 12:00 AM",1,1,1,3,90,1,4,4,7,11
2,1469,0,1469,1,39,"VIC","Urban","12:00 PM - 6:00 PM",1,1,1,3,24,1,3,6,2,8
1514,669,0,669,0,27,"TAS","Remote","6:00 AM - 12:00 PM",1,1,1,3,12,1,2,6,2,8
1807,370,0,370,0,20,"WA","Urban","6:00 PM - 12:00 AM",0,1,0,3,138,1,3,8,10,18
423,381,0,381,1,26,"VIC","Urban","6:00 PM - 12:00 AM",0,1,0,1,48,1,2,3,3,6
1671,4215,2317,1898,1,57,"ACT","Urban","6:00 PM - 12:00 AM",0,0,0,3,42,2,4,6,6,12
327,181,0,181,0,25,"VIC","Urban","6:00 PM - 12:00 AM",1,1,1,2,96,1,2,7,8,15
1689,2937,1707,1230,1,46,"NSW","Regional","6:00 PM - 12:00 AM",1,0,0,2,18,1,3,0,1,1
177,3531,1873,1658,0,44,"NSW","Urban","12:00 AM - 6:00 AM",0,0,0,3,132,4,4,5,5,10
1686,3716,2157,1559,0,54,"NT","Urban","6:00 PM - 12:00 AM",0,0,0,2,120,2,2,10,10,20
345,2653,1259,1394,0,37,"QLD","Urban","6:00 PM - 12:00 AM",1,1,0,3,120,3,5,6,5,11
1659,1510,1313,197,1,35,"WA","Urban","6:00 PM - 12:00 AM",1,1,1,3,114,2,2,10,10,20
314,1433,1233,200,0,24,"VIC","Urban","6:00 PM - 12:00 AM",1,1,0,1,78,1,2,6,7,13
1407,1752,1406,346,0,26,"WA","Regional","6:00 AM - 12:00 PM",0,1,1,2,48,1,3,7,6,13
1769,1375,1249,126,0,28,"QLD","Regional","6:00 PM - 12:00 AM",1,1,1,2,60,1,4,4,7,11
1200,4647,2638,2009,0,52,"NT","Urban","6:00 AM - 12:00 PM",0,0,1,3,24,1,4,9,8,17
1694,915,0,915,1,36,"NSW","Urban","6:00 PM - 12:00 AM",1,1,0,2,84,2,3,8,10,18
728,1522,1203,319,1,27,"NT","Regional","6:00 PM - 12:00 AM",0,0,1,3,168,1,2,7,6,13
1934,3513,2005,1508,0,44,"VIC","Regional","6:00 PM - 12:00 AM",0,0,0,3,150,3,3,7,7,14
1675,854,0,854,1,39,"NSW","Urban","6:00 PM - 12:00 AM",1,1,1,1,168,2,3,2,5,7
1301,3579,1751,1828,1,58,"NSW","Urban","6:00 AM - 12:00 PM",0,0,0,3,138,2,3,6,3,9
1106,239,0,239,0,21,"NSW","Regional","6:00 AM - 12:00 PM",1,1,0,3,96,1,3,10,10,20
400,222,0,222,1,21,"NSW","Regional","6:00 PM - 12:00 AM",1,1,0,3,72,1,3,4,5,9
473,628,0,628,1,36,"VIC","Urban","6:00 PM - 12:00 AM",0,1,0,2,66,2,4,10,10,20
1464,3208,1815,1393,0,53,"VIC","Urban","6:00 AM - 12:00 PM",1,0,0,3,48,2,2,7,8,15
1125,401,0,401,1,29,"VIC","Remote","12:00 PM - 6:00 PM",1,1,1,3,54,2,2,10,9,19
1342,281,0,281,1,24,"TAS","Regional","6:00 AM - 12:00 PM",1,1,0,3,168,1,5,4,2,6
30,1404,1175,229,1,35,"SA","Urban","12:00 AM - 6:00 AM",1,1,0,3,102,2,2,6,10,16
1428,4284,2202,2082,0,53,"NSW","Urban","6:00 AM - 12:00 PM",0,0,1,3,24,4,2,3,0,3
651,3687,1928,1759,0,53,"NSW","Urban","6:00 PM - 12:00 AM",0,0,1,3,78,2,2,8,8,16
1687,3658,2111,1547,0,57,"NSW","Regional","6:00 PM - 12:00 AM",1,0,0,2,150,3,2,4,4,8
1529,4371,2411,1960,0,44,"NT","Urban","6:00 AM - 12:00 PM",0,0,0,2,102,3,4,10,9,19
43,3818,2089,1729,0,59,"NSW","Urban","12:00 AM - 6:00 AM",1,0,1,3,66,2,3,10,10,20
1520,1494,1378,116,1,26,"WA","Urban","6:00 AM - 12:00 PM",1,1,0,3,132,1,2,2,2,4
1800,416,0,416,0,29,"VIC","Regional","6:00 PM - 12:00 AM",1,1,1,2,42,1,4,3,3,6
139,1309,1165,144,0,20,"QLD","Urban","12:00 AM - 6:00 AM",1,0,0,3,108,1,4,9,10,19
1728,181,0,181,1,52,"SA","Urban","6:00 PM - 12:00 AM",1,1,1,3,138,1,2,7,6,13
1686,3716,2157,1559,0,54,"NT","Urban","6:00 PM - 12:00 AM",0,0,0,2,120,2,2,10,10,20
1419,3214,2016,1198,1,41,"ACT","Urban","6:00 AM - 12:00 PM",1,1,1,3,72,3,3,7,5,12
1688,208,0,208,1,43,"SA","Urban","6:00 PM - 12:00 AM",1,1,1,2,30,1,4,6,8,14
251,280,0,280,1,21,"NSW","Urban","12:00 AM - 6:00 AM",1,1,1,3,180,1,4,3,7,10
61,3325,1928,1397,1,57,"VIC","Urban","12:00 AM - 6:00 AM",1,0,1,3,24,1,3,0,0,0
657,1466,1266,200,0,39,"NSW","Urban","12:00 PM - 6:00 PM",1,1,0,3,138,2,2,6,1,7
56,4141,2691,1450,1,58,"NSW","Urban","12:00 AM - 6:00 AM",1,0,1,3,108,4,2,10,9,19
1138,4713,2072,2641,0,46,"ACT","Urban","6:00 AM - 12:00 PM",0,0,0,2,114,3,2,5,5,10
1796,4034,2045,1989,1,60,"VIC","Remote","6:00 PM - 12:00 AM",0,0,0,2,36,3,3,5,1,6
824,4159,1829,2330,1,57,"NSW","Urban","12:00 PM - 6:00 PM",1,0,0,1,60,4,4,7,6,13
1383,1261,1064,197,1,24,"QLD","Urban","6:00 AM - 12:00 PM",1,1,1,3,102,2,3,8,6,14
1932,4102,2313,1789,0,55,"NSW","Urban","6:00 PM - 12:00 AM",0,0,1,3,72,3,3,10,9,19
1943,991,0,991,1,35,"NSW","Urban","6:00 PM - 12:00 AM",0,0,0,3,48,2,3,9,9,18
309,647,0,647,1,45,"VIC","Urban","6:00 PM - 12:00 AM",1,1,1,3,138,1,4,6,5,11
25,918,0,918,1,36,"VIC","Urban","12:00 PM - 6:00 PM",1,1,0,1,42,1,3,4,3,7
1153,337,0,337,1,21,"WA","Urban","6:00 AM - 12:00 PM",1,1,0,3,96,2,2,9,9,18
1357,1497,1333,164,1,38,"VIC","Urban","6:00 AM - 12:00 PM",0,1,0,3,120,1,3,10,9,19
1977,444,0,444,1,20,"VIC","Remote","6:00 PM - 12:00 AM",1,1,0,2,114,2,4,10,5,15
1633,749,0,749,1,35,"VIC","Urban","6:00 PM - 12:00 AM",1,1,0,3,54,2,3,3,3,6
159,3191,1643,1548,1,44,"NSW","Urban","12:00 AM - 6:00 AM",0,0,1,1,102,3,2,10,9,19
615,3434,1834,1600,1,50,"NT","Regional","6:00 PM - 12:00 AM",1,0,0,1,60,4,4,10,10,20
463,1192,0,1192,0,37,"NSW","Urban","6:00 PM - 12:00 AM",0,1,1,2,102,2,4,8,10,18
421,282,0,282,0,20,"NSW","Remote","6:00 PM - 12:00 AM",1,1,1,3,168,1,4,2,3,5
369,4152,2281,1871,1,60,"QLD","Urban","12:00 PM - 6:00 PM",0,0,0,2,36,1,3,3,3,6
88,162,0,162,1,23,"NSW","Regional","12:00 AM - 6:00 AM",1,0,1,3,102,1,2,8,6,14
939,1653,1513,140,1,27,"NSW","Regional","6:00 AM - 12:00 PM",1,1,1,3,138,2,3,10,10,20
763,774,0,774,0,27,"QLD","Regional","6:00 PM - 12:00 AM",1,1,0,3,114,1,3,10,10,20
423,381,0,381,1,26,"VIC","Urban","6:00 PM - 12:00 AM",0,1,0,1,48,1,2,3,3,6
1473,4592,2290,2302,0,56,"TAS","Urban","6:00 AM - 12:00 PM",1,0,1,3,78,3,3,9,8,17
291,237,0,237,1,21,"VIC","Urban","12:00 PM - 6:00 PM",1,1,0,1,18,1,2,2,0,2
601,951,0,951,0,30,"TAS","Urban","6:00 PM - 12:00 AM",0,1,0,3,90,1,3,5,3,8
925,1007,0,1007,0,42,"VIC","Remote","6:00 AM - 12:00 PM",1,1,0,3,66,2,2,10,5,15
1346,1474,1184,290,1,26,"WA","Urban","6:00 AM - 12:00 PM",0,1,1,1,138,2,3,8,7,15
1796,4034,2045,1989,1,60,"VIC","Remote","6:00 PM - 12:00 AM",0,0,0,2,36,3,3,5,1,6
189,1853,1477,376,0,29,"TAS","Urban","12:00 AM - 6:00 AM",1,1,1,3,138,2,4,9,10,19
1614,1221,1042,179,1,26,"QLD","Urban","6:00 AM - 12:00 PM",1,0,1,1,54,1,2,3,4,7
234,201,0,201,0,35,"NT","Urban","12:00 AM - 6:00 AM",1,0,0,2,90,1,2,4,8,12
426,417,0,417,0,26,"NT","Regional","6:00 PM - 12:00 AM",1,1,0,1,156,1,3,6,6,12
1906,4768,2673,2095,1,56,"NSW","Remote","6:00 PM - 12:00 AM",1,0,0,3,180,1,4,0,0,0
1492,3574,2305,1269,0,58,"NSW","Regional","6:00 AM - 12:00 PM",0,0,0,3,54,1,2,6,9,15
9,203,0,203,0,21,"NSW","Urban","12:00 AM - 6:00 AM",0,1,0,1,42,1,2,6,9,15
676,3850,2046,1804,1,58,"VIC","Urban","6:00 PM - 12:00 AM",0,1,0,1,36,2,5,1,1,2
1856,1971,1467,504,1,40,"NSW","Urban","6:00 PM - 12:00 AM",0,1,1,3,162,2,3,1,0,1
888,1373,1137,236,1,21,"WA","Urban","6:00 AM - 12:00 PM",1,1,0,3,48,1,3,3,1,4
703,1157,0,1157,1,30,"SA","Urban","6:00 PM - 12:00 AM",1,1,1,2,126,2,1,4,4,8
1988,147,0,147,0,25,"VIC","Urban","6:00 PM - 12:00 AM",1,1,0,3,72,1,1,5,5,10
1,1922,1527,395,0,26,"WA","Urban","12:00 PM - 6:00 PM",1,1,1,3,174,2,3,2,6,8
724,355,0,355,1,29,"NSW","Regional","12:00 PM - 6:00 PM",0,1,0,3,120,2,3,7,7,14
643,4266,2359,1907,0,52,"QLD","Urban","6:00 PM - 12:00 AM",1,0,0,2,24,1,3,4,8,12
454,4403,2335,2068,0,49,"NSW","Regional","6:00 PM - 12:00 AM",1,0,1,3,102,1,3,8,8,16
447,4481,1939,2542,0,55,"VIC","Regional","12:00 PM - 6:00 PM",0,0,0,3,108,3,3,8,10,18
1280,1577,1377,200,0,39,"VIC","Regional","12:00 PM - 6:00 PM",1,1,1,3,156,2,3,7,7,14
198,1489,1281,208,1,24,"QLD","Regional","12:00 AM - 6:00 AM",1,1,0,3,120,2,3,10,10,20
1749,1716,1372,344,1,34,"NSW","Urban","6:00 PM - 12:00 AM",1,1,1,1,54,2,4,9,5,14
1767,1688,1350,338,1,31,"NSW","Urban","6:00 PM - 12:00 AM",0,1,1,3,120,2,3,8,10,18
1210,269,0,269,0,52,"ACT","Remote","6:00 AM - 12:00 PM",1,1,0,1,168,1,4,1,5,6
811,3117,1785,1332,0,49,"QLD","Regional","6:00 PM - 12:00 AM",0,0,1,3,84,4,4,10,10,20
1098,2037,1526,511,1,40,"VIC","Urban","6:00 AM - 12:00 PM",1,1,0,3,162,1,3,0,3,3
1134,142,0,142,1,26,"TAS","Remote","6:00 AM - 12:00 PM",1,1,0,2,180,1,2,3,6,9
94,815,0,815,1,24,"VIC","Urban","12:00 AM - 6:00 AM",0,1,1,2,42,2,3,9,8,17
1411,328,0,328,0,22,"TAS","Urban","6:00 AM - 12:00 PM",1,1,0,3,84,1,4,6,7,13
931,1729,1454,275,1,40,"VIC","Urban","6:00 AM - 12:00 PM",1,1,1,3,90,1,3,10,10,20
619,2003,1673,330,1,44,"VIC","Regional","6:00 PM - 12:00 AM",1,1,0,3,138,2,3,6,2,8
725,3234,1997,1237,0,49,"NSW","Urban","6:00 PM - 12:00 AM",0,0,1,3,12,4,2,0,0,0
221,188,0,188,0,42,"NT","Regional","12:00 AM - 6:00 AM",1,0,0,2,12,1,3,2,0,2
59,967,0,967,0,45,"WA","Urban","12:00 AM - 6:00 AM",0,1,0,3,72,2,2,7,3,10
772,3290,1788,1502,0,44,"ACT","Urban","6:00 PM - 12:00 AM",0,0,0,3,30,3,3,4,3,7
850,3487,1991,1496,1,46,"NSW","Urban","6:00 PM - 12:00 AM",0,0,1,2,72,1,3,6,5,11
708,3880,2271,1609,1,58,"NSW","Remote","6:00 PM - 12:00 AM",1,0,0,3,78,1,3,10,9,19
1547,184,0,184,0,60,"NSW","Regional","6:00 AM - 12:00 PM",1,0,0,1,48,1,3,6,3,9
1819,1419,1302,117,1,37,"NSW","Urban","6:00 PM - 12:00 AM",1,1,0,1,84,2,3,10,9,19
1393,200,0,200,0,34,"NSW","Urban","6:00 AM - 12:00 PM",1,1,1,2,120,1,2,9,6,15
265,236,0,236,1,59,"TAS","Urban","12:00 AM - 6:00 AM",1,0,0,3,66,1,2,7,7,14
12,859,0,859,0,33,"NSW","Regional","12:00 AM - 6:00 AM",1,1,0,3,66,2,4,2,5,7
1469,317,0,317,1,21,"TAS","Urban","12:00 PM - 6:00 PM",1,1,1,1,156,2,4,6,6,12
1824,3735,2055,1680,1,52,"QLD","Urban","12:00 PM - 6:00 PM",1,0,1,3,126,4,3,8,10,18
1360,890,0,890,1,26,"TAS","Urban","6:00 AM - 12:00 PM",1,1,1,3,30,1,1,8,6,14
411,796,0,796,1,26,"NSW","Regional","6:00 PM - 12:00 AM",1,1,1,1,150,1,4,6,5,11
1750,4200,2103,2097,0,59,"NSW","Remote","6:00 PM - 12:00 AM",1,0,0,3,168,1,4,5,6,11
414,1330,1183,147,0,37,"NSW","Urban","6:00 PM - 12:00 AM",0,1,0,3,150,1,3,8,5,13
1812,518,0,518,1,28,"TAS","Urban","6:00 PM - 12:00 AM",0,1,0,1,66,2,3,5,4,9
517,2949,1719,1230,1,59,"NSW","Urban","6:00 PM - 12:00 AM",0,0,0,3,66,4,2,10,9,19
73,1324,1144,180,1,23,"NSW","Regional","12:00 AM - 6:00 AM",1,1,1,3,102,2,5,9,10,19
27,1371,1149,222,1,30,"NSW","Urban","12:00 AM - 6:00 AM",1,1,1,3,90,1,4,8,6,14
554,431,0,431,1,22,"WA","Urban","6:00 PM - 12:00 AM",0,1,0,3,138,2,2,9,8,17
35,157,0,157,0,40,"NSW","Urban","12:00 AM - 6:00 AM",0,1,0,3,168,1,2,1,1,2
1070,2185,1718,467,0,56,"TAS","Urban","6:00 AM - 12:00 PM",0,1,1,3,144,2,4,4,4,8
968,436,0,436,0,27,"VIC","Regional","12:00 PM - 6:00 PM",1,1,1,2,84,2,3,4,3,7
49,3869,2366,1503,0,50,"NSW","Urban","12:00 AM - 6:00 AM",1,0,1,3,168,2,2,3,5,8
1765,291,0,291,1,20,"NSW","Urban","6:00 PM - 12:00 AM",1,1,1,3,138,1,3,8,8,16
1609,230,0,230,0,46,"NSW","Regional","6:00 AM - 12:00 PM",1,1,0,3,36,1,2,7,3,10
630,1257,0,1257,1,42,"NSW","Urban","6:00 PM - 12:00 AM",0,1,0,3,90,1,3,2,5,7
1500,769,0,769,1,26,"VIC","Urban","6:00 AM - 12:00 PM",1,1,1,1,96,1,3,6,6,12
611,252,0,252,0,21,"ACT","Urban","6:00 PM - 12:00 AM",0,1,1,3,84,1,4,9,8,17
513,3710,2013,1697,0,58,"QLD","Remote","12:00 PM - 6:00 PM",0,0,1,1,48,2,2,9,10,19
433,1095,0,1095,1,38,"NSW","Remote","6:00 PM - 12:00 AM",0,1,0,1,90,2,3,5,4,9
255,329,0,329,0,20,"VIC","Regional","12:00 AM - 6:00 AM",1,0,0,3,120,2,4,8,6,14
926,1286,0,1286,1,50,"QLD","Urban","6:00 AM - 12:00 PM",0,1,0,1,90,2,2,7,7,14
918,303,0,303,0,24,"VIC","Urban","6:00 AM - 12:00 PM",1,1,0,3,102,1,4,10,5,15
611,252,0,252,0,21,"ACT","Urban","6:00 PM - 12:00 AM",0,1,1,3,84,1,4,9,8,17
1145,1091,0,1091,1,45,"NT","Regional","6:00 AM - 12:00 PM",1,1,1,2,66,2,4,10,10,20
473,628,0,628,1,36,"VIC","Urban","6:00 PM - 12:00 AM",0,1,0,2,66,2,4,10,10,20
887,2209,1785,424,0,36,"VIC","Urban","6:00 AM - 12:00 PM",0,0,0,1,66,2,4,7,7,14
790,1128,0,1128,0,33,"VIC","Urban","6:00 PM - 12:00 AM",1,1,0,2,96,2,4,8,8,16
1954,1243,0,1243,1,37,"VIC","Regional","6:00 PM - 12:00 AM",1,0,1,2,42,2,3,10,5,15
1834,3777,2024,1753,1,47,"VIC","Urban","6:00 PM - 12:00 AM",1,0,1,2,108,1,3,8,10,18
1365,177,0,177,0,24,"TAS","Regional","6:00 AM - 12:00 PM",0,1,1,1,108,1,2,10,10,20
1866,3541,2038,1503,1,44,"QLD","Urban","6:00 PM - 12:00 AM",0,0,1,3,102,4,2,7,8,15
1722,1139,0,1139,1,43,"NSW","Remote","6:00 PM - 12:00 AM",1,1,0,1,54,2,4,7,6,13
1634,196,0,196,1,54,"VIC","Urban","6:00 PM - 12:00 AM",1,1,0,3,132,1,4,8,10,18
138,4079,2215,1864,1,43,"NSW","Urban","12:00 AM - 6:00 AM",1,0,1,2,108,1,5,7,9,16
763,774,0,774,0,27,"QLD","Regional","6:00 PM - 12:00 AM",1,1,0,3,114,1,3,10,10,20
926,1286,0,1286,1,50,"QLD","Urban","6:00 AM - 12:00 PM",0,1,0,1,90,2,2,7,7,14
511,817,0,817,1,34,"QLD","Urban","6:00 PM - 12:00 AM",0,1,1,3,132,2,4,10,10,20
1058,1655,0,1655,1,59,"VIC","Urban","6:00 AM - 12:00 PM",0,1,1,3,144,2,3,6,5,11
873,2604,1360,1244,1,54,"WA","Urban","6:00 PM - 12:00 AM",0,0,0,3,48,3,3,4,7,11
269,184,0,184,1,21,"NT","Urban","12:00 PM - 6:00 PM",1,1,0,1,72,1,3,3,2,5
764,2970,1740,1230,1,45,"NSW","Urban","6:00 PM - 12:00 AM",0,0,1,2,156,4,3,4,3,7
212,3015,1694,1321,0,42,"WA","Urban","12:00 AM - 6:00 AM",0,0,1,3,66,2,4,10,10,20
90,396,0,396,1,23,"SA","Urban","12:00 AM - 6:00 AM",0,0,0,3,132,1,4,8,8,16
1752,4253,2184,2069,0,52,"NSW","Urban","6:00 PM - 12:00 AM",0,0,1,3,72,1,3,6,8,14
1247,1661,1340,321,0,33,"TAS","Urban","12:00 PM - 6:00 PM",1,1,1,1,24,2,2,2,0,2
1853,2927,1543,1384,1,40,"NSW","Regional","6:00 PM - 12:00 AM",1,1,1,3,126,3,5,8,8,16
384,4208,2092,2116,1,55,"NSW","Urban","6:00 PM - 12:00 AM",0,0,0,2,132,2,2,6,5,11
1929,4346,2401,1945,1,44,"NT","Urban","6:00 PM - 12:00 AM",1,0,0,3,132,4,4,8,7,15
400,222,0,222,1,21,"NSW","Regional","6:00 PM - 12:00 AM",1,1,0,3,72,1,3,4,5,9
522,3113,1708,1405,1,48,"QLD","Urban","6:00 PM - 12:00 AM",1,0,0,3,60,2,3,3,2,5
1057,439,0,439,1,29,"NSW","Urban","12:00 PM - 6:00 PM",0,1,0,1,90,1,2,9,10,19
34,1859,1464,395,0,45,"TAS","Urban","12:00 AM - 6:00 AM",1,1,0,1,60,1,2,2,1,3
958,364,0,364,0,22,"SA","Remote","6:00 AM - 12:00 PM",1,1,1,2,126,1,2,6,5,11
1810,1423,0,1423,0,41,"ACT","Urban","6:00 PM - 12:00 AM",0,1,1,3,30,2,4,6,10,16
359,1369,1144,225,1,20,"VIC","Urban","6:00 PM - 12:00 AM",1,1,0,3,48,2,2,6,4,10
1827,3678,2126,1552,1,56,"NT","Urban","6:00 PM - 12:00 AM",1,0,1,3,12,1,2,0,0,0
1251,487,0,487,0,36,"QLD","Urban","6:00 AM - 12:00 PM",0,1,1,3,60,2,4,2,6,8
795,214,0,214,1,40,"TAS","Urban","6:00 PM - 12:00 AM",1,1,0,2,48,1,5,4,7,11
62,619,0,619,0,38,"VIC","Urban","12:00 AM - 6:00 AM",1,1,1,3,114,1,3,7,5,12
1152,4519,2550,1969,1,50,"NSW","Urban","6:00 AM - 12:00 PM",0,0,1,3,150,1,3,3,3,6
386,848,0,848,0,44,"WA","Urban","6:00 PM - 12:00 AM",1,1,0,3,156,1,2,4,5,9
1306,4050,1998,2052,0,51,"NSW","Urban","6:00 AM - 12:00 PM",0,0,1,3,12,3,3,5,1,6
1081,458,0,458,0,38,"VIC","Remote","6:00 AM - 12:00 PM",1,1,0,2,78,2,2,8,7,15
1819,1419,1302,117,1,37,"NSW","Urban","6:00 PM - 12:00 AM",1,1,0,1,84,2,3,10,9,19
1222,3969,2057,1912,0,49,"NSW","Urban","6:00 AM - 12:00 PM",1,0,0,2,102,3,2,6,8,14
1113,2419,1238,1181,0,54,"WA","Regional","12:00 PM - 6:00 PM",1,1,0,3,72,1,2,9,8,17
1486,4426,2185,2241,1,43,"SA","Urban","6:00 AM - 12:00 PM",0,0,0,3,30,4,2,6,1,7
880,214,0,214,1,47,"ACT","Urban","6:00 PM - 12:00 AM",1,0,0,3,162,1,4,6,6,12
542,634,0,634,0,38,"WA","Urban","6:00 PM - 12:00 AM",0,1,0,2,60,2,2,8,8,16
417,1937,1595,342,1,42,"VIC","Urban","6:00 PM - 12:00 AM",0,1,0,2,162,2,3,3,7,10
190,3779,2016,1763,1,60,"NSW","Regional","12:00 AM - 6:00 AM",0,0,0,3,96,2,3,10,10,20
1644,520,0,520,1,38,"VIC","Urban","6:00 PM - 12:00 AM",1,1,0,3,138,2,3,7,5,12
177,3531,1873,1658,0,44,"NSW","Urban","12:00 AM - 6:00 AM",0,0,0,3,132,4,4,5,5,10
558,403,0,403,1,26,"NT","Regional","12:00 PM - 6:00 PM",0,1,1,3,162,1,2,2,2,4
702,4482,2455,2027,0,59,"TAS","Urban","12:00 PM - 6:00 PM",0,0,0,2,66,4,3,8,7,15
1794,3481,1837,1644,1,56,"TAS","Regional","6:00 PM - 12:00 AM",1,0,0,3,108,1,3,8,9,17
29,3636,2163,1473,0,46,"NSW","Regional","12:00 AM - 6:00 AM",0,0,1,3,54,4,2,8,7,15
999,1349,1147,202,0,24,"VIC","Urban","6:00 AM - 12:00 PM",1,1,1,3,174,1,4,2,0,2
1815,446,0,446,0,27,"ACT","Urban","6:00 PM - 12:00 AM",0,1,1,2,132,1,4,10,10,20
1926,2046,1821,225,0,36,"SA","Urban","6:00 PM - 12:00 AM",0,0,0,1,96,1,3,7,6,13
664,3730,1828,1902,1,55,"TAS","Urban","6:00 PM - 12:00 AM",0,0,1,3,12,3,2,1,3,4
10,3292,1786,1506,0,58,"WA","Urban","12:00 AM - 6:00 AM",1,0,0,3,48,3,2,8,4,12
374,1560,1354,206,1,34,"VIC","Urban","6:00 PM - 12:00 AM",1,1,0,2,78,2,2,10,9,19
1823,4196,2353,1843,0,59,"VIC","Urban","6:00 PM - 12:00 AM",0,0,1,3,96,2,3,10,10,20
1011,1422,0,1422,0,58,"NT","Urban","6:00 AM - 12:00 PM",0,1,1,3,24,1,3,5,8,13
1866,3541,2038,1503,1,44,"QLD","Urban","6:00 PM - 12:00 AM",0,0,1,3,102,4,2,7,8,15
1215,4223,2280,1943,1,46,"VIC","Urban","6:00 AM - 12:00 PM",1,0,0,3,132,3,3,7,4,11
1064,2248,1680,568,1,50,"SA","Regional","6:00 AM - 12:00 PM",1,1,0,2,150,2,3,9,5,14
332,183,0,183,0,21,"VIC","Urban","6:00 PM - 12:00 AM",1,1,0,1,60,1,3,6,9,15
1859,4495,2611,1884,0,48,"SA","Urban","6:00 PM - 12:00 AM",0,0,1,2,120,1,3,9,8,17
54,1175,0,1175,1,28,"NT","Remote","12:00 AM - 6:00 AM",0,1,0,1,66,2,2,5,2,7
981,1717,1463,254,0,35,"VIC","Urban","6:00 AM - 12:00 PM",1,1,1,1,12,2,2,0,0,0
1554,3561,1676,1885,1,44,"VIC","Urban","6:00 AM - 12:00 PM",0,0,1,2,120,3,4,8,8,16
385,3397,1791,1606,0,57,"VIC","Urban","6:00 PM - 12:00 AM",0,0,1,3,156,4,3,6,3,9
635,400,0,400,1,28,"NSW","Regional","12:00 PM - 6:00 PM",0,1,0,3,162,2,3,0,0,0
1491,3040,1544,1496,1,58,"VIC","Urban","12:00 PM - 6:00 PM",1,0,1,3,60,4,4,10,10,20
926,1286,0,1286,1,50,"QLD","Urban","6:00 AM - 12:00 PM",0,1,0,1,90,2,2,7,7,14
1427,2901,1617,1284,1,55,"NSW","Regional","6:00 AM - 12:00 PM",0,1,1,3,162,4,2,5,4,9
1425,3710,2054,1656,0,46,"NT","Regional","6:00 AM - 12:00 PM",1,1,0,2,162,2,4,6,6,12
1729,493,0,493,1,39,"NSW","Urban","6:00 PM - 12:00 AM",1,1,0,3,48,2,3,5,4,9
764,2970,1740,1230,1,45,"NSW","Urban","6:00 PM - 12:00 AM",0,0,1,2,156,4,3,4,3,7
1994,3336,1798,1538,1,40,"NSW","Urban","6:00 PM - 12:00 AM",0,1,1,2,102,3,3,8,4,12
366,1455,1318,137,1,27,"VIC","Remote","6:00 PM - 12:00 AM",1,1,0,2,150,1,2,7,8,15
1930,1779,1560,219,1,33,"NSW","Urban","6:00 PM - 12:00 AM",0,0,1,3,24,2,3,6,5,11
307,1337,1166,171,1,25,"QLD","Regional","6:00 PM - 12:00 AM",1,1,1,3,168,1,3,0,3,3
1826,2902,1699,1203,1,50,"ACT","Urban","6:00 PM - 12:00 AM",1,0,0,3,96,3,3,10,10,20
1030,211,0,211,1,24,"SA","Urban","6:00 AM - 12:00 PM",1,1,0,3,66,1,3,6,7,13
1373,223,0,223,0,28,"NSW","Urban","6:00 AM - 12:00 PM",1,1,0,3,138,1,2,3,2,5
1633,749,0,749,1,35,"VIC","Urban","6:00 PM - 12:00 AM",1,1,0,3,54,2,3,3,3,6
1955,4314,2260,2054,1,43,"NSW","Regional","6:00 PM - 12:00 AM",0,0,0,2,84,3,2,9,10,19
1972,3570,2119,1451,0,41,"QLD","Regional","6:00 PM - 12:00 AM",0,0,1,3,42,3,4,3,6,9
946,3043,1558,1485,1,51,"VIC","Urban","12:00 PM - 6:00 PM",1,0,1,2,174,1,3,1,0,1
1531,3732,2175,1557,0,42,"TAS","Regional","6:00 AM - 12:00 PM",0,0,0,3,24,4,1,5,4,9
1829,3231,1992,1239,0,52,"NT","Urban","6:00 PM - 12:00 AM",1,0,0,1,84,4,2,10,10,20
1614,1221,1042,179,1,26,"QLD","Urban","6:00 AM - 12:00 PM",1,0,1,1,54,1,2,3,4,7
578,413,0,413,1,29,"NSW","Urban","6:00 PM - 12:00 AM",1,1,1,2,156,1,2,9,4,13
1967,3158,1979,1179,1,54,"NSW","Urban","6:00 PM - 12:00 AM",0,0,1,3,120,3,3,5,3,8
595,3163,1796,1367,1,53,"NSW","Regional","6:00 PM - 12:00 AM",0,0,0,3,132,3,4,10,10,20
276,1917,1486,431,1,39,"SA","Urban","12:00 AM - 6:00 AM",1,0,0,2,108,2,4,10,7,17
1683,1242,0,1242,0,36,"NSW","Urban","6:00 PM - 12:00 AM",1,1,1,3,96,1,2,4,6,10
1300,473,0,473,0,28,"NSW","Urban","6:00 AM - 12:00 PM",1,1,1,3,84,2,3,10,10,20
480,349,0,349,0,26,"VIC","Regional","12:00 PM - 6:00 PM",1,1,1,3,72,2,2,4,3,7
1306,4050,1998,2052,0,51,"NSW","Urban","6:00 AM - 12:00 PM",0,0,1,3,12,3,3,5,1,6
615,3434,1834,1600,1,50,"NT","Regional","6:00 PM - 12:00 AM",1,0,0,1,60,4,4,10,10,20
1163,924,0,924,1,31,"NSW","Regional","6:00 AM - 12:00 PM",0,1,1,3,12,2,4,6,6,12
545,1167,0,1167,1,36,"SA","Urban","6:00 PM - 12:00 AM",1,1,0,1,24,2,3,0,0,0
1967,3158,1979,1179,1,54,"NSW","Urban","6:00 PM - 12:00 AM",0,0,1,3,120,3,3,5,3,8
675,4223,2058,2165,1,55,"SA","Urban","6:00 PM - 12:00 AM",0,0,1,1,126,3,3,8,7,15
269,184,0,184,1,21,"NT","Urban","12:00 PM - 6:00 PM",1,1,0,1,72,1,3,3,2,5
294,1569,1211,358,0,34,"SA","Urban","12:00 AM - 6:00 AM",1,0,0,3,138,2,3,9,7,16
826,1814,1505,309,0,38,"QLD","Urban","6:00 PM - 12:00 AM",1,0,0,3,108,2,4,10,10,20
1402,533,0,533,1,39,"NSW","Urban","12:00 PM - 6:00 PM",0,1,0,3,66,1,5,7,10,17
220,4028,1925,2103,0,50,"QLD","Urban","12:00 AM - 6:00 AM",0,0,1,2,36,2,2,3,3,6
1773,1458,1272,186,1,38,"VIC","Urban","6:00 PM - 12:00 AM",1,1,0,1,18,1,3,0,0,0
1549,489,0,489,0,24,"SA","Urban","6:00 AM - 12:00 PM",1,1,1,1,66,1,4,10,10,20
1271,277,0,277,0,21,"SA","Regional","6:00 AM - 12:00 PM",1,1,1,3,18,1,3,0,0,0
634,3234,1607,1627,1,56,"WA","Urban","6:00 PM - 12:00 AM",0,0,1,3,180,1,4,6,9,15
109,3547,1822,1725,0,52,"TAS","Urban","12:00 AM - 6:00 AM",1,0,1,3,174,1,3,2,1,3
1120,2565,1385,1180,0,43,"ACT","Regional","6:00 AM - 12:00 PM",1,1,0,3,108,1,4,5,4,9
416,1302,0,1302,1,40,"ACT","Urban","6:00 PM - 12:00 AM",0,1,1,3,42,1,4,10,6,16
226,1855,1547,308,1,31,"NSW","Urban","12:00 AM - 6:00 AM",1,0,1,3,30,1,1,9,5,14
717,440,0,440,0,20,"NSW","Regional","6:00 PM - 12:00 AM",0,0,1,2,72,1,3,10,8,18
866,814,0,814,1,24,"NSW","Urban","6:00 PM - 12:00 AM",1,0,0,3,126,2,2,5,5,10
406,3289,1783,1506,0,47,"NSW","Regional","6:00 PM - 12:00 AM",0,0,1,3,60,4,3,7,6,13
571,199,0,199,1,20,"NSW","Urban","6:00 PM - 12:00 AM",1,1,0,1,114,1,5,9,10,19
1170,2093,1598,495,0,44,"QLD","Remote","6:00 AM - 12:00 PM",1,1,1,2,120,1,4,9,10,19
384,4208,2092,2116,1,55,"NSW","Urban","6:00 PM - 12:00 AM",0,0,0,2,132,2,2,6,5,11
968,436,0,436,0,27,"VIC","Regional","12:00 PM - 6:00 PM",1,1,1,2,84,2,3,4,3,7
839,2826,1687,1139,1,60,"SA","Regional","6:00 PM - 12:00 AM",0,1,0,3,168,4,2,0,0,0
1087,233,0,233,1,44,"NSW","Urban","6:00 AM - 12:00 PM",1,1,0,3,54,1,2,7,8,15
1475,4011,2053,1958,0,57,"TAS","Urban","6:00 AM - 12:00 PM",1,0,1,3,84,4,5,10,10,20
438,4102,2131,1971,1,56,"NSW","Urban","6:00 PM - 12:00 AM",1,0,1,3,90,2,2,10,9,19
605,4436,2231,2205,1,54,"QLD","Urban","6:00 PM - 12:00 AM",0,0,0,3,78,2,2,9,10,19
1165,1349,0,1349,1,41,"NSW","Urban","6:00 AM - 12:00 PM",0,1,1,3,78,2,3,10,9,19
951,702,0,702,1,37,"NSW","Regional","6:00 AM - 12:00 PM",1,1,0,2,168,2,3,3,2,5
708,3880,2271,1609,1,58,"NSW","Remote","6:00 PM - 12:00 AM",1,0,0,3,78,1,3,10,9,19
3,167,0,167,0,37,"VIC","Urban","12:00 PM - 6:00 PM",1,1,0,3,18,1,3,7,2,9
70,425,0,425,1,23,"VIC","Urban","12:00 AM - 6:00 AM",0,1,1,2,132,1,3,5,9,14
1819,1419,1302,117,1,37,"NSW","Urban","6:00 PM - 12:00 AM",1,1,0,1,84,2,3,10,9,19
493,1197,0,1197,0,45,"NSW","Regional","6:00 PM - 12:00 AM",0,1,1,3,174,2,2,6,5,11
1752,4253,2184,2069,0,52,"NSW","Urban","6:00 PM - 12:00 AM",0,0,1,3,72,1,3,6,8,14
414,1330,1183,147,0,37,"NSW","Urban","6:00 PM - 12:00 AM",0,1,0,3,150,1,3,8,5,13
321,1935,1650,285,0,37,"QLD","Urban","6:00 PM - 12:00 AM",1,1,1,3,72,1,2,4,1,5
679,3598,1872,1726,0,60,"WA","Urban","6:00 PM - 12:00 AM",1,0,0,2,42,2,1,1,1,2
781,277,0,277,1,50,"NSW","Urban","6:00 PM - 12:00 AM",1,0,0,3,72,1,3,6,7,13
1654,2870,1607,1263,0,51,"NSW","Urban","6:00 PM - 12:00 AM",0,0,0,3,114,4,2,4,8,12
442,1951,1466,485,0,44,"QLD","Urban","6:00 PM - 12:00 AM",1,1,1,3,96,2,2,9,9,18
527,176,0,176,1,46,"TAS","Remote","6:00 PM - 12:00 AM",0,1,1,2,180,1,3,2,0,2
1419,3214,2016,1198,1,41,"ACT","Urban","6:00 AM - 12:00 PM",1,1,1,3,72,3,3,7,5,12
1996,3285,1968,1317,0,42,"TAS","Urban","6:00 PM - 12:00 AM",0,0,0,1,168,1,3,6,10,16
598,1883,1502,381,0,42,"WA","Urban","6:00 PM - 12:00 AM",0,1,1,2,108,2,4,10,10,20
267,3018,1557,1461,0,57,"VIC","Regional","12:00 AM - 6:00 AM",0,0,1,1,54,4,2,4,6,10
1519,1741,1574,167,0,27,"QLD","Regional","6:00 AM - 12:00 PM",1,1,0,3,12,2,2,0,0,0
1638,181,0,181,1,41,"VIC","Urban","6:00 PM - 12:00 AM",1,1,1,3,90,1,3,10,10,20
1733,3360,1800,1560,0,54,"NT","Urban","6:00 PM - 12:00 AM",0,0,1,3,60,2,3,8,7,15
314,1433,1233,200,0,24,"VIC","Urban","6:00 PM - 12:00 AM",1,1,0,1,78,1,2,6,7,13
1391,241,0,241,0,22,"VIC","Urban","12:00 PM - 6:00 PM",1,1,0,2,126,1,5,8,8,16
772,3290,1788,1502,0,44,"ACT","Urban","6:00 PM - 12:00 AM",0,0,0,3,30,3,3,4,3,7
1259,218,0,218,0,58,"NSW","Remote","6:00 AM - 12:00 PM",1,1,1,2,108,1,3,7,3,10
666,2760,1506,1254,1,40,"NSW","Urban","6:00 PM - 12:00 AM",0,1,0,3,84,2,4,7,8,15
433,1095,0,1095,1,38,"NSW","Remote","6:00 PM - 12:00 AM",0,1,0,1,90,2,3,5,4,9
403,3159,1678,1481,0,57,"VIC","Urban","6:00 PM - 12:00 AM",0,1,0,2,120,2,1,10,10,20
1553,3877,2114,1763,1,41,"NSW","Urban","6:00 AM - 12:00 PM",0,0,1,3,48,2,4,10,10,20
176,243,0,243,0,31,"VIC","Regional","12:00 AM - 6:00 AM",1,1,0,3,78,1,3,10,10,20
1840,436,0,436,0,28,"QLD","Regional","6:00 PM - 12:00 AM",1,1,1,2,96,1,2,6,6,12
215,1455,1455,0,1,29,"NSW","Urban","12:00 AM - 6:00 AM",1,1,1,1,120,2,4,10,10,20
1526,4519,2492,2027,1,53,"WA","Regional","6:00 AM - 12:00 PM",0,0,0,3,30,4,3,5,0,5
203,1375,0,1375,1,39,"VIC","Urban","12:00 AM - 6:00 AM",1,1,0,2,30,1,4,1,0,1
1878,3734,2082,1652,1,41,"VIC","Remote","6:00 PM - 12:00 AM",0,1,1,3,138,4,3,8,4,12
1527,179,0,179,0,60,"NSW","Urban","6:00 AM - 12:00 PM",1,0,0,1,102,1,2,5,1,6
535,259,0,259,0,21,"ACT","Regional","12:00 PM - 6:00 PM",0,1,0,3,12,2,3,3,2,5
274,545,0,545,0,21,"NSW","Remote","12:00 AM - 6:00 AM",1,1,1,2,36,2,3,3,7,10
1561,2940,1627,1313,1,45,"NSW","Urban","6:00 AM - 12:00 PM",0,0,0,3,102,1,2,9,8,17
903,2028,1796,232,0,40,"VIC","Urban","6:00 AM - 12:00 PM",0,1,1,3,126,2,4,6,6,12
1559,297,0,297,1,22,"ACT","Urban","6:00 AM - 12:00 PM",1,1,0,3,30,2,4,4,0,4
976,1262,0,1262,0,47,"NT","Urban","6:00 AM - 12:00 PM",0,1,1,2,78,2,2,4,4,8
678,227,0,227,0,51,"NSW","Urban","6:00 PM - 12:00 AM",0,1,1,3,84,1,4,10,10,20
327,181,0,181,0,25,"VIC","Urban","6:00 PM - 12:00 AM",1,1,1,2,96,1,2,7,8,15
473,628,0,628,1,36,"VIC","Urban","6:00 PM - 12:00 AM",0,1,0,2,66,2,4,10,10,20
307,1337,1166,171,1,25,"QLD","Regional","6:00 PM - 12:00 AM",1,1,1,3,168,1,3,0,3,3
1296,691,0,691,0,24,"NSW","Urban","6:00 AM - 12:00 PM",0,1,0,2,72,1,1,7,6,13
1162,370,0,370,1,20,"ACT","Regional","6:00 AM - 12:00 PM",1,1,0,2,84,1,2,9,9,18
154,4206,2017,2189,0,51,"QLD","Urban","12:00 AM - 6:00 AM",0,1,1,3,90,1,4,3,7,10
1823,4196,2353,1843,0,59,"VIC","Urban","6:00 PM - 12:00 AM",0,0,1,3,96,2,3,10,10,20
375,3373,1774,1599,1,60,"VIC","Regional","6:00 PM - 12:00 AM",0,1,1,3,66,3,4,8,3,11
413,4344,2448,1896,1,57,"VIC","Regional","12:00 PM - 6:00 PM",0,0,0,2,84,2,4,10,10,20
1946,207,0,207,0,20,"QLD","Urban","12:00 PM - 6:00 PM",1,1,0,3,90,1,2,5,6,11
578,413,0,413,1,29,"NSW","Urban","6:00 PM - 12:00 AM",1,1,1,2,156,1,2,9,4,13
1373,223,0,223,0,28,"NSW","Urban","6:00 AM - 12:00 PM",1,1,0,3,138,1,2,3,2,5
1793,1654,1447,207,1,33,"NSW","Remote","6:00 PM - 12:00 AM",0,1,1,3,54,2,3,10,10,20
1622,1441,0,1441,0,48,"VIC","Urban","6:00 PM - 12:00 AM",0,0,0,3,66,1,3,10,10,20
760,170,0,170,1,38,"TAS","Urban","6:00 PM - 12:00 AM",1,1,1,3,120,1,4,8,7,15
374,1560,1354,206,1,34,"VIC","Urban","6:00 PM - 12:00 AM",1,1,0,2,78,2,2,10,9,19
457,1412,1161,251,0,37,"NSW","Urban","6:00 PM - 12:00 AM",0,1,0,3,30,2,3,4,3,7
1101,977,0,977,1,31,"NSW","Regional","12:00 PM - 6:00 PM",1,1,0,3,102,1,3,10,9,19
95,438,0,438,1,21,"NSW","Urban","12:00 AM - 6:00 AM",1,0,0,3,168,2,3,3,2,5
1014,2208,1824,384,1,53,"VIC","Urban","6:00 AM - 12:00 PM",0,1,0,3,78,1,2,1,4,5
334,3589,2011,1578,0,49,"WA","Regional","6:00 PM - 12:00 AM",0,0,1,3,102,3,3,9,8,17
482,236,0,236,0,47,"QLD","Regional","6:00 PM - 12:00 AM",1,1,1,3,162,1,2,6,7,13
878,2957,1748,1209,0,47,"NSW","Urban","6:00 PM - 12:00 AM",0,0,0,3,132,3,4,7,7,14
1262,905,0,905,1,37,"NSW","Urban","6:00 AM - 12:00 PM",0,1,0,3,144,1,1,7,7,14
1376,786,0,786,1,35,"WA","Urban","6:00 AM - 12:00 PM",0,1,1,3,72,1,2,6,5,11
307,1337,1166,171,1,25,"QLD","Regional","6:00 PM - 12:00 AM",1,1,1,3,168,1,3,0,3,3
1028,1859,1664,195,0,51,"WA","Urban","6:00 AM - 12:00 PM",0,1,0,3,18,1,1,5,5,10
1528,788,0,788,0,24,"NSW","Regional","6:00 AM - 12:00 PM",1,1,0,3,84,1,3,8,7,15
1915,4383,2440,1943,0,43,"SA","Urban","6:00 PM - 12:00 AM",1,0,0,3,84,4,2,10,10,20
1218,375,0,375,1,29,"NSW","Regional","6:00 AM - 12:00 PM",1,1,0,3,156,2,2,10,7,17
1641,1774,0,1774,1,51,"VIC","Regional","6:00 PM - 12:00 AM",1,1,1,3,90,3,3,10,9,19
1477,193,0,193,0,39,"NSW","Urban","6:00 AM - 12:00 PM",1,0,0,1,72,1,3,7,2,9
975,1571,1330,241,0,26,"ACT","Urban","6:00 AM - 12:00 PM",1,1,1,2,42,1,3,0,4,4
1476,1241,0,1241,0,33,"NSW","Regional","6:00 AM - 12:00 PM",1,0,1,3,150,1,2,9,8,17
873,2604,1360,1244,1,54,"WA","Urban","6:00 PM - 12:00 AM",0,0,0,3,48,3,3,4,7,11
1598,148,0,148,1,58,"NSW","Urban","6:00 AM - 12:00 PM",1,0,1,3,168,1,2,0,2,2
637,3261,1706,1555,0,47,"QLD","Remote","6:00 PM - 12:00 AM",0,0,0,3,66,2,4,10,10,20
424,612,0,612,0,38,"SA","Urban","12:00 PM - 6:00 PM",1,1,1,3,162,1,4,3,3,6
1897,218,0,218,0,55,"SA","Urban","6:00 PM - 12:00 AM",0,0,0,1,120,1,3,10,10,20
1366,511,0,511,1,22,"NSW","Urban","6:00 AM - 12:00 PM",0,1,1,3,12,2,1,1,1,2
520,872,0,872,1,34,"NSW","Urban","6:00 PM - 12:00 AM",1,1,0,3,72,2,3,10,10,20
104,3671,2193,1478,0,48,"NSW","Urban","12:00 AM - 6:00 AM",0,1,1,3,168,2,2,3,6,9
86,1353,1106,247,1,22,"NSW","Urban","12:00 AM - 6:00 AM",0,1,0,1,48,2,4,6,2,8
1663,4563,2446,2117,1,58,"QLD","Regional","6:00 PM - 12:00 AM",0,0,0,3,90,4,2,10,9,19
1615,227,0,227,1,20,"ACT","Urban","6:00 AM - 12:00 PM",0,0,1,3,42,1,4,10,10,20
1787,3059,1726,1333,1,46,"NSW","Urban","6:00 PM - 12:00 AM",1,0,1,3,108,2,3,7,6,13
1366,511,0,511,1,22,"NSW","Urban","6:00 AM - 12:00 PM",0,1,1,3,12,2,1,1,1,2
45,3127,1714,1413,1,55,"NSW","Urban","12:00 AM - 6:00 AM",1,0,0,1,174,1,3,0,0,0
758,247,0,247,0,34,"TAS","Urban","6:00 PM - 12:00 AM",1,1,0,2,72,1,2,2,4,6
1429,2087,1621,466,0,38,"NSW","Regional","6:00 AM - 12:00 PM",0,0,0,1,18,1,4,8,7,15
1801,3276,1859,1417,0,55,"NSW","Urban","6:00 PM - 12:00 AM",1,0,0,3,156,3,3,6,10,16
248,1030,0,1030,1,31,"QLD","Regional","12:00 AM - 6:00 AM",1,0,0,3,66,1,2,7,6,13
1977,444,0,444,1,20,"VIC","Remote","6:00 PM - 12:00 AM",1,1,0,2,114,2,4,10,5,15
613,4653,2192,2461,1,54,"NSW","Urban","12:00 PM - 6:00 PM",0,0,1,3,78,2,4,7,6,13
243,4030,1844,2186,0,50,"VIC","Urban","12:00 AM - 6:00 AM",0,0,0,3,12,3,4,3,3,6
465,3448,1628,1820,0,50,"NSW","Urban","6:00 PM - 12:00 AM",0,0,1,3,90,2,3,10,10,20
601,951,0,951,0,30,"TAS","Urban","6:00 PM - 12:00 AM",0,1,0,3,90,1,3,5,3,8
157,1001,0,1001,0,24,"WA","Urban","12:00 AM - 6:00 AM",1,1,0,3,138,1,2,6,5,11
1494,4909,2478,2431,0,53,"VIC","Regional","6:00 AM - 12:00 PM",0,0,0,3,66,3,2,5,5,10
434,416,0,416,1,24,"NSW","Urban","6:00 PM - 12:00 AM",0,1,1,2,48,2,2,5,3,8
171,601,0,601,0,25,"TAS","Urban","12:00 AM - 6:00 AM",1,1,0,2,36,1,4,3,0,3
606,3778,1859,1919,1,55,"QLD","Regional","6:00 PM - 12:00 AM",0,0,0,1,84,4,2,10,10,20
1167,1640,1500,140,1,37,"VIC","Regional","6:00 AM - 12:00 PM",0,1,0,3,36,2,2,4,3,7
325,1254,0,1254,1,34,"TAS","Urban","6:00 PM - 12:00 AM",1,1,0,3,12,2,3,3,3,6
826,1814,1505,309,0,38,"QLD","Urban","6:00 PM - 12:00 AM",1,0,0,3,108,2,4,10,10,20
1869,2602,1503,1099,0,45,"NSW","Regional","6:00 PM - 12:00 AM",0,1,0,2,120,3,3,10,8,18
199,3440,2326,1114,0,56,"SA","Urban","12:00 AM - 6:00 AM",0,0,0,1,156,4,2,8,6,14
652,4385,2388,1997,0,60,"VIC","Regional","6:00 PM - 12:00 AM",0,0,1,3,180,2,2,4,2,6
1773,1458,1272,186,1,38,"VIC","Urban","6:00 PM - 12:00 AM",1,1,0,1,18,1,3,0,0,0
494,3251,1831,1420,0,49,"NSW","Regional","6:00 PM - 12:00 AM",0,0,0,2,138,4,2,10,10,20
1910,219,0,219,1,53,"TAS","Regional","6:00 PM - 12:00 AM",0,0,0,3,102,1,5,10,10,20
900,1425,0,1425,1,50,"WA","Urban","6:00 AM - 12:00 PM",0,0,1,3,156,1,2,9,4,13
685,3879,1994,1885,0,49,"NSW","Urban","6:00 PM - 12:00 AM",1,1,1,1,24,1,3,5,1,6
1772,2829,1777,1052,1,47,"VIC","Remote","6:00 PM - 12:00 AM",0,0,0,1,108,3,3,8,8,16
169,501,0,501,1,34,"NSW","Urban","12:00 PM - 6:00 PM",1,1,0,3,120,1,3,9,8,17
721,4354,2408,1946,1,46,"ACT","Regional","6:00 PM - 12:00 AM",0,0,1,1,42,1,4,4,3,7
1470,3229,1715,1514,1,53,"NSW","Regional","6:00 AM - 12:00 PM",0,0,0,2,60,4,3,10,7,17
323,230,0,230,0,51,"NT","Regional","6:00 PM - 12:00 AM",1,1,1,2,60,1,3,8,10,18
460,2988,1583,1405,1,49,"NSW","Urban","6:00 PM - 12:00 AM",0,0,1,3,108,3,4,9,10,19
228,3827,2102,1725,0,53,"QLD","Urban","12:00 AM - 6:00 AM",0,1,0,3,54,4,4,10,9,19
163,1712,1325,387,0,26,"TAS","Regional","12:00 AM - 6:00 AM",1,1,0,2,132,2,4,8,5,13
1310,3529,1617,1912,1,46,"WA","Urban","6:00 AM - 12:00 PM",1,0,1,3,42,1,5,3,0,3
1040,1466,1099,367,1,40,"VIC","Urban","6:00 AM - 12:00 PM",1,1,1,3,12,2,5,2,6,8
1544,4137,2304,1833,0,55,"ACT","Urban","6:00 AM - 12:00 PM",0,0,1,2,180,2,3,6,7,13
1897,218,0,218,0,55,"SA","Urban","6:00 PM - 12:00 AM",0,0,0,1,120,1,3,10,10,20
1760,3746,2021,1725,1,54,"QLD","Regional","6:00 PM - 12:00 AM",0,0,0,3,132,4,3,9,10,19
1499,3061,1829,1232,0,43,"NSW","Urban","6:00 AM - 12:00 PM",0,0,0,3,72,4,3,10,6,16
53,466,0,466,1,29,"WA","Urban","12:00 AM - 6:00 AM",1,1,1,3,138,1,3,10,9,19
1393,200,0,200,0,34,"NSW","Urban","6:00 AM - 12:00 PM",1,1,1,2,120,1,2,9,6,15
1191,1266,1114,152,1,21,"SA","Urban","12:00 PM - 6:00 PM",0,1,0,3,12,2,1,2,0,2
359,1369,1144,225,1,20,"VIC","Urban","6:00 PM - 12:00 AM",1,1,0,3,48,2,2,6,4,10
64,130,0,130,1,22,"VIC","Urban","12:00 AM - 6:00 AM",0,1,0,3,174,1,2,2,1,3
1592,1950,1433,517,0,33,"QLD","Regional","6:00 AM - 12:00 PM",1,0,1,3,126,1,3,8,10,18
338,1408,1059,349,1,24,"VIC","Regional","6:00 PM - 12:00 AM",1,1,1,2,120,2,4,10,10,20
1197,242,0,242,1,23,"ACT","Urban","6:00 AM - 12:00 PM",1,1,1,2,60,1,4,6,5,11
1308,3631,1931,1700,1,53,"NSW","Regional","6:00 AM - 12:00 PM",0,0,1,1,120,3,2,8,10,18
1356,212,0,212,0,28,"NSW","Urban","6:00 AM - 12:00 PM",0,1,0,3,168,1,3,2,1,3
1003,428,0,428,0,27,"NSW","Urban","6:00 AM - 12:00 PM",1,1,0,3,120,2,4,10,10,20
463,1192,0,1192,0,37,"NSW","Urban","6:00 PM - 12:00 AM",0,1,1,2,102,2,4,8,10,18
1519,1741,1574,167,0,27,"QLD","Regional","6:00 AM - 12:00 PM",1,1,0,3,12,2,2,0,0,0
1548,4025,1950,2075,1,49,"NSW","Urban","6:00 AM - 12:00 PM",0,0,0,3,72,2,2,10,10,20
1892,1587,1286,301,0,29,"VIC","Urban","6:00 PM - 12:00 AM",1,0,0,3,48,1,4,8,4,12
1959,2826,1450,1376,1,34,"NSW","Urban","6:00 PM - 12:00 AM",1,0,0,1,138,3,4,7,7,14
496,4352,2570,1782,0,55,"NSW","Urban","6:00 PM - 12:00 AM",0,0,1,1,84,3,3,8,7,15
1612,2972,1957,1015,1,54,"NSW","Regional","6:00 AM - 12:00 PM",0,0,1,2,144,4,3,6,6,12
1005,224,0,224,1,35,"VIC","Urban","6:00 AM - 12:00 PM",1,1,0,1,168,1,4,9,4,13
1179,359,0,359,1,26,"NSW","Urban","6:00 AM - 12:00 PM",1,1,1,1,144,1,1,4,3,7
1421,4233,2521,1712,0,41,"NT","Urban","6:00 AM - 12:00 PM",1,0,1,3,36,1,3,4,3,7
217,1439,1125,314,1,24,"NSW","Regional","12:00 AM - 6:00 AM",1,1,0,3,150,2,4,8,10,18
944,1971,1752,219,1,47,"VIC","Urban","6:00 AM - 12:00 PM",1,1,0,3,78,2,3,5,5,10
1766,1722,1468,254,1,41,"NSW","Urban","6:00 PM - 12:00 AM",1,1,1,3,174,2,2,4,0,4
1423,3445,1937,1508,0,54,"QLD","Regional","6:00 AM - 12:00 PM",0,0,0,3,150,3,2,5,4,9
1754,143,0,143,1,59,"QLD","Urban","6:00 PM - 12:00 AM",0,1,0,2,66,1,3,8,10,18
1134,142,0,142,1,26,"TAS","Remote","6:00 AM - 12:00 PM",1,1,0,2,180,1,2,3,6,9
583,214,0,214,1,34,"NSW","Urban","6:00 PM - 12:00 AM",0,1,0,2,132,1,3,4,3,7
466,1973,1779,194,0,41,"NSW","Urban","6:00 PM - 12:00 AM",1,1,0,2,114,1,3,9,9,18
1975,660,0,660,1,27,"NSW","Urban","6:00 PM - 12:00 AM",1,1,1,1,18,1,3,1,0,1
504,240,0,240,0,31,"TAS","Urban","6:00 PM - 12:00 AM",1,1,0,2,72,1,3,8,5,13
633,4079,2237,1842,1,48,"NSW","Urban","6:00 PM - 12:00 AM",0,0,1,3,48,4,2,10,7,17
1046,329,0,329,0,22,"ACT","Urban","12:00 PM - 6:00 PM",1,1,1,3,24,1,2,2,0,2
1807,370,0,370,0,20,"WA","Urban","6:00 PM - 12:00 AM",0,1,0,3,138,1,3,8,10,18
824,4159,1829,2330,1,57,"NSW","Urban","12:00 PM - 6:00 PM",1,0,0,1,60,4,4,7,6,13
695,4178,1990,2188,0,55,"NSW","Regional","6:00 PM - 12:00 AM",1,0,0,2,96,2,3,8,10,18
1518,292,0,292,1,46,"WA","Urban","6:00 AM - 12:00 PM",1,0,0,2,96,1,2,6,6,12
1118,4476,2554,1922,0,50,"NSW","Urban","6:00 AM - 12:00 PM",0,0,0,3,30,4,5,9,9,18
1335,2227,1798,429,0,59,"VIC","Urban","12:00 PM - 6:00 PM",1,1,1,3,18,1,4,4,5,9
1660,3257,1975,1282,1,48,"VIC","Urban","6:00 PM - 12:00 AM",0,0,1,2,126,2,2,9,6,15
277,508,0,508,0,21,"NSW","Urban","12:00 AM - 6:00 AM",1,1,1,3,48,2,3,8,7,15
351,1339,1064,275,0,42,"WA","Urban","6:00 PM - 12:00 AM",1,1,0,1,90,1,2,3,3,6
71,309,0,309,0,21,"NSW","Urban","12:00 AM - 6:00 AM",0,1,1,3,78,1,2,6,5,11
1300,473,0,473,0,28,"NSW","Urban","6:00 AM - 12:00 PM",1,1,1,3,84,2,3,10,10,20
453,1555,1228,327,0,40,"QLD","Remote","6:00 PM - 12:00 AM",1,1,1,2,144,1,4,10,10,20
820,3293,1633,1660,1,50,"NSW","Regional","6:00 PM - 12:00 AM",0,0,1,3,96,3,3,9,9,18
1967,3158,1979,1179,1,54,"NSW","Urban","6:00 PM - 12:00 AM",0,0,1,3,120,3,3,5,3,8
1690,2707,1737,970,1,41,"QLD","Urban","6:00 PM - 12:00 AM",1,1,1,3,126,3,2,4,8,12
656,3923,2098,1825,1,56,"NSW","Urban","6:00 PM - 12:00 AM",1,0,0,3,156,1,4,2,1,3
1417,4582,2076,2506,1,48,"SA","Urban","6:00 AM - 12:00 PM",0,0,1,1,78,4,2,9,10,19
386,848,0,848,0,44,"WA","Urban","6:00 PM - 12:00 AM",1,1,0,3,156,1,2,4,5,9
875,3631,2010,1621,1,59,"NSW","Regional","6:00 PM - 12:00 AM",0,0,0,3,150,1,5,7,7,14
1111,3945,1992,1953,0,57,"WA","Urban","6:00 AM - 12:00 PM",0,0,1,2,66,1,4,10,10,20
260,2664,1612,1052,1,45,"NSW","Regional","12:00 AM - 6:00 AM",0,0,0,3,30,4,4,10,9,19
749,3363,1764,1599,1,52,"QLD","Urban","6:00 PM - 12:00 AM",0,0,0,2,114,3,2,6,6,12
958,364,0,364,0,22,"SA","Remote","6:00 AM - 12:00 PM",1,1,1,2,126,1,2,6,5,11
1964,3204,1704,1500,0,60,"VIC","Urban","6:00 PM - 12:00 AM",0,0,0,1,60,1,3,7,8,15
729,4214,2619,1595,0,59,"SA","Urban","6:00 PM - 12:00 AM",1,0,1,2,90,3,4,8,10,18
1618,2354,1781,573,1,37,"TAS","Urban","6:00 PM - 12:00 AM",0,0,0,3,144,3,3,6,8,14
396,3683,2037,1646,0,47,"NSW","Urban","6:00 PM - 12:00 AM",0,0,1,2,162,3,2,7,5,12
466,1973,1779,194,0,41,"NSW","Urban","6:00 PM - 12:00 AM",1,1,0,2,114,1,3,9,9,18
248,1030,0,1030,1,31,"QLD","Regional","12:00 AM - 6:00 AM",1,0,0,3,66,1,2,7,6,13
826,1814,1505,309,0,38,"QLD","Urban","6:00 PM - 12:00 AM",1,0,0,3,108,2,4,10,10,20
1848,288,0,288,1,27,"NT","Urban","6:00 PM - 12:00 AM",0,1,0,3,108,1,2,7,6,13
543,424,0,424,1,27,"NSW","Urban","6:00 PM - 12:00 AM",1,1,0,2,138,1,2,9,8,17
31,1354,0,1354,0,44,"NSW","Regional","12:00 AM - 6:00 AM",0,1,1,3,54,2,2,8,10,18
1403,490,0,490,0,23,"NT","Urban","6:00 AM - 12:00 PM",1,0,1,3,30,1,5,2,2,4
279,4347,1858,2489,1,51,"NSW","Regional","12:00 AM - 6:00 AM",0,1,0,3,60,3,2,8,8,16
1647,1415,0,1415,1,49,"VIC","Urban","6:00 PM - 12:00 AM",0,1,1,1,156,2,3,2,1,3
542,634,0,634,0,38,"WA","Urban","6:00 PM - 12:00 AM",0,1,0,2,60,2,2,8,8,16
488,1223,0,1223,1,40,"NSW","Urban","6:00 PM - 12:00 AM",1,1,0,2,138,2,3,10,10,20
2,1469,0,1469,1,39,"VIC","Urban","12:00 PM - 6:00 PM",1,1,1,3,24,1,3,6,2,8
1833,1231,1109,122,1,28,"NSW","Urban","6:00 PM - 12:00 AM",0,1,0,3,72,2,4,6,5,11
948,290,0,290,0,25,"VIC","Regional","6:00 AM - 12:00 PM",1,1,1,3,84,1,5,10,10,20
1311,428,0,428,1,28,"NT","Urban","6:00 AM - 12:00 PM",1,1,0,2,138,1,2,3,5,8
48,1481,1310,171,1,36,"NSW","Urban","12:00 AM - 6:00 AM",1,1,0,3,18,2,4,1,0,1
1986,403,0,403,0,20,"ACT","Regional","6:00 PM - 12:00 AM",1,1,1,3,12,2,2,0,0,0
657,1466,1266,200,0,39,"NSW","Urban","12:00 PM - 6:00 PM",1,1,0,3,138,2,2,6,1,7
1624,962,0,962,1,34,"TAS","Urban","12:00 PM - 6:00 PM",0,1,0,2,162,1,2,7,6,13
532,268,0,268,1,53,"VIC","Regional","6:00 PM - 12:00 AM",0,1,0,3,174,1,3,0,0,0
427,298,0,298,0,24,"NSW","Regional","6:00 PM - 12:00 AM",0,1,1,1,84,1,3,10,10,20
1331,984,0,984,0,37,"VIC","Urban","6:00 AM - 12:00 PM",0,1,0,3,150,1,2,10,8,18
153,3414,1763,1651,0,49,"NSW","Urban","12:00 AM - 6:00 AM",0,0,0,3,120,1,1,10,10,20
1892,1587,1286,301,0,29,"VIC","Urban","6:00 PM - 12:00 AM",1,0,0,3,48,1,4,8,4,12
390,4291,2165,2126,0,55,"TAS","Regional","6:00 PM - 12:00 AM",0,0,1,2,168,3,2,8,5,13
384,4208,2092,2116,1,55,"NSW","Urban","6:00 PM - 12:00 AM",0,0,0,2,132,2,2,6,5,11
445,3920,1950,1970,1,46,"SA","Regional","6:00 PM - 12:00 AM",1,0,0,2,162,2,3,2,6,8
295,188,0,188,0,26,"NSW","Urban","12:00 AM - 6:00 AM",1,0,0,3,174,1,2,5,4,9
882,383,0,383,0,24,"QLD","Urban","6:00 AM - 12:00 PM",1,1,0,3,144,1,4,3,5,8
6,500,0,500,0,33,"SA","Urban","12:00 AM - 6:00 AM",1,1,0,3,150,1,3,2,5,7
728,1522,1203,319,1,27,"NT","Regional","6:00 PM - 12:00 AM",0,0,1,3,168,1,2,7,6,13
916,2129,1900,229,1,48,"QLD","Regional","6:00 AM - 12:00 PM",0,1,1,3,90,1,4,10,10,20
677,1058,0,1058,1,34,"NSW","Regional","6:00 PM - 12:00 AM",1,0,0,2,132,2,1,2,2,4
646,183,0,183,0,40,"NSW","Regional","12:00 PM - 6:00 PM",1,1,0,3,156,1,1,8,7,15
377,3167,1792,1375,0,58,"VIC","Urban","6:00 PM - 12:00 AM",0,1,0,1,132,3,3,4,4,8
934,903,0,903,0,24,"SA","Urban","6:00 AM - 12:00 PM",1,1,0,1,24,1,2,4,3,7
247,254,0,254,0,25,"NSW","Urban","12:00 PM - 6:00 PM",1,1,0,3,180,2,3,2,1,3
1353,594,0,594,0,36,"SA","Urban","6:00 AM - 12:00 PM",0,1,1,2,78,1,5,3,5,8
915,2015,1640,375,0,40,"VIC","Urban","6:00 AM - 12:00 PM",1,1,1,2,156,1,3,9,9,18
1079,4649,2790,1859,1,55,"NSW","Regional","12:00 PM - 6:00 PM",1,0,0,3,156,4,4,3,4,7
1932,4102,2313,1789,0,55,"NSW","Urban","6:00 PM - 12:00 AM",0,0,1,3,72,3,3,10,9,19
223,1589,1326,263,0,24,"NSW","Urban","12:00 AM - 6:00 AM",1,0,0,2,42,2,4,10,7,17
310,1621,1393,228,0,41,"QLD","Urban","6:00 PM - 12:00 AM",1,1,0,3,30,1,4,8,7,15
1842,4426,2427,1999,1,47,"NSW","Urban","6:00 PM - 12:00 AM",1,0,0,3,114,2,4,8,7,15
752,1409,0,1409,1,35,"VIC","Regional","6:00 PM - 12:00 AM",1,1,1,2,66,1,4,5,9,14
111,2447,1669,778,0,38,"TAS","Urban","12:00 AM - 6:00 AM",0,1,0,3,108,1,3,10,9,19
1529,4371,2411,1960,0,44,"NT","Urban","6:00 AM - 12:00 PM",0,0,0,2,102,3,4,10,9,19
1956,425,0,425,1,20,"NSW","Urban","6:00 PM - 12:00 AM",1,1,0,1,126,1,4,9,6,15
738,3174,1675,1499,1,60,"SA","Urban","6:00 PM - 12:00 AM",1,0,0,2,84,4,3,10,7,17
1180,326,0,326,0,21,"SA","Regional","12:00 PM - 6:00 PM",0,1,1,2,120,2,3,10,10,20
795,214,0,214,1,40,"TAS","Urban","6:00 PM - 12:00 AM",1,1,0,2,48,1,5,4,7,11
571,199,0,199,1,20,"NSW","Urban","6:00 PM - 12:00 AM",1,1,0,1,114,1,5,9,10,19
857,3759,2216,1543,1,53,"QLD","Urban","12:00 PM - 6:00 PM",1,0,1,2,132,3,3,10,9,19
1355,826,0,826,1,33,"NSW","Urban","6:00 AM - 12:00 PM",1,1,0,2,48,2,4,7,8,15
1076,247,0,247,1,60,"WA","Regional","6:00 AM - 12:00 PM",1,1,0,1,144,1,2,0,3,3
1581,1773,1618,155,1,34,"NSW","Remote","6:00 AM - 12:00 PM",1,1,1,3,132,2,4,5,5,10
1891,1344,0,1344,1,44,"NSW","Urban","12:00 PM - 6:00 PM",0,1,0,3,30,2,3,3,5,8
563,4164,2452,1712,0,54,"NSW","Urban","6:00 PM - 12:00 AM",0,0,0,3,30,2,3,3,4,7
385,3397,1791,1606,0,57,"VIC","Urban","6:00 PM - 12:00 AM",0,0,1,3,156,4,3,6,3,9
1747,4358,2345,2013,0,60,"QLD","Urban","6:00 PM - 12:00 AM",1,0,1,3,78,4,3,10,10,20
1297,294,0,294,1,23,"NSW","Urban","6:00 AM - 12:00 PM",0,1,0,1,12,1,1,0,0,0
1014,2208,1824,384,1,53,"VIC","Urban","6:00 AM - 12:00 PM",0,1,0,3,78,1,2,1,4,5
1824,3735,2055,1680,1,52,"QLD","Urban","12:00 PM - 6:00 PM",1,0,1,3,126,4,3,8,10,18
1408,1540,1234,306,1,27,"ACT","Regional","6:00 AM - 12:00 PM",1,0,0,3,84,2,4,3,5,8
1692,401,0,401,1,21,"NT","Urban","6:00 PM - 12:00 AM",1,1,0,3,90,2,3,6,5,11
1225,641,0,641,0,37,"WA","Urban","12:00 PM - 6:00 PM",1,1,1,1,108,1,4,4,7,11
1783,1873,1691,182,0,41,"NSW","Urban","6:00 PM - 12:00 AM",1,1,0,3,60,2,2,7,6,13
1413,4830,2684,2146,1,52,"NSW","Regional","12:00 PM - 6:00 PM",1,0,0,1,78,1,3,10,7,17
1314,4263,2502,1761,1,57,"VIC","Urban","6:00 AM - 12:00 PM",1,0,0,3,144,1,3,8,3,11
1720,1561,1301,260,1,26,"NT","Urban","6:00 PM - 12:00 AM",0,1,0,3,90,1,4,9,10,19
810,4277,2357,1920,0,46,"NT","Regional","6:00 PM - 12:00 AM",0,0,0,3,174,2,3,7,6,13
214,4080,2520,1560,0,48,"VIC","Urban","12:00 AM - 6:00 AM",0,0,0,3,144,1,4,8,10,18
1201,285,0,285,1,21,"QLD","Regional","6:00 AM - 12:00 PM",1,1,0,1,78,2,3,4,3,7
619,2003,1673,330,1,44,"VIC","Regional","6:00 PM - 12:00 AM",1,1,0,3,138,2,3,6,2,8
1907,1974,1543,431,1,37,"NSW","Regional","6:00 PM - 12:00 AM",1,1,0,3,144,2,2,2,1,3
870,3238,1933,1305,0,41,"NSW","Urban","6:00 PM - 12:00 AM",0,0,1,3,144,1,2,10,10,20
1167,1640,1500,140,1,37,"VIC","Regional","6:00 AM - 12:00 PM",0,1,0,3,36,2,2,4,3,7
1798,196,0,196,1,24,"NSW","Regional","6:00 PM - 12:00 AM",1,1,1,1,126,1,4,8,5,13
519,3346,1905,1441,0,53,"QLD","Urban","6:00 PM - 12:00 AM",0,0,1,3,132,2,5,9,5,14
1458,4443,2230,2213,0,51,"SA","Urban","12:00 PM - 6:00 PM",1,0,0,1,60,4,3,10,5,15
1849,3526,2157,1369,1,46,"ACT","Urban","6:00 PM - 12:00 AM",1,0,1,1,156,2,5,6,10,16
703,1157,0,1157,1,30,"SA","Urban","6:00 PM - 12:00 AM",1,1,1,2,126,2,1,4,4,8
310,1621,1393,228,0,41,"QLD","Urban","6:00 PM - 12:00 AM",1,1,0,3,30,1,4,8,7,15
331,284,0,284,1,24,"QLD","Urban","6:00 PM - 12:00 AM",1,1,0,1,156,2,2,5,4,9
1756,4141,2183,1958,1,54,"NSW","Urban","6:00 PM - 12:00 AM",1,0,0,3,48,3,3,8,3,11
1379,1388,1186,202,1,30,"ACT","Urban","6:00 AM - 12:00 PM",0,1,0,2,90,1,3,10,10,20
313,390,0,390,1,28,"VIC","Urban","12:00 PM - 6:00 PM",1,1,0,3,48,2,2,6,2,8
1421,4233,2521,1712,0,41,"NT","Urban","6:00 AM - 12:00 PM",1,0,1,3,36,1,3,4,3,7
814,3958,1965,1993,0,43,"ACT","Urban","6:00 PM - 12:00 AM",0,1,0,1,162,2,3,0,3,3
1925,4776,2970,1806,0,47,"WA","Urban","6:00 PM - 12:00 AM",0,0,0,1,24,2,3,1,4,5
1400,188,0,188,0,42,"NSW","Urban","6:00 AM - 12:00 PM",1,0,0,2,108,1,5,8,5,13
969,1817,0,1817,0,56,"VIC","Urban","6:00 AM - 12:00 PM",0,1,0,3,66,1,4,10,10,20
1780,268,0,268,1,22,"QLD","Urban","12:00 PM - 6:00 PM",1,1,1,3,90,1,3,8,8,16
1041,153,0,153,1,29,"VIC","Regional","6:00 AM - 12:00 PM",1,1,0,3,42,1,2,4,3,7
132,2096,1730,366,1,30,"VIC","Urban","12:00 AM - 6:00 AM",1,0,0,1,48,1,3,5,3,8
1499,3061,1829,1232,0,43,"NSW","Urban","6:00 AM - 12:00 PM",0,0,0,3,72,4,3,10,6,16
1150,1745,1494,251,0,42,"QLD","Urban","6:00 AM - 12:00 PM",1,1,1,3,162,1,4,2,1,3
919,2186,1659,527,0,56,"TAS","Urban","6:00 AM - 12:00 PM",0,0,0,3,138,1,2,8,10,18
1198,993,0,993,0,43,"NSW","Urban","6:00 AM - 12:00 PM",1,1,1,3,36,1,3,5,3,8
1914,2678,1456,1222,1,34,"QLD","Urban","6:00 PM - 12:00 AM",0,0,1,3,30,3,5,5,5,10
1417,4582,2076,2506,1,48,"SA","Urban","6:00 AM - 12:00 PM",0,0,1,1,78,4,2,9,10,19
221,188,0,188,0,42,"NT","Regional","12:00 AM - 6:00 AM",1,0,0,2,12,1,3,2,0,2
59,967,0,967,0,45,"WA","Urban","12:00 AM - 6:00 AM",0,1,0,3,72,2,2,7,3,10
812,4229,2287,1942,0,49,"NSW","Regional","6:00 PM - 12:00 AM",0,0,0,1,168,4,4,9,9,18
375,3373,1774,1599,1,60,"VIC","Regional","6:00 PM - 12:00 AM",0,1,1,3,66,3,4,8,3,11
55,2212,1941,271,0,43,"VIC","Urban","12:00 AM - 6:00 AM",1,1,1,2,138,2,2,2,4,6
721,4354,2408,1946,1,46,"ACT","Regional","6:00 PM - 12:00 AM",0,0,1,1,42,1,4,4,3,7
904,511,0,511,1,23,"WA","Regional","6:00 AM - 12:00 PM",1,1,0,2,96,2,3,8,7,15
1032,1218,0,1218,0,49,"VIC","Urban","6:00 AM - 12:00 PM",1,1,1,3,150,1,3,2,1,3
549,155,0,155,0,25,"QLD","Remote","6:00 PM - 12:00 AM",0,1,0,3,132,1,2,8,8,16
717,440,0,440,0,20,"NSW","Regional","6:00 PM - 12:00 AM",0,0,1,2,72,1,3,10,8,18
1243,267,0,267,0,24,"NT","Remote","6:00 AM - 12:00 PM",1,1,1,2,156,1,2,0,4,4
392,1488,1256,232,1,31,"QLD","Regional","6:00 PM - 12:00 AM",1,1,0,2,138,1,5,10,9,19
1461,1230,1046,184,1,23,"NSW","Regional","6:00 AM - 12:00 PM",0,0,0,3,150,1,2,10,10,20
630,1257,0,1257,1,42,"NSW","Urban","6:00 PM - 12:00 AM",0,1,0,3,90,1,3,2,5,7
1293,267,0,267,1,25,"NT","Urban","6:00 AM - 12:00 PM",0,1,0,2,144,1,3,2,2,4
489,4007,2348,1659,0,53,"QLD","Regional","6:00 PM - 12:00 AM",1,0,0,3,84,4,4,9,10,19
1409,386,0,386,0,20,"NSW","Urban","6:00 AM - 12:00 PM",0,1,0,3,144,2,4,10,10,20
474,216,0,216,1,29,"NSW","Remote","6:00 PM - 12:00 AM",1,1,0,3,156,1,2,3,2,5
649,207,0,207,1,46,"NSW","Urban","6:00 PM - 12:00 AM",0,1,0,1,168,1,2,9,4,13
1141,304,0,304,1,24,"NSW","Remote","6:00 AM - 12:00 PM",0,1,1,3,96,1,2,6,5,11
62,619,0,619,0,38,"VIC","Urban","12:00 AM - 6:00 AM",1,1,1,3,114,1,3,7,5,12
872,3381,1813,1568,1,43,"QLD","Urban","6:00 PM - 12:00 AM",0,0,0,3,180,3,3,4,5,9
1002,965,0,965,0,39,"WA","Urban","12:00 PM - 6:00 PM",0,1,0,3,24,1,3,0,1,1
1786,4822,2593,2229,0,52,"SA","Urban","6:00 PM - 12:00 AM",1,0,0,3,108,1,3,10,10,20
726,2813,1635,1178,0,48,"VIC","Regional","6:00 PM - 12:00 AM",1,1,0,3,144,4,4,5,5,10
1668,2197,1228,969,0,50,"VIC","Regional","12:00 PM - 6:00 PM",0,0,1,2,120,2,3,10,8,18
1917,425,0,425,0,25,"NSW","Remote","6:00 PM - 12:00 AM",0,1,1,3,138,1,4,10,9,19
1285,1124,0,1124,1,44,"VIC","Urban","6:00 AM - 12:00 PM",1,1,0,3,24,2,3,4,4,8
109,3547,1822,1725,0,52,"TAS","Urban","12:00 AM - 6:00 AM",1,0,1,3,174,1,3,2,1,3
951,702,0,702,1,37,"NSW","Regional","6:00 AM - 12:00 PM",1,1,0,2,168,2,3,3,2,5
1223,289,0,289,0,24,"NSW","Regional","6:00 AM - 12:00 PM",0,1,0,2,30,1,2,1,0,1
505,3955,2022,1933,1,56,"VIC","Urban","6:00 PM - 12:00 AM",0,0,1,2,24,3,3,6,5,11
481,277,0,277,1,21,"NSW","Urban","6:00 PM - 12:00 AM",0,1,0,3,132,2,4,7,4,11
1902,3620,2080,1540,1,52,"NSW","Regional","12:00 PM - 6:00 PM",1,0,1,3,102,2,3,7,7,14
53,466,0,466,1,29,"WA","Urban","12:00 AM - 6:00 AM",1,1,1,3,138,1,3,10,9,19
1516,329,0,329,0,24,"VIC","Urban","6:00 AM - 12:00 PM",1,1,1,1,78,2,3,9,9,18
1315,4408,2264,2144,0,46,"NSW","Urban","6:00 AM - 12:00 PM",0,0,1,2,114,2,3,5,5,10
1533,1606,1305,301,0,26,"NSW","Remote","6:00 AM - 12:00 PM",1,1,0,3,48,2,3,5,4,9
215,1455,1455,0,1,29,"NSW","Urban","12:00 AM - 6:00 AM",1,1,1,1,120,2,4,10,10,20
1450,1856,1654,202,0,38,"NSW","Remote","6:00 AM - 12:00 PM",0,0,0,3,114,2,2,8,10,18
1386,1657,1311,346,1,28,"QLD","Urban","6:00 AM - 12:00 PM",0,1,1,3,48,2,3,0,4,4
976,1262,0,1262,0,47,"NT","Urban","6:00 AM - 12:00 PM",0,1,1,2,78,2,2,4,4,8
846,1269,0,1269,0,36,"VIC","Urban","12:00 PM - 6:00 PM",1,1,1,3,156,1,2,2,3,5
212,3015,1694,1321,0,42,"WA","Urban","12:00 AM - 6:00 AM",0,0,1,3,66,2,4,10,10,20
1831,3675,2170,1505,1,56,"QLD","Urban","6:00 PM - 12:00 AM",1,0,1,2,144,2,3,9,9,18
601,951,0,951,0,30,"TAS","Urban","6:00 PM - 12:00 AM",0,1,0,3,90,1,3,5,3,8
485,352,0,352,1,24,"QLD","Urban","6:00 PM - 12:00 AM",0,1,1,3,48,1,4,7,6,13
1711,213,0,213,0,27,"NSW","Urban","6:00 PM - 12:00 AM",0,1,1,2,42,1,2,5,1,6
463,1192,0,1192,0,37,"NSW","Urban","6:00 PM - 12:00 AM",0,1,1,2,102,2,4,8,10,18
1749,1716,1372,344,1,34,"NSW","Urban","6:00 PM - 12:00 AM",1,1,1,1,54,2,4,9,5,14
124,811,0,811,1,29,"SA","Urban","12:00 AM - 6:00 AM",1,0,0,3,156,1,4,7,6,13
20,217,0,217,1,25,"NSW","Urban","12:00 AM - 6:00 AM",1,1,0,3,174,1,2,6,2,8
1615,227,0,227,1,20,"ACT","Urban","6:00 AM - 12:00 PM",0,0,1,3,42,1,4,10,10,20
1801,3276,1859,1417,0,55,"NSW","Urban","6:00 PM - 12:00 AM",1,0,0,3,156,3,3,6,10,16
235,1709,1490,219,0,34,"NT","Urban","12:00 AM - 6:00 AM",1,0,0,3,24,2,2,5,5,10
1789,4071,2249,1822,1,49,"VIC","Urban","6:00 PM - 12:00 AM",1,0,1,3,48,4,4,5,4,9
693,2970,1594,1376,0,42,"WA","Urban","6:00 PM - 12:00 AM",1,0,1,3,126,3,2,9,8,17
1405,420,0,420,0,20,"NSW","Urban","6:00 AM - 12:00 PM",0,0,0,2,30,1,3,5,7,12
140,203,0,203,0,47,"SA","Urban","12:00 AM - 6:00 AM",0,1,0,1,42,1,3,5,0,5
1544,4137,2304,1833,0,55,"ACT","Urban","6:00 AM - 12:00 PM",0,0,1,2,180,2,3,6,7,13
1030,211,0,211,1,24,"SA","Urban","6:00 AM - 12:00 PM",1,1,0,3,66,1,3,6,7,13
1221,314,0,314,1,22,"WA","Urban","6:00 AM - 12:00 PM",0,1,0,3,36,2,1,7,3,10
169,501,0,501,1,34,"NSW","Urban","12:00 PM - 6:00 PM",1,1,0,3,120,1,3,9,8,17
148,3785,2091,1694,1,46,"QLD","Urban","12:00 AM - 6:00 AM",0,0,0,2,180,2,2,2,0,2
1818,1515,1254,261,0,33,"NSW","Regional","6:00 PM - 12:00 AM",0,1,1,2,24,2,3,2,2,4
255,329,0,329,0,20,"VIC","Regional","12:00 AM - 6:00 AM",1,0,0,3,120,2,4,8,6,14
427,298,0,298,0,24,"NSW","Regional","6:00 PM - 12:00 AM",0,1,1,1,84,1,3,10,10,20
1941,3957,2094,1863,1,47,"NSW","Urban","6:00 PM - 12:00 AM",1,1,0,3,42,2,2,1,0,1
595,3163,1796,1367,1,53,"NSW","Regional","6:00 PM - 12:00 AM",0,0,0,3,132,3,4,10,10,20
644,3804,2217,1587,0,42,"ACT","Regional","6:00 PM - 12:00 AM",0,0,0,2,156,2,3,5,4,9
1663,4563,2446,2117,1,58,"QLD","Regional","6:00 PM - 12:00 AM",0,0,0,3,90,4,2,10,9,19
637,3261,1706,1555,0,47,"QLD","Remote","6:00 PM - 12:00 AM",0,0,0,3,66,2,4,10,10,20
1449,4140,2395,1745,0,52,"QLD","Urban","6:00 AM - 12:00 PM",0,0,0,3,120,3,2,7,7,14
1616,150,0,150,0,42,"WA","Regional","6:00 PM - 12:00 AM",1,1,0,3,12,1,4,1,4,5
1897,218,0,218,0,55,"SA","Urban","6:00 PM - 12:00 AM",0,0,0,1,120,1,3,10,10,20
1945,4365,2491,1874,0,51,"NSW","Regional","6:00 PM - 12:00 AM",0,0,1,2,138,4,3,9,10,19
371,960,0,960,1,38,"WA","Regional","6:00 PM - 12:00 AM",1,1,0,3,12,2,4,0,0,0
1976,2959,1626,1333,1,60,"TAS","Urban","6:00 PM - 12:00 AM",0,0,1,3,120,1,2,10,9,19
589,371,0,371,1,24,"QLD","Remote","6:00 PM - 12:00 AM",1,1,1,3,156,1,2,1,1,2
254,3023,1714,1309,0,41,"NSW","Urban","12:00 AM - 6:00 AM",0,0,0,3,66,1,5,8,7,15
212,3015,1694,1321,0,42,"WA","Urban","12:00 AM - 6:00 AM",0,0,1,3,66,2,4,10,10,20
752,1409,0,1409,1,35,"VIC","Regional","6:00 PM - 12:00 AM",1,1,1,2,66,1,4,5,9,14
113,360,0,360,0,30,"SA","Regional","12:00 PM - 6:00 PM",1,1,0,3,96,1,1,8,10,18
243,4030,1844,2186,0,50,"VIC","Urban","12:00 AM - 6:00 AM",0,0,0,3,12,3,4,3,3,6
1883,1651,1409,242,1,24,"WA","Urban","6:00 PM - 12:00 AM",0,0,0,3,180,1,4,0,3,3
258,303,0,303,0,25,"NT","Urban","12:00 PM - 6:00 PM",1,1,1,2,114,1,2,6,5,11
548,285,0,285,1,24,"ACT","Urban","6:00 PM - 12:00 AM",1,1,0,2,30,2,3,0,0,0
1689,2937,1707,1230,1,46,"NSW","Regional","6:00 PM - 12:00 AM",1,0,0,2,18,1,3,0,1,1
153,3414,1763,1651,0,49,"NSW","Urban","12:00 AM - 6:00 AM",0,0,0,3,120,1,1,10,10,20
1927,1601,1382,219,1,28,"NSW","Urban","6:00 PM - 12:00 AM",0,1,0,1,54,2,4,8,8,16
1353,594,0,594,0,36,"SA","Urban","6:00 AM - 12:00 PM",0,1,1,2,78,1,5,3,5,8
388,179,0,179,0,55,"QLD","Urban","6:00 PM - 12:00 AM",1,1,0,3,18,1,3,0,0,0
75,389,0,389,0,20,"NSW","Urban","12:00 AM - 6:00 AM",0,1,0,3,120,2,3,2,5,7
208,2841,1685,1156,0,39,"VIC","Urban","12:00 AM - 6:00 AM",0,1,1,3,174,2,4,6,6,12
884,1847,1441,406,0,27,"VIC","Urban","6:00 AM - 12:00 PM",0,1,0,3,72,1,3,4,3,7
249,3037,1592,1445,0,51,"VIC","Urban","12:00 AM - 6:00 AM",0,0,1,3,132,1,2,10,10,20
125,462,0,462,0,39,"NSW","Remote","12:00 PM - 6:00 PM",1,1,1,2,90,1,3,6,3,9
1408,1540,1234,306,1,27,"ACT","Regional","6:00 AM - 12:00 PM",1,0,0,3,84,2,4,3,5,8
457,1412,1161,251,0,37,"NSW","Urban","6:00 PM - 12:00 AM",0,1,0,3,30,2,3,4,3,7
773,2068,1748,320,1,35,"NT","Urban","6:00 PM - 12:00 AM",1,1,1,3,150,1,3,10,6,16
1044,310,0,310,0,20,"WA","Regional","6:00 AM - 12:00 PM",1,1,1,3,144,1,4,4,4,8
180,239,0,239,0,48,"TAS","Urban","12:00 PM - 6:00 PM",1,1,0,3,180,1,3,6,2,8
1921,4222,2411,1811,1,43,"TAS","Urban","6:00 PM - 12:00 AM",1,1,1,2,150,1,5,10,10,20
1816,3985,2285,1700,1,53,"NT","Urban","6:00 PM - 12:00 AM",0,0,0,1,180,2,4,5,9,14
298,194,0,194,1,34,"NSW","Urban","12:00 AM - 6:00 AM",1,0,0,2,66,1,3,5,4,9
1067,1295,0,1295,1,54,"VIC","Urban","6:00 AM - 12:00 PM",1,1,1,3,174,1,2,1,0,1
1647,1415,0,1415,1,49,"VIC","Urban","6:00 PM - 12:00 AM",0,1,1,1,156,2,3,2,1,3
1895,3423,2086,1337,1,42,"NSW","Urban","6:00 PM - 12:00 AM",0,1,0,1,42,3,3,4,0,4
531,3924,1807,2117,1,60,"VIC","Urban","6:00 PM - 12:00 AM",0,0,1,2,162,3,3,3,2,5
1502,2977,1909,1068,0,60,"SA","Urban","12:00 PM - 6:00 PM",0,0,0,3,18,3,2,6,1,7
1502,2977,1909,1068,0,60,"SA","Urban","12:00 PM - 6:00 PM",0,0,0,3,18,3,2,6,1,7
425,337,0,337,0,28,"NSW","Urban","6:00 PM - 12:00 AM",1,1,0,2,114,1,3,10,10,20
1897,218,0,218,0,55,"SA","Urban","6:00 PM - 12:00 AM",0,0,0,1,120,1,3,10,10,20
892,1174,0,1174,1,50,"VIC","Remote","6:00 AM - 12:00 PM",0,0,0,2,180,1,3,3,3,6
1386,1657,1311,346,1,28,"QLD","Urban","6:00 AM - 12:00 PM",0,1,1,3,48,2,3,0,4,4
1458,4443,2230,2213,0,51,"SA","Urban","12:00 PM - 6:00 PM",1,0,0,1,60,4,3,10,5,15
130,589,0,589,0,26,"NSW","Remote","12:00 AM - 6:00 AM",0,0,0,2,126,2,3,10,10,20
1185,1688,1552,136,0,43,"NSW","Urban","6:00 AM - 12:00 PM",1,1,0,3,84,1,1,6,2,8
1522,4108,2010,2098,0,42,"ACT","Regional","6:00 AM - 12:00 PM",0,0,1,3,162,2,4,9,9,18
1827,3678,2126,1552,1,56,"NT","Urban","6:00 PM - 12:00 AM",1,0,1,3,12,1,2,0,0,0
636,1276,0,1276,0,43,"TAS","Urban","6:00 PM - 12:00 AM",1,1,1,2,48,2,4,7,8,15
1690,2707,1737,970,1,41,"QLD","Urban","6:00 PM - 12:00 AM",1,1,1,3,126,3,2,4,8,12
98,448,0,448,1,21,"NSW","Urban","12:00 AM - 6:00 AM",0,0,0,3,132,1,3,10,10,20
76,603,0,603,1,26,"NSW","Regional","12:00 AM - 6:00 AM",0,1,1,1,12,1,3,0,0,0
181,3958,2064,1894,1,57,"ACT","Regional","12:00 AM - 6:00 AM",0,0,1,3,36,1,1,2,3,5
1611,432,0,432,1,26,"NSW","Regional","6:00 AM - 12:00 PM",1,1,1,1,102,1,3,10,10,20
565,3978,1977,2001,1,46,"NSW","Regional","6:00 PM - 12:00 AM",1,0,1,3,114,2,5,10,10,20
1403,490,0,490,0,23,"NT","Urban","6:00 AM - 12:00 PM",1,0,1,3,30,1,5,2,2,4
1219,271,0,271,1,21,"NSW","Urban","6:00 AM - 12:00 PM",0,1,0,3,78,2,2,10,10,20
238,345,0,345,1,25,"NSW","Urban","12:00 AM - 6:00 AM",1,0,0,3,84,1,3,7,2,9
204,1077,0,1077,1,37,"NSW","Remote","12:00 AM - 6:00 AM",1,1,0,3,132,2,5,10,10,20
1789,4071,2249,1822,1,49,"VIC","Urban","6:00 PM - 12:00 AM",1,0,1,3,48,4,4,5,4,9
1768,1625,1267,358,1,42,"SA","Urban","12:00 PM - 6:00 PM",1,1,1,3,138,1,3,4,3,7
1295,3517,1883,1634,1,47,"SA","Urban","6:00 AM - 12:00 PM",1,0,1,2,72,4,4,6,4,10
336,335,0,335,1,20,"WA","Urban","12:00 PM - 6:00 PM",1,1,0,3,138,1,2,7,6,13
1540,3285,1859,1426,1,47,"SA","Urban","6:00 AM - 12:00 PM",0,0,0,1,54,3,1,8,3,11
915,2015,1640,375,0,40,"VIC","Urban","6:00 AM - 12:00 PM",1,1,1,2,156,1,3,9,9,18
936,1738,1364,374,1,41,"WA","Urban","6:00 AM - 12:00 PM",1,1,0,3,168,1,2,7,7,14
425,337,0,337,0,28,"NSW","Urban","6:00 PM - 12:00 AM",1,1,0,2,114,1,3,10,10,20
1855,4591,2249,2342,1,51,"NSW","Regional","6:00 PM - 12:00 AM",1,0,0,3,84,4,4,10,10,20
527,176,0,176,1,46,"TAS","Remote","6:00 PM - 12:00 AM",0,1,1,2,180,1,3,2,0,2
1445,1865,1760,105,1,28,"ACT","Urban","6:00 AM - 12:00 PM",0,1,1,1,156,1,4,4,3,7
1204,3600,1742,1858,0,47,"NSW","Urban","6:00 AM - 12:00 PM",0,0,1,2,138,1,5,10,10,20
453,1555,1228,327,0,40,"QLD","Remote","6:00 PM - 12:00 AM",1,1,1,2,144,1,4,10,10,20
1100,1784,1304,480,1,45,"NSW","Urban","6:00 AM - 12:00 PM",1,1,1,3,54,1,4,8,7,15
493,1197,0,1197,0,45,"NSW","Regional","6:00 PM - 12:00 AM",0,1,1,3,174,2,2,6,5,11
1075,1341,1121,220,1,24,"VIC","Regional","6:00 AM - 12:00 PM",1,1,1,3,36,2,3,5,5,10
1729,493,0,493,1,39,"NSW","Urban","6:00 PM - 12:00 AM",1,1,0,3,48,2,3,5,4,9
226,1855,1547,308,1,31,"NSW","Urban","12:00 AM - 6:00 AM",1,0,1,3,30,1,1,9,5,14
157,1001,0,1001,0,24,"WA","Urban","12:00 AM - 6:00 AM",1,1,0,3,138,1,2,6,5,11
583,214,0,214,1,34,"NSW","Urban","6:00 PM - 12:00 AM",0,1,0,2,132,1,3,4,3,7
786,2971,1520,1451,0,60,"VIC","Urban","6:00 PM - 12:00 AM",0,0,0,1,150,2,4,6,6,12
742,428,0,428,0,22,"QLD","Urban","6:00 PM - 12:00 AM",1,0,0,3,120,2,2,10,10,20
946,3043,1558,1485,1,51,"VIC","Urban","12:00 PM - 6:00 PM",1,0,1,2,174,1,3,1,0,1
1663,4563,2446,2117,1,58,"QLD","Regional","6:00 PM - 12:00 AM",0,0,0,3,90,4,2,10,9,19
1244,770,0,770,1,38,"ACT","Urban","6:00 AM - 12:00 PM",1,1,1,1,150,2,3,9,9,18
1897,218,0,218,0,55,"SA","Urban","6:00 PM - 12:00 AM",0,0,0,1,120,1,3,10,10,20
1684,3121,1780,1341,0,56,"NSW","Urban","6:00 PM - 12:00 AM",0,0,1,3,114,4,4,8,10,18
664,3730,1828,1902,1,55,"TAS","Urban","6:00 PM - 12:00 AM",0,0,1,3,12,3,2,1,3,4
850,3487,1991,1496,1,46,"NSW","Urban","6:00 PM - 12:00 AM",0,0,1,2,72,1,3,6,5,11
1639,1376,0,1376,0,47,"VIC","Urban","6:00 PM - 12:00 AM",0,0,0,3,54,2,3,7,7,14
701,1077,0,1077,0,31,"NSW","Urban","6:00 PM - 12:00 AM",0,1,1,3,72,2,2,10,9,19
1644,520,0,520,1,38,"VIC","Urban","6:00 PM - 12:00 AM",1,1,0,3,138,2,3,7,5,12
521,2935,1641,1294,1,44,"QLD","Regional","6:00 PM - 12:00 AM",0,1,0,3,132,2,2,8,7,15
1763,2071,1556,515,1,44,"NSW","Remote","6:00 PM - 12:00 AM",1,1,0,3,168,1,3,10,5,15
544,3925,1813,2112,1,56,"NSW","Regional","6:00 PM - 12:00 AM",0,0,0,3,162,4,1,4,1,5
1123,4148,2211,1937,1,57,"NSW","Regional","6:00 AM - 12:00 PM",0,0,1,3,126,1,4,10,10,20
1085,1997,1572,425,0,41,"VIC","Urban","6:00 AM - 12:00 PM",1,1,0,3,96,2,2,6,7,13
1721,140,0,140,0,31,"NT","Urban","6:00 PM - 12:00 AM",1,1,0,1,96,1,2,9,9,18
238,345,0,345,1,25,"NSW","Urban","12:00 AM - 6:00 AM",1,0,0,3,84,1,3,7,2,9
269,184,0,184,1,21,"NT","Urban","12:00 PM - 6:00 PM",1,1,0,1,72,1,3,3,2,5
1770,942,0,942,1,33,"NSW","Urban","6:00 PM - 12:00 AM",0,1,0,3,168,1,3,3,0,3
515,262,0,262,0,22,"NSW","Urban","6:00 PM - 12:00 AM",0,1,0,3,18,1,4,6,6,12
481,277,0,277,1,21,"NSW","Urban","6:00 PM - 12:00 AM",0,1,0,3,132,2,4,7,4,11
411,796,0,796,1,26,"NSW","Regional","6:00 PM - 12:00 AM",1,1,1,1,150,1,4,6,5,11
39,4465,2337,2128,0,55,"NSW","Regional","12:00 AM - 6:00 AM",1,0,0,1,180,3,3,1,2,3
1005,224,0,224,1,35,"VIC","Urban","6:00 AM - 12:00 PM",1,1,0,1,168,1,4,9,4,13
1498,3366,1551,1815,0,49,"TAS","Remote","6:00 AM - 12:00 PM",0,0,0,3,126,2,4,10,9,19
91,522,0,522,0,33,"NSW","Urban","12:00 PM - 6:00 PM",1,1,1,3,24,1,2,1,0,1
217,1439,1125,314,1,24,"NSW","Regional","12:00 AM - 6:00 AM",1,1,0,3,150,2,4,8,10,18
1559,297,0,297,1,22,"ACT","Urban","6:00 AM - 12:00 PM",1,1,0,3,30,2,4,4,0,4
1581,1773,1618,155,1,34,"NSW","Remote","6:00 AM - 12:00 PM",1,1,1,3,132,2,4,5,5,10
1736,327,0,327,1,28,"NSW","Urban","6:00 PM - 12:00 AM",1,1,0,1,36,2,2,0,0,0
1387,177,0,177,0,49,"SA","Urban","6:00 AM - 12:00 PM",1,1,0,3,150,1,2,5,5,10
1617,316,0,316,1,51,"NT","Urban","6:00 PM - 12:00 AM",1,1,0,3,144,2,1,6,9,15
1411,328,0,328,0,22,"TAS","Urban","6:00 AM - 12:00 PM",1,1,0,3,84,1,4,6,7,13
1365,177,0,177,0,24,"TAS","Regional","6:00 AM - 12:00 PM",0,1,1,1,108,1,2,10,10,20
1747,4358,2345,2013,0,60,"QLD","Urban","6:00 PM - 12:00 AM",1,0,1,3,78,4,3,10,10,20
1327,894,0,894,1,36,"NSW","Regional","6:00 AM - 12:00 PM",1,1,0,3,96,1,4,10,6,16
585,3519,1850,1669,0,59,"NT","Regional","6:00 PM - 12:00 AM",0,0,0,3,24,3,3,6,7,13
1713,481,0,481,1,37,"SA","Urban","12:00 PM - 6:00 PM",1,1,1,3,54,1,2,6,3,9
1588,3305,1861,1444,0,54,"NSW","Urban","6:00 AM - 12:00 PM",0,1,1,3,54,3,3,3,7,10
554,431,0,431,1,22,"WA","Urban","6:00 PM - 12:00 AM",0,1,0,3,138,2,2,9,8,17
1577,3470,2007,1463,1,57,"NSW","Urban","6:00 AM - 12:00 PM",0,0,1,1,84,4,3,10,9,19
1661,4274,2021,2253,0,55,"NSW","Regional","6:00 PM - 12:00 AM",0,0,0,3,138,1,3,4,4,8
809,2735,1581,1154,1,44,"WA","Urban","6:00 PM - 12:00 AM",0,0,1,3,54,4,4,7,10,17
929,259,0,259,1,38,"VIC","Urban","6:00 AM - 12:00 PM",1,1,1,2,72,1,5,3,6,9
1099,1016,0,1016,0,36,"WA","Remote","6:00 AM - 12:00 PM",1,1,0,3,168,1,5,7,7,14
1202,1693,1468,225,1,40,"VIC","Regional","12:00 PM - 6:00 PM",0,1,0,3,168,1,3,5,7,12
1191,1266,1114,152,1,21,"SA","Urban","12:00 PM - 6:00 PM",0,1,0,3,12,2,1,2,0,2
392,1488,1256,232,1,31,"QLD","Regional","6:00 PM - 12:00 AM",1,1,0,2,138,1,5,10,9,19
757,3827,2001,1826,1,46,"QLD","Urban","12:00 PM - 6:00 PM",1,0,1,1,180,2,3,6,5,11
778,1096,0,1096,0,35,"NT","Remote","6:00 PM - 12:00 AM",1,1,1,2,12,1,4,7,3,10
1448,2934,1635,1299,1,49,"WA","Regional","6:00 AM - 12:00 PM",0,0,0,3,42,1,2,7,6,13
825,3689,2066,1623,0,43,"NSW","Urban","6:00 PM - 12:00 AM",0,0,0,2,12,1,5,0,0,0
809,2735,1581,1154,1,44,"WA","Urban","6:00 PM - 12:00 AM",0,0,1,3,54,4,4,7,10,17
1184,327,0,327,1,24,"NSW","Urban","6:00 AM - 12:00 PM",0,1,1,3,24,2,2,1,3,4
1366,511,0,511,1,22,"NSW","Urban","6:00 AM - 12:00 PM",0,1,1,3,12,2,1,1,1,2
18,919,0,919,1,33,"WA","Urban","12:00 AM - 6:00 AM",1,1,0,1,180,1,2,0,0,0
1079,4649,2790,1859,1,55,"NSW","Regional","12:00 PM - 6:00 PM",1,0,0,3,156,4,4,3,4,7
973,1415,1165,250,1,43,"WA","Regional","6:00 AM - 12:00 PM",1,1,1,2,54,2,2,9,10,19
13,407,0,407,0,21,"SA","Urban","12:00 AM - 6:00 AM",1,1,0,2,120,1,4,8,7,15
1941,3957,2094,1863,1,47,"NSW","Urban","6:00 PM - 12:00 AM",1,1,0,3,42,2,2,1,0,1
427,298,0,298,0,24,"NSW","Regional","6:00 PM - 12:00 AM",0,1,1,1,84,1,3,10,10,20
272,4199,2172,2027,0,47,"NSW","Urban","12:00 AM - 6:00 AM",0,1,0,3,174,3,2,0,0,0
1333,249,0,249,1,22,"NSW","Urban","6:00 AM - 12:00 PM",1,1,0,2,48,2,1,2,1,3
1769,1375,1249,126,0,28,"QLD","Regional","6:00 PM - 12:00 AM",1,1,1,2,60,1,4,4,7,11
597,518,0,518,1,31,"NSW","Urban","6:00 PM - 12:00 AM",0,1,0,3,90,1,2,10,10,20
60,237,0,237,1,54,"VIC","Urban","12:00 AM - 6:00 AM",1,1,1,1,156,1,3,3,2,5
1532,2022,1738,284,1,36,"NSW","Regional","6:00 AM - 12:00 PM",1,1,0,3,24,1,3,0,0,0
937,2754,1518,1236,0,54,"VIC","Urban","6:00 AM - 12:00 PM",0,0,0,1,66,2,3,5,4,9
1150,1745,1494,251,0,42,"QLD","Urban","6:00 AM - 12:00 PM",1,1,1,3,162,1,4,2,1,3
1670,1727,1428,299,1,35,"ACT","Urban","6:00 PM - 12:00 AM",1,1,0,1,84,2,2,5,4,9
1853,2927,1543,1384,1,40,"NSW","Regional","6:00 PM - 12:00 AM",1,1,1,3,126,3,5,8,8,16
700,205,0,205,0,34,"ACT","Urban","6:00 PM - 12:00 AM",0,0,0,3,156,1,2,10,8,18
155,3823,2148,1675,1,42,"NSW","Regional","12:00 AM - 6:00 AM",0,0,1,3,18,1,2,0,0,0
291,237,0,237,1,21,"VIC","Urban","12:00 PM - 6:00 PM",1,1,0,1,18,1,2,2,0,2
1780,268,0,268,1,22,"QLD","Urban","12:00 PM - 6:00 PM",1,1,1,3,90,1,3,8,8,16
1168,1401,1121,280,1,31,"QLD","Urban","6:00 AM - 12:00 PM",1,1,1,3,24,2,4,2,0,2
802,353,0,353,0,24,"TAS","Urban","12:00 PM - 6:00 PM",0,1,0,3,90,2,4,5,4,9
713,4085,2318,1767,0,57,"NSW","Regional","12:00 PM - 6:00 PM",1,0,0,3,54,2,2,1,1,2
551,684,0,684,0,33,"NSW","Urban","6:00 PM - 12:00 AM",1,1,1,1,162,1,3,7,7,14
187,3816,2198,1618,0,44,"NT","Urban","12:00 AM - 6:00 AM",0,0,0,3,120,1,1,4,4,8
226,1855,1547,308,1,31,"NSW","Urban","12:00 AM - 6:00 AM",1,0,1,3,30,1,1,9,5,14
1087,233,0,233,1,44,"NSW","Urban","6:00 AM - 12:00 PM",1,1,0,3,54,1,2,7,8,15
745,1039,0,1039,0,29,"NSW","Regional","6:00 PM - 12:00 AM",1,0,0,1,144,2,3,6,5,11
582,1819,1598,221,0,40,"WA","Urban","6:00 PM - 12:00 AM",1,1,0,1,36,1,2,0,2,2
347,2026,1806,220,0,41,"NSW","Urban","12:00 PM - 6:00 PM",1,1,1,2,132,1,4,9,10,19
173,171,0,171,0,57,"QLD","Remote","12:00 AM - 6:00 AM",1,0,0,3,102,1,3,8,5,13
346,172,0,172,1,26,"VIC","Regional","6:00 PM - 12:00 AM",1,1,0,3,84,1,2,4,4,8
1795,944,0,944,1,38,"VIC","Urban","6:00 PM - 12:00 AM",1,1,1,1,60,2,3,7,5,12
65,406,0,406,0,23,"NT","Urban","12:00 AM - 6:00 AM",1,1,0,3,102,2,3,8,5,13
986,654,0,654,1,43,"QLD","Regional","6:00 AM - 12:00 PM",1,1,0,3,60,1,2,5,5,10
1450,1856,1654,202,0,38,"NSW","Remote","6:00 AM - 12:00 PM",0,0,0,3,114,2,2,8,10,18
390,4291,2165,2126,0,55,"TAS","Regional","6:00 PM - 12:00 AM",0,0,1,2,168,3,2,8,5,13
495,247,0,247,0,41,"NSW","Urban","6:00 PM - 12:00 AM",0,1,0,3,156,1,2,7,7,14
1296,691,0,691,0,24,"NSW","Urban","6:00 AM - 12:00 PM",0,1,0,2,72,1,1,7,6,13
985,161,0,161,1,44,"VIC","Urban","6:00 AM - 12:00 PM",1,1,0,2,168,1,4,5,4,9
262,2823,1659,1164,1,54,"NSW","Urban","12:00 AM - 6:00 AM",0,1,1,3,162,3,3,1,0,1
1353,594,0,594,0,36,"SA","Urban","6:00 AM - 12:00 PM",0,1,1,2,78,1,5,3,5,8
1674,4630,2099,2531,0,53,"VIC","Urban","6:00 PM - 12:00 AM",0,0,0,3,60,2,4,10,10,20
1945,4365,2491,1874,0,51,"NSW","Regional","6:00 PM - 12:00 AM",0,0,1,2,138,4,3,9,10,19
1898,192,0,192,0,47,"NT","Urban","6:00 PM - 12:00 AM",0,0,0,1,78,1,3,10,10,20
966,306,0,306,1,24,"VIC","Regional","6:00 AM - 12:00 PM",1,1,1,2,84,2,3,9,5,14
1187,3998,2232,1766,0,53,"TAS","Urban","6:00 AM - 12:00 PM",0,0,0,3,102,4,4,10,10,20
353,372,0,372,1,38,"SA","Urban","6:00 PM - 12:00 AM",1,1,1,3,48,2,1,9,8,17
1172,4462,2053,2409,0,59,"VIC","Regional","6:00 AM - 12:00 PM",0,0,0,3,24,3,4,6,2,8
400,222,0,222,1,21,"NSW","Regional","6:00 PM - 12:00 AM",1,1,0,3,72,1,3,4,5,9
1454,204,0,204,0,25,"TAS","Regional","6:00 AM - 12:00 PM",0,1,1,3,120,1,2,10,8,18
285,2987,1491,1496,1,48,"VIC","Regional","12:00 AM - 6:00 AM",0,0,0,3,54,3,4,7,6,13
488,1223,0,1223,1,40,"NSW","Urban","6:00 PM - 12:00 AM",1,1,0,2,138,2,3,10,10,20
607,248,0,248,1,60,"NT","Urban","6:00 PM - 12:00 AM",0,1,0,3,150,1,3,5,7,12
1958,3695,1802,1893,1,42,"VIC","Urban","6:00 PM - 12:00 AM",0,1,0,3,54,3,2,2,5,7
176,243,0,243,0,31,"VIC","Regional","12:00 AM - 6:00 AM",1,1,0,3,78,1,3,10,10,20
1202,1693,1468,225,1,40,"VIC","Regional","12:00 PM - 6:00 PM",0,1,0,3,168,1,3,5,7,12
1016,1400,1079,321,1,39,"ACT","Urban","6:00 AM - 12:00 PM",1,1,0,3,90,2,2,10,8,18
781,277,0,277,1,50,"NSW","Urban","6:00 PM - 12:00 AM",1,0,0,3,72,1,3,6,7,13
1893,2005,1558,447,0,38,"NSW","Regional","6:00 PM - 12:00 AM",0,0,0,1,102,1,3,10,10,20
151,3826,1838,1988,0,48,"ACT","Urban","12:00 AM - 6:00 AM",0,0,0,3,54,4,5,10,10,20
130,589,0,589,0,26,"NSW","Remote","12:00 AM - 6:00 AM",0,0,0,2,126,2,3,10,10,20
149,4054,2194,1860,0,58,"NSW","Urban","12:00 AM - 6:00 AM",0,1,0,3,42,1,3,2,3,5
1491,3040,1544,1496,1,58,"VIC","Urban","12:00 PM - 6:00 PM",1,0,1,3,60,4,4,10,10,20
952,346,0,346,0,25,"VIC","Urban","6:00 AM - 12:00 PM",1,1,0,3,96,1,2,3,3,6
1115,4562,2640,1922,0,54,"WA","Urban","6:00 AM - 12:00 PM",0,0,0,3,156,2,3,3,3,6
1541,4152,2308,1844,1,53,"NSW","Regional","6:00 AM - 12:00 PM",0,0,0,3,30,1,2,0,1,1
1987,2459,1419,1040,1,33,"SA","Urban","6:00 PM - 12:00 AM",1,1,0,3,90,1,2,7,10,17
681,4192,1949,2243,0,58,"VIC","Urban","6:00 PM - 12:00 AM",1,0,1,3,72,4,3,10,10,20
1179,359,0,359,1,26,"NSW","Urban","6:00 AM - 12:00 PM",1,1,1,1,144,1,1,4,3,7
1391,241,0,241,0,22,"VIC","Urban","12:00 PM - 6:00 PM",1,1,0,2,126,1,5,8,8,16
1620,2437,2143,294,1,51,"TAS","Remote","6:00 PM - 12:00 AM",0,0,1,3,84,1,3,10,10,20
435,1552,1244,308,1,39,"NSW","Urban","12:00 PM - 6:00 PM",1,1,1,2,138,2,3,7,7,14
1247,1661,1340,321,0,33,"TAS","Urban","12:00 PM - 6:00 PM",1,1,1,1,24,2,2,2,0,2
537,3805,2202,1603,1,58,"NSW","Urban","6:00 PM - 12:00 AM",1,0,0,3,150,2,3,10,8,18
1152,4519,2550,1969,1,50,"NSW","Urban","6:00 AM - 12:00 PM",0,0,1,3,150,1,3,3,3,6
955,306,0,306,1,22,"NSW","Regional","6:00 AM - 12:00 PM",1,1,1,3,66,1,2,5,9,14
1841,4377,2258,2119,1,47,"NSW","Regional","6:00 PM - 12:00 AM",1,0,0,2,114,4,5,10,10,20
1016,1400,1079,321,1,39,"ACT","Urban","6:00 AM - 12:00 PM",1,1,0,3,90,2,2,10,8,18
1370,579,0,579,1,36,"QLD","Urban","6:00 AM - 12:00 PM",1,1,0,3,162,1,4,3,5,8
190,3779,2016,1763,1,60,"NSW","Regional","12:00 AM - 6:00 AM",0,0,0,3,96,2,3,10,10,20
21,581,0,581,1,31,"TAS","Regional","12:00 AM - 6:00 AM",1,1,1,3,132,2,3,3,2,5
85,324,0,324,1,22,"TAS","Urban","12:00 AM - 6:00 AM",1,0,1,1,42,2,3,9,5,14
1771,258,0,258,0,23,"NSW","Regional","6:00 PM - 12:00 AM",1,1,0,2,108,2,3,10,10,20
1640,430,0,430,0,23,"ACT","Regional","6:00 PM - 12:00 AM",1,1,1,3,48,1,4,8,10,18
1064,2248,1680,568,1,50,"SA","Regional","6:00 AM - 12:00 PM",1,1,0,2,150,2,3,9,5,14
60,237,0,237,1,54,"VIC","Urban","12:00 AM - 6:00 AM",1,1,1,1,156,1,3,3,2,5
1871,4689,2493,2196,1,45,"NT","Regional","6:00 PM - 12:00 AM",1,0,0,3,132,4,3,8,9,17
1090,3447,2285,1162,0,56,"VIC","Urban","12:00 PM - 6:00 PM",1,0,1,3,54,3,2,5,3,8
1849,3526,2157,1369,1,46,"ACT","Urban","6:00 PM - 12:00 AM",1,0,1,1,156,2,5,6,10,16
222,284,0,284,0,24,"NSW","Urban","12:00 AM - 6:00 AM",1,0,1,1,90,1,3,10,10,20
997,283,0,283,0,25,"VIC","Regional","6:00 AM - 12:00 PM",1,1,0,3,42,2,3,4,3,7
702,4482,2455,2027,0,59,"TAS","Urban","12:00 PM - 6:00 PM",0,0,0,2,66,4,3,8,7,15
1925,4776,2970,1806,0,47,"WA","Urban","6:00 PM - 12:00 AM",0,0,0,1,24,2,3,1,4,5
370,158,0,158,0,27,"VIC","Urban","6:00 PM - 12:00 AM",1,1,1,3,90,1,4,4,7,11
89,195,0,195,0,25,"NSW","Urban","12:00 AM - 6:00 AM",0,1,0,2,96,1,2,6,5,11
985,161,0,161,1,44,"VIC","Urban","6:00 AM - 12:00 PM",1,1,0,2,168,1,4,5,4,9
1791,3682,2150,1532,0,54,"QLD","Urban","12:00 PM - 6:00 PM",1,0,0,1,108,3,4,10,10,20
270,1283,0,1283,0,38,"SA","Urban","12:00 AM - 6:00 AM",1,0,0,3,84,2,2,10,10,20
758,247,0,247,0,34,"TAS","Urban","6:00 PM - 12:00 AM",1,1,0,2,72,1,2,2,4,6
1631,379,0,379,0,28,"VIC","Urban","6:00 PM - 12:00 AM",1,1,0,2,54,1,2,3,2,5
391,4015,2283,1732,0,49,"WA","Urban","12:00 PM - 6:00 PM",0,0,1,2,84,2,3,10,10,20
413,4344,2448,1896,1,57,"VIC","Regional","12:00 PM - 6:00 PM",0,0,0,2,84,2,4,10,10,20
259,3483,2021,1462,1,42,"NSW","Urban","12:00 AM - 6:00 AM",0,1,0,2,84,2,3,4,3,7
1449,4140,2395,1745,0,52,"QLD","Urban","6:00 AM - 12:00 PM",0,0,0,3,120,3,2,7,7,14
1709,482,0,482,1,28,"NSW","Regional","6:00 PM - 12:00 AM",1,1,1,1,174,1,2,0,3,3
1446,198,0,198,0,21,"VIC","Regional","12:00 PM - 6:00 PM",1,1,1,3,168,1,3,3,6,9
1467,367,0,367,0,21,"NSW","Urban","6:00 AM - 12:00 PM",1,1,1,3,138,2,4,4,7,11
363,174,0,174,1,33,"VIC","Regional","6:00 PM - 12:00 AM",1,1,0,2,168,1,3,2,1,3
1514,669,0,669,0,27,"TAS","Remote","6:00 AM - 12:00 PM",1,1,1,3,12,1,2,6,2,8
38,209,0,209,1,48,"TAS","Urban","12:00 AM - 6:00 AM",0,1,0,1,150,1,3,8,8,16
278,2957,1657,1300,1,60,"NSW","Urban","12:00 AM - 6:00 AM",0,0,0,3,132,4,4,10,10,20
97,411,0,411,0,23,"QLD","Urban","12:00 AM - 6:00 AM",0,0,0,3,54,1,4,4,8,12
758,247,0,247,0,34,"TAS","Urban","6:00 PM - 12:00 AM",1,1,0,2,72,1,2,2,4,6
1246,323,0,323,0,20,"WA","Urban","6:00 AM - 12:00 PM",0,1,1,1,12,1,1,2,0,2
1503,3335,1732,1603,0,45,"WA","Urban","6:00 AM - 12:00 PM",0,0,0,2,12,1,2,0,0,0
1681,3455,1843,1612,1,50,"NSW","Urban","6:00 PM - 12:00 AM",0,0,0,3,120,4,4,8,6,14
35,157,0,157,0,40,"NSW","Urban","12:00 AM - 6:00 AM",0,1,0,3,168,1,2,1,1,2
994,338,0,338,1,24,"VIC","Regional","6:00 AM - 12:00 PM",1,1,0,3,108,1,2,10,10,20
486,1639,1296,343,1,45,"NSW","Urban","6:00 PM - 12:00 AM",1,1,0,3,84,1,3,5,8,13
1294,3328,2004,1324,1,49,"TAS","Urban","6:00 AM - 12:00 PM",0,0,0,3,114,1,4,8,8,16
1346,1474,1184,290,1,26,"WA","Urban","6:00 AM - 12:00 PM",0,1,1,1,138,2,3,8,7,15
1488,217,0,217,0,21,"ACT","Regional","6:00 AM - 12:00 PM",1,1,1,3,108,1,2,10,8,18
664,3730,1828,1902,1,55,"TAS","Urban","6:00 PM - 12:00 AM",0,0,1,3,12,3,2,1,3,4
85,324,0,324,1,22,"TAS","Urban","12:00 AM - 6:00 AM",1,0,1,1,42,2,3,9,5,14
401,3479,1683,1796,1,47,"NSW","Urban","6:00 PM - 12:00 AM",0,0,1,3,72,1,3,10,10,20
1701,1505,1311,194,0,38,"VIC","Urban","6:00 PM - 12:00 AM",1,1,1,3,168,1,4,7,5,12
1920,4485,2306,2179,1,54,"NSW","Urban","6:00 PM - 12:00 AM",1,0,0,2,54,4,4,3,3,6
1554,3561,1676,1885,1,44,"VIC","Urban","6:00 AM - 12:00 PM",0,0,1,2,120,3,4,8,8,16
288,2773,1727,1046,1,59,"QLD","Regional","12:00 AM - 6:00 AM",0,0,0,1,30,2,4,6,9,15
1258,148,0,148,0,48,"NSW","Regional","12:00 PM - 6:00 PM",0,1,1,3,72,1,3,10,7,17
1905,3961,2039,1922,1,44,"NSW","Remote","6:00 PM - 12:00 AM",0,0,0,3,132,2,3,4,4,8
522,3113,1708,1405,1,48,"QLD","Urban","6:00 PM - 12:00 AM",1,0,0,3,60,2,3,3,2,5
897,743,0,743,0,24,"WA","Remote","6:00 AM - 12:00 PM",1,1,1,3,102,1,3,6,6,12
1489,4181,2112,2069,0,53,"TAS","Urban","6:00 AM - 12:00 PM",0,0,1,2,174,1,1,4,5,9
414,1330,1183,147,0,37,"NSW","Urban","6:00 PM - 12:00 AM",0,1,0,3,150,1,3,8,5,13
964,431,0,431,1,39,"WA","Remote","6:00 AM - 12:00 PM",1,1,0,3,84,2,4,10,7,17
1287,308,0,308,1,22,"ACT","Urban","6:00 AM - 12:00 PM",1,1,0,3,162,1,1,4,3,7
1038,961,0,961,1,33,"VIC","Regional","6:00 AM - 12:00 PM",1,1,0,3,162,2,3,9,7,16
1537,221,0,221,1,56,"NSW","Urban","6:00 AM - 12:00 PM",1,0,0,3,162,1,4,4,4,8
1380,3361,1875,1486,1,52,"VIC","Urban","12:00 PM - 6:00 PM",0,0,1,1,156,3,2,8,7,15
51,3574,2148,1426,1,49,"QLD","Urban","12:00 AM - 6:00 AM",1,0,0,3,30,3,2,2,1,3
1224,833,0,833,1,30,"TAS","Urban","12:00 PM - 6:00 PM",1,1,0,2,66,1,3,5,5,10
1045,217,0,217,1,38,"VIC","Urban","6:00 AM - 12:00 PM",1,1,0,1,150,1,4,5,4,9
1992,1988,1804,184,0,38,"SA","Urban","6:00 PM - 12:00 AM",1,1,0,3,156,2,4,5,7,12
635,400,0,400,1,28,"NSW","Regional","12:00 PM - 6:00 PM",0,1,0,3,162,2,3,0,0,0
1924,173,0,173,1,24,"QLD","Regional","12:00 PM - 6:00 PM",0,1,0,2,54,1,4,9,8,17
190,3779,2016,1763,1,60,"NSW","Regional","12:00 AM - 6:00 AM",0,0,0,3,96,2,3,10,10,20
413,4344,2448,1896,1,57,"VIC","Regional","12:00 PM - 6:00 PM",0,0,0,2,84,2,4,10,10,20
1437,3510,1852,1658,0,54,"VIC","Urban","6:00 AM - 12:00 PM",0,0,1,3,72,4,5,10,10,20
1550,466,0,466,0,20,"WA","Urban","6:00 AM - 12:00 PM",1,1,0,1,126,1,3,5,3,8
25,918,0,918,1,36,"VIC","Urban","12:00 PM - 6:00 PM",1,1,0,1,42,1,3,4,3,7
744,3919,1880,2039,0,59,"VIC","Urban","6:00 PM - 12:00 AM",0,0,1,3,126,2,3,5,7,12
1430,2017,1501,516,1,33,"VIC","Regional","6:00 AM - 12:00 PM",1,1,0,1,18,1,3,0,0,0
1611,432,0,432,1,26,"NSW","Regional","6:00 AM - 12:00 PM",1,1,1,1,102,1,3,10,10,20
1857,4604,2344,2260,1,46,"NSW","Urban","12:00 PM - 6:00 PM",1,0,0,2,30,1,3,4,5,9
176,243,0,243,0,31,"VIC","Regional","12:00 AM - 6:00 AM",1,1,0,3,78,1,3,10,10,20
1787,3059,1726,1333,1,46,"NSW","Urban","6:00 PM - 12:00 AM",1,0,1,3,108,2,3,7,6,13
486,1639,1296,343,1,45,"NSW","Urban","6:00 PM - 12:00 AM",1,1,0,3,84,1,3,5,8,13
1840,436,0,436,0,28,"QLD","Regional","6:00 PM - 12:00 AM",1,1,1,2,96,1,2,6,6,12
321,1935,1650,285,0,37,"QLD","Urban","6:00 PM - 12:00 AM",1,1,1,3,72,1,2,4,1,5
1743,1414,0,1414,1,41,"ACT","Urban","6:00 PM - 12:00 AM",1,1,0,3,156,4,2,2,2,4
1280,1577,1377,200,0,39,"VIC","Regional","12:00 PM - 6:00 PM",1,1,1,3,156,2,3,7,7,14
1100,1784,1304,480,1,45,"NSW","Urban","6:00 AM - 12:00 PM",1,1,1,3,54,1,4,8,7,15
1732,3481,1736,1745,1,59,"SA","Urban","6:00 PM - 12:00 AM",1,0,0,3,72,4,3,7,9,16
590,4396,2155,2241,1,56,"ACT","Urban","6:00 PM - 12:00 AM",1,0,0,3,150,4,3,5,4,9
332,183,0,183,0,21,"VIC","Urban","6:00 PM - 12:00 AM",1,1,0,1,60,1,3,6,9,15
1675,854,0,854,1,39,"NSW","Urban","6:00 PM - 12:00 AM",1,1,1,1,168,2,3,2,5,7
803,178,0,178,1,40,"VIC","Regional","6:00 PM - 12:00 AM",1,1,0,3,138,1,3,5,5,10
1817,247,0,247,0,23,"NT","Urban","6:00 PM - 12:00 AM",1,1,0,3,78,1,4,8,10,18
168,2934,1892,1042,0,47,"NSW","Urban","12:00 AM - 6:00 AM",0,0,1,3,138,3,2,6,1,7
1368,229,0,229,1,24,"WA","Urban","6:00 AM - 12:00 PM",1,1,1,3,42,1,4,8,10,18
1265,975,0,975,0,39,"NSW","Remote","6:00 AM - 12:00 PM",0,1,0,2,132,2,2,4,2,6
1192,436,0,436,1,24,"NSW","Regional","6:00 AM - 12:00 PM",1,1,0,3,150,1,3,3,0,3
1658,511,0,511,0,34,"VIC","Urban","6:00 PM - 12:00 AM",1,1,1,2,78,2,4,5,9,14
285,2987,1491,1496,1,48,"VIC","Regional","12:00 AM - 6:00 AM",0,0,0,3,54,3,4,7,6,13
110,3680,2191,1489,0,55,"NSW","Urban","12:00 AM - 6:00 AM",1,1,0,3,180,2,2,7,2,9
590,4396,2155,2241,1,56,"ACT","Urban","6:00 PM - 12:00 AM",1,0,0,3,150,4,3,5,4,9
1466,4140,2222,1918,0,49,"NSW","Urban","6:00 AM - 12:00 PM",0,0,0,3,168,3,2,2,0,2
463,1192,0,1192,0,37,"NSW","Urban","6:00 PM - 12:00 AM",0,1,1,2,102,2,4,8,10,18
1475,4011,2053,1958,0,57,"TAS","Urban","6:00 AM - 12:00 PM",1,0,1,3,84,4,5,10,10,20
192,1334,0,1334,0,35,"WA","Urban","12:00 AM - 6:00 AM",1,1,1,3,96,2,3,7,10,17
1582,200,0,200,0,45,"NSW","Urban","6:00 AM - 12:00 PM",1,0,1,3,156,1,4,4,3,7
45,3127,1714,1413,1,55,"NSW","Urban","12:00 AM - 6:00 AM",1,0,0,1,174,1,3,0,0,0
1257,358,0,358,0,24,"NSW","Regional","6:00 AM - 12:00 PM",1,1,0,2,78,2,2,10,9,19
1406,324,0,324,1,25,"QLD","Urban","6:00 AM - 12:00 PM",1,0,0,3,72,2,4,5,6,11
1941,3957,2094,1863,1,47,"NSW","Urban","6:00 PM - 12:00 AM",1,1,0,3,42,2,2,1,0,1
1903,3765,1929,1836,0,45,"SA","Regional","6:00 PM - 12:00 AM",1,1,1,2,60,4,4,4,5,9
909,1621,1423,198,0,30,"ACT","Urban","6:00 AM - 12:00 PM",1,1,0,1,162,1,2,2,0,2
737,3426,1670,1756,0,49,"NSW","Regional","6:00 PM - 12:00 AM",0,1,1,3,102,3,4,7,9,16
1412,192,0,192,0,28,"QLD","Urban","6:00 AM - 12:00 PM",1,0,0,2,84,1,3,6,2,8
60,237,0,237,1,54,"VIC","Urban","12:00 AM - 6:00 AM",1,1,1,1,156,1,3,3,2,5
68,417,0,417,1,22,"NSW","Urban","12:00 AM - 6:00 AM",1,1,0,3,108,2,2,5,5,10
501,196,0,196,1,30,"TAS","Regional","6:00 PM - 12:00 AM",0,1,1,1,78,1,4,10,10,20
383,4353,2268,2085,0,57,"TAS","Urban","6:00 PM - 12:00 AM",0,0,0,3,96,2,3,7,7,14
852,2218,1706,512,1,40,"NSW","Urban","6:00 PM - 12:00 AM",1,1,1,3,102,2,3,10,10,20
671,205,0,205,1,31,"QLD","Regional","6:00 PM - 12:00 AM",1,0,1,3,126,1,4,4,7,11
