"ID","TotalSpending","InternationalSpend","DomesticSpend","Female","Age","HomeState","HomeRegion","BookingTime","DeviceTypeMobileTablet","Windows.Android","PromotionsUsed","EaseOfUse","UsageDuration","BookingCount","AvailableFlights","Satisfaction","NetPromoterScore","TotalSatisfaction"
1682,1682,1306,376,0,39,"WA","Urban","6:00 PM - 12:00 AM",1,1,1,3,162,1,3,8,3,11
1465,1270,0,1270,0,33,"NSW","Urban","6:00 AM - 12:00 PM",1,1,1,2,180,1,2,0,0,0
1602,1797,1506,291,1,29,"VIC","Urban","12:00 PM - 6:00 PM",1,1,0,3,144,1,3,10,9,19
437,3174,1854,1320,1,52,"NSW","Urban","6:00 PM - 12:00 AM",0,0,0,3,114,2,2,5,4,9
516,3558,1963,1595,0,51,"VIC","Urban","6:00 PM - 12:00 AM",0,0,0,3,78,2,2,8,7,15
1761,4545,2567,1978,0,57,"NSW","Urban","6:00 PM - 12:00 AM",0,0,0,3,54,4,1,9,9,18
1883,1651,1409,242,1,24,"WA","Urban","6:00 PM - 12:00 AM",0,0,0,3,180,1,4,0,3,3
1791,3682,2150,1532,0,54,"QLD","Urban","12:00 PM - 6:00 PM",1,0,0,1,108,3,4,10,10,20
1590,3751,2214,1537,1,51,"VIC","Urban","6:00 AM - 12:00 PM",0,0,0,3,108,2,2,9,10,19
666,2760,1506,1254,1,40,"NSW","Urban","6:00 PM - 12:00 AM",0,1,0,3,84,2,4,7,8,15
540,244,0,244,0,50,"NT","Urban","6:00 PM - 12:00 AM",0,1,0,2,180,1,2,0,0,0
951,702,0,702,1,37,"NSW","Regional","6:00 AM - 12:00 PM",1,1,0,2,168,2,3,3,2,5
444,4263,2393,1870,0,53,"NSW","Urban","6:00 PM - 12:00 AM",1,0,0,1,132,4,2,9,9,18
763,774,0,774,0,27,"QLD","Regional","6:00 PM - 12:00 AM",1,1,0,3,114,1,3,10,10,20
1465,1270,0,1270,0,33,"NSW","Urban","6:00 AM - 12:00 PM",1,1,1,2,180,1,2,0,0,0
636,1276,0,1276,0,43,"TAS","Urban","6:00 PM - 12:00 AM",1,1,1,2,48,2,4,7,8,15
1490,841,0,841,0,28,"VIC","Remote","6:00 AM - 12:00 PM",1,1,0,3,174,2,4,5,3,8
1038,961,0,961,1,33,"VIC","Regional","6:00 AM - 12:00 PM",1,1,0,3,162,2,3,9,7,16
15,1431,1182,249,1,29,"NSW","Urban","12:00 AM - 6:00 AM",1,1,1,2,60,2,2,10,9,19
1774,1612,1366,246,0,45,"NSW","Urban","6:00 PM - 12:00 AM",1,1,0,1,84,2,2,9,10,19
1639,1376,0,1376,0,47,"VIC","Urban","6:00 PM - 12:00 AM",0,0,0,3,54,2,3,7,7,14
1582,200,0,200,0,45,"NSW","Urban","6:00 AM - 12:00 PM",1,0,1,3,156,1,4,4,3,7
753,4461,2163,2298,0,41,"NSW","Regional","6:00 PM - 12:00 AM",0,0,0,2,12,4,4,7,4,11
1514,669,0,669,0,27,"TAS","Remote","6:00 AM - 12:00 PM",1,1,1,3,12,1,2,6,2,8
1851,531,0,531,1,31,"NSW","Urban","6:00 PM - 12:00 AM",1,1,0,3,30,2,3,0,0,0
1268,214,0,214,1,44,"QLD","Urban","6:00 AM - 12:00 PM",0,1,0,1,96,1,4,10,8,18
1494,4909,2478,2431,0,53,"VIC","Regional","6:00 AM - 12:00 PM",0,0,0,3,66,3,2,5,5,10
171,601,0,601,0,25,"TAS","Urban","12:00 AM - 6:00 AM",1,1,0,2,36,1,4,3,0,3
993,1516,1336,180,0,40,"VIC","Urban","6:00 AM - 12:00 PM",1,1,1,1,12,2,3,4,6,10
181,3958,2064,1894,1,57,"ACT","Regional","12:00 AM - 6:00 AM",0,0,1,3,36,1,1,2,3,5
1051,1797,0,1797,1,59,"VIC","Regional","6:00 AM - 12:00 PM",0,1,1,3,120,3,2,6,9,15
910,2141,1363,778,0,59,"WA","Remote","6:00 AM - 12:00 PM",0,0,0,2,30,1,5,7,7,14
270,1283,0,1283,0,38,"SA","Urban","12:00 AM - 6:00 AM",1,0,0,3,84,2,2,10,10,20
1491,3040,1544,1496,1,58,"VIC","Urban","12:00 PM - 6:00 PM",1,0,1,3,60,4,4,10,10,20
1843,3349,1739,1610,1,56,"NSW","Urban","6:00 PM - 12:00 AM",0,0,1,2,120,1,3,10,10,20
1552,1871,1673,198,0,36,"NSW","Regional","6:00 AM - 12:00 PM",1,1,1,2,48,1,4,10,9,19
1091,989,0,989,0,39,"NSW","Remote","6:00 AM - 12:00 PM",1,1,1,3,138,1,3,9,8,17
662,3218,1741,1477,0,52,"NSW","Urban","6:00 PM - 12:00 AM",1,1,0,3,120,3,3,5,4,9
375,3373,1774,1599,1,60,"VIC","Regional","6:00 PM - 12:00 AM",0,1,1,3,66,3,4,8,3,11
1577,3470,2007,1463,1,57,"NSW","Urban","6:00 AM - 12:00 PM",0,0,1,1,84,4,3,10,9,19
1632,1453,1277,176,0,22,"NSW","Urban","6:00 PM - 12:00 AM",1,1,0,3,156,2,3,8,7,15
945,2401,2145,256,1,59,"VIC","Urban","6:00 AM - 12:00 PM",0,1,1,1,78,1,3,9,8,17
1096,2905,1592,1313,0,54,"NSW","Urban","6:00 AM - 12:00 PM",0,0,0,3,108,2,3,10,9,19
88,162,0,162,1,23,"NSW","Regional","12:00 AM - 6:00 AM",1,0,1,3,102,1,2,8,6,14
442,1951,1466,485,0,44,"QLD","Urban","6:00 PM - 12:00 AM",1,1,1,3,96,2,2,9,9,18
1733,3360,1800,1560,0,54,"NT","Urban","6:00 PM - 12:00 AM",0,0,1,3,60,2,3,8,7,15
1156,303,0,303,1,24,"NSW","Regional","6:00 AM - 12:00 PM",0,1,1,3,72,2,2,5,5,10
1714,3763,2199,1564,0,52,"NSW","Regional","6:00 PM - 12:00 AM",1,0,0,3,138,2,2,9,8,17
625,3729,2113,1616,0,47,"NSW","Urban","6:00 PM - 12:00 AM",1,0,1,3,132,2,3,9,9,18
130,589,0,589,0,26,"NSW","Remote","12:00 AM - 6:00 AM",0,0,0,2,126,2,3,10,10,20
1909,1049,0,1049,0,37,"NSW","Regional","6:00 PM - 12:00 AM",1,0,0,1,24,1,3,7,5,12
1365,177,0,177,0,24,"TAS","Regional","6:00 AM - 12:00 PM",0,1,1,1,108,1,2,10,10,20
739,413,0,413,1,23,"NSW","Urban","6:00 PM - 12:00 AM",1,0,0,2,126,2,3,8,3,11
384,4208,2092,2116,1,55,"NSW","Urban","6:00 PM - 12:00 AM",0,0,0,2,132,2,2,6,5,11
1994,3336,1798,1538,1,40,"NSW","Urban","6:00 PM - 12:00 AM",0,1,1,2,102,3,3,8,4,12
244,1562,1383,179,0,28,"NSW","Urban","12:00 AM - 6:00 AM",1,0,0,3,54,2,2,2,2,4
119,660,0,660,1,24,"TAS","Urban","12:00 AM - 6:00 AM",0,0,1,2,60,1,1,3,5,8
596,4506,2380,2126,0,46,"SA","Remote","6:00 PM - 12:00 AM",1,0,0,3,60,1,4,2,4,6
120,694,0,694,1,22,"VIC","Regional","12:00 AM - 6:00 AM",0,0,0,3,18,1,2,0,2,2
100,246,0,246,1,27,"VIC","Urban","12:00 AM - 6:00 AM",0,0,1,1,162,1,2,2,2,4
463,1192,0,1192,0,37,"NSW","Urban","6:00 PM - 12:00 AM",0,1,1,2,102,2,4,8,10,18
221,188,0,188,0,42,"NT","Regional","12:00 AM - 6:00 AM",1,0,0,2,12,1,3,2,0,2
1961,2684,1598,1086,1,40,"NSW","Remote","6:00 PM - 12:00 AM",0,1,1,2,42,3,4,8,8,16
942,2076,1525,551,0,49,"VIC","Regional","6:00 AM - 12:00 PM",1,1,0,3,90,1,3,6,6,12
1913,4063,2265,1798,0,60,"NSW","Urban","12:00 PM - 6:00 PM",1,0,0,1,162,4,3,0,4,4
635,400,0,400,1,28,"NSW","Regional","12:00 PM - 6:00 PM",0,1,0,3,162,2,3,0,0,0
778,1096,0,1096,0,35,"NT","Remote","6:00 PM - 12:00 AM",1,1,1,2,12,1,4,7,3,10
356,1510,1321,189,1,40,"VIC","Urban","6:00 PM - 12:00 AM",1,1,0,3,114,1,2,10,7,17
1453,166,0,166,1,43,"VIC","Urban","6:00 AM - 12:00 PM",0,0,0,3,120,1,3,10,10,20
310,1621,1393,228,0,41,"QLD","Urban","6:00 PM - 12:00 AM",1,1,0,3,30,1,4,8,7,15
305,3536,1852,1684,0,59,"WA","Urban","6:00 PM - 12:00 AM",0,0,0,3,48,3,1,5,3,8
1843,3349,1739,1610,1,56,"NSW","Urban","6:00 PM - 12:00 AM",0,0,1,2,120,1,3,10,10,20
1011,1422,0,1422,0,58,"NT","Urban","6:00 AM - 12:00 PM",0,1,1,3,24,1,3,5,8,13
1197,242,0,242,1,23,"ACT","Urban","6:00 AM - 12:00 PM",1,1,1,2,60,1,4,6,5,11
483,1445,1240,205,1,33,"NSW","Urban","6:00 PM - 12:00 AM",1,1,1,3,78,2,2,3,3,6
1406,324,0,324,1,25,"QLD","Urban","6:00 AM - 12:00 PM",1,0,0,3,72,2,4,5,6,11
1202,1693,1468,225,1,40,"VIC","Regional","12:00 PM - 6:00 PM",0,1,0,3,168,1,3,5,7,12
148,3785,2091,1694,1,46,"QLD","Urban","12:00 AM - 6:00 AM",0,0,0,2,180,2,2,2,0,2
263,2675,1488,1187,0,49,"VIC","Urban","12:00 AM - 6:00 AM",0,0,0,3,144,1,3,4,2,6
629,247,0,247,0,49,"ACT","Urban","6:00 PM - 12:00 AM",0,1,0,2,84,1,3,8,8,16
49,3869,2366,1503,0,50,"NSW","Urban","12:00 AM - 6:00 AM",1,0,1,3,168,2,2,3,5,8
280,178,0,178,0,29,"QLD","Remote","12:00 PM - 6:00 PM",1,1,0,3,138,1,2,1,3,4
710,3315,1806,1509,1,45,"NSW","Regional","6:00 PM - 12:00 AM",1,0,0,3,126,1,1,2,3,5
763,774,0,774,0,27,"QLD","Regional","6:00 PM - 12:00 AM",1,1,0,3,114,1,3,10,10,20
1798,196,0,196,1,24,"NSW","Regional","6:00 PM - 12:00 AM",1,1,1,1,126,1,4,8,5,13
599,1681,1448,233,0,35,"VIC","Urban","6:00 PM - 12:00 AM",1,1,1,3,24,2,3,4,5,9
1665,329,0,329,0,23,"ACT","Urban","6:00 PM - 12:00 AM",1,1,0,3,126,2,4,6,8,14
585,3519,1850,1669,0,59,"NT","Regional","6:00 PM - 12:00 AM",0,0,0,3,24,3,3,6,7,13
951,702,0,702,1,37,"NSW","Regional","6:00 AM - 12:00 PM",1,1,0,2,168,2,3,3,2,5
1728,181,0,181,1,52,"SA","Urban","6:00 PM - 12:00 AM",1,1,1,3,138,1,2,7,6,13
1513,413,0,413,1,26,"QLD","Urban","12:00 PM - 6:00 PM",1,1,1,2,84,2,3,4,3,7
824,4159,1829,2330,1,57,"NSW","Urban","12:00 PM - 6:00 PM",1,0,0,1,60,4,4,7,6,13
352,3223,2019,1204,0,59,"VIC","Remote","6:00 PM - 12:00 AM",0,0,1,1,138,1,3,6,7,13
409,4197,2031,2166,1,50,"VIC","Urban","6:00 PM - 12:00 AM",1,0,0,3,60,3,1,6,1,7
1402,533,0,533,1,39,"NSW","Urban","12:00 PM - 6:00 PM",0,1,0,3,66,1,5,7,10,17
122,1445,0,1445,1,36,"NSW","Urban","12:00 AM - 6:00 AM",0,1,0,1,180,1,2,0,0,0
1189,260,0,260,0,23,"VIC","Remote","6:00 AM - 12:00 PM",0,1,0,1,138,1,4,10,10,20
456,256,0,256,1,56,"NSW","Urban","6:00 PM - 12:00 AM",0,1,0,2,30,1,3,3,2,5
417,1937,1595,342,1,42,"VIC","Urban","6:00 PM - 12:00 AM",0,1,0,2,162,2,3,3,7,10
1382,1536,1367,169,1,26,"QLD","Urban","6:00 AM - 12:00 PM",1,1,1,3,42,2,2,0,0,0
101,1721,1573,148,1,27,"VIC","Urban","12:00 AM - 6:00 AM",0,0,1,3,120,2,5,9,7,16
1515,3077,1855,1222,0,58,"WA","Urban","6:00 AM - 12:00 PM",0,0,0,2,102,3,3,9,10,19
294,1569,1211,358,0,34,"SA","Urban","12:00 AM - 6:00 AM",1,0,0,3,138,2,3,9,7,16
1031,273,0,273,1,50,"VIC","Urban","6:00 AM - 12:00 PM",1,1,0,3,114,1,3,10,10,20
1206,1454,1269,185,1,35,"NT","Urban","6:00 AM - 12:00 PM",1,1,1,3,156,2,4,10,10,20
147,165,0,165,0,28,"NSW","Urban","12:00 PM - 6:00 PM",1,1,1,3,12,1,2,0,0,0
631,3121,1762,1359,0,56,"WA","Urban","6:00 PM - 12:00 AM",1,0,0,3,144,2,2,2,2,4
672,1818,1501,317,0,31,"NSW","Regional","6:00 PM - 12:00 AM",1,0,1,3,24,2,3,0,2,2
514,3896,2272,1624,0,47,"NSW","Urban","6:00 PM - 12:00 AM",1,0,1,1,60,1,3,5,3,8
993,1516,1336,180,0,40,"VIC","Urban","6:00 AM - 12:00 PM",1,1,1,1,12,2,3,4,6,10
1293,267,0,267,1,25,"NT","Urban","6:00 AM - 12:00 PM",0,1,0,2,144,1,3,2,2,4
492,4040,2204,1836,1,59,"NT","Remote","6:00 PM - 12:00 AM",0,0,1,3,144,4,2,7,9,16
1361,297,0,297,0,22,"VIC","Regional","6:00 AM - 12:00 PM",0,1,0,2,18,1,4,1,1,2
282,3499,1921,1578,0,45,"NT","Urban","12:00 AM - 6:00 AM",0,1,0,2,66,3,3,6,5,11
1814,1229,0,1229,0,40,"VIC","Remote","6:00 PM - 12:00 AM",1,1,1,3,114,1,4,10,10,20
321,1935,1650,285,0,37,"QLD","Urban","6:00 PM - 12:00 AM",1,1,1,3,72,1,2,4,1,5
1990,346,0,346,0,21,"WA","Urban","12:00 PM - 6:00 PM",0,1,1,3,84,1,4,8,10,18
1318,4237,2361,1876,1,59,"SA","Urban","6:00 AM - 12:00 PM",1,0,1,2,150,2,3,8,6,14
1727,3813,1790,2023,1,54,"TAS","Urban","6:00 PM - 12:00 AM",1,0,0,3,90,2,2,4,3,7
1475,4011,2053,1958,0,57,"TAS","Urban","6:00 AM - 12:00 PM",1,0,1,3,84,4,5,10,10,20
714,1392,0,1392,0,36,"QLD","Regional","6:00 PM - 12:00 AM",0,0,1,3,24,1,3,1,1,2
415,1378,1136,242,0,37,"NSW","Urban","6:00 PM - 12:00 AM",0,1,1,3,114,1,3,8,7,15
48,1481,1310,171,1,36,"NSW","Urban","12:00 AM - 6:00 AM",1,1,0,3,18,2,4,1,0,1
1494,4909,2478,2431,0,53,"VIC","Regional","6:00 AM - 12:00 PM",0,0,0,3,66,3,2,5,5,10
280,178,0,178,0,29,"QLD","Remote","12:00 PM - 6:00 PM",1,1,0,3,138,1,2,1,3,4
866,814,0,814,1,24,"NSW","Urban","6:00 PM - 12:00 AM",1,0,0,3,126,2,2,5,5,10
763,774,0,774,0,27,"QLD","Regional","6:00 PM - 12:00 AM",1,1,0,3,114,1,3,10,10,20
893,1465,0,1465,1,43,"QLD","Urban","6:00 AM - 12:00 PM",1,1,0,1,126,4,2,6,4,10
189,1853,1477,376,0,29,"TAS","Urban","12:00 AM - 6:00 AM",1,1,1,3,138,2,4,9,10,19
1268,214,0,214,1,44,"QLD","Urban","6:00 AM - 12:00 PM",0,1,0,1,96,1,4,10,8,18
947,1407,1106,301,1,39,"SA","Urban","6:00 AM - 12:00 PM",1,1,1,1,48,2,4,6,5,11
626,3837,2069,1768,1,52,"NSW","Regional","6:00 PM - 12:00 AM",1,0,0,3,72,1,2,6,3,9
1535,4305,2300,2005,0,58,"QLD","Remote","12:00 PM - 6:00 PM",0,0,0,3,90,2,3,5,8,13
544,3925,1813,2112,1,56,"NSW","Regional","6:00 PM - 12:00 AM",0,0,0,3,162,4,1,4,1,5
110,3680,2191,1489,0,55,"NSW","Urban","12:00 AM - 6:00 AM",1,1,0,3,180,2,2,7,2,9
1694,915,0,915,1,36,"NSW","Urban","6:00 PM - 12:00 AM",1,1,0,2,84,2,3,8,10,18
647,3816,1821,1995,0,50,"ACT","Urban","6:00 PM - 12:00 AM",0,0,0,3,90,4,4,10,8,18
791,507,0,507,0,33,"VIC","Urban","12:00 PM - 6:00 PM",0,1,0,2,36,1,4,4,3,7
1560,4096,2239,1857,1,47,"NSW","Urban","6:00 AM - 12:00 PM",0,1,1,3,114,2,1,7,4,11
548,285,0,285,1,24,"ACT","Urban","6:00 PM - 12:00 AM",1,1,0,2,30,2,3,0,0,0
776,4062,1997,2065,0,60,"QLD","Urban","6:00 PM - 12:00 AM",0,0,0,3,90,1,3,8,8,16
1026,196,0,196,0,59,"VIC","Urban","6:00 AM - 12:00 PM",1,1,0,3,108,1,3,10,9,19
580,1512,0,1512,1,44,"SA","Urban","12:00 PM - 6:00 PM",0,1,0,3,156,2,4,8,9,17
1032,1218,0,1218,0,49,"VIC","Urban","6:00 AM - 12:00 PM",1,1,1,3,150,1,3,2,1,3
336,335,0,335,1,20,"WA","Urban","12:00 PM - 6:00 PM",1,1,0,3,138,1,2,7,6,13
36,754,0,754,0,31,"NT","Remote","12:00 PM - 6:00 PM",1,1,0,2,102,1,1,10,9,19
323,230,0,230,0,51,"NT","Regional","6:00 PM - 12:00 AM",1,1,1,2,60,1,3,8,10,18
1269,3549,1905,1644,1,60,"VIC","Urban","12:00 PM - 6:00 PM",0,0,1,3,54,1,1,9,8,17
1749,1716,1372,344,1,34,"NSW","Urban","6:00 PM - 12:00 AM",1,1,1,1,54,2,4,9,5,14
955,306,0,306,1,22,"NSW","Regional","6:00 AM - 12:00 PM",1,1,1,3,66,1,2,5,9,14
3,167,0,167,0,37,"VIC","Urban","12:00 PM - 6:00 PM",1,1,0,3,18,1,3,7,2,9
374,1560,1354,206,1,34,"VIC","Urban","6:00 PM - 12:00 AM",1,1,0,2,78,2,2,10,9,19
72,383,0,383,1,24,"QLD","Urban","12:00 AM - 6:00 AM",1,1,0,3,60,1,3,0,4,4
1476,1241,0,1241,0,33,"NSW","Regional","6:00 AM - 12:00 PM",1,0,1,3,150,1,2,9,8,17
1179,359,0,359,1,26,"NSW","Urban","6:00 AM - 12:00 PM",1,1,1,1,144,1,1,4,3,7
1648,1375,0,1375,0,50,"SA","Urban","6:00 PM - 12:00 AM",0,1,1,2,90,2,3,6,6,12
1129,825,0,825,0,39,"QLD","Urban","6:00 AM - 12:00 PM",1,1,0,3,174,1,3,7,6,13
200,246,0,246,1,48,"NSW","Regional","12:00 AM - 6:00 AM",1,0,1,3,108,1,5,8,4,12
1583,408,0,408,1,25,"NSW","Urban","6:00 AM - 12:00 PM",1,1,0,1,168,1,4,8,3,11
1588,3305,1861,1444,0,54,"NSW","Urban","6:00 AM - 12:00 PM",0,1,1,3,54,3,3,3,7,10
1130,971,0,971,0,40,"SA","Regional","6:00 AM - 12:00 PM",1,1,1,1,156,1,3,7,10,17
1210,269,0,269,0,52,"ACT","Remote","6:00 AM - 12:00 PM",1,1,0,1,168,1,4,1,5,6
740,198,0,198,1,30,"NT","Regional","6:00 PM - 12:00 AM",0,1,0,3,120,1,3,8,7,15
520,872,0,872,1,34,"NSW","Urban","6:00 PM - 12:00 AM",1,1,0,3,72,2,3,10,10,20
1854,4296,2417,1879,0,46,"VIC","Remote","6:00 PM - 12:00 AM",1,0,1,2,150,4,2,9,6,15
1002,965,0,965,0,39,"WA","Urban","12:00 PM - 6:00 PM",0,1,0,3,24,1,3,0,1,1
1521,1578,1431,147,0,28,"VIC","Urban","6:00 AM - 12:00 PM",1,1,0,3,162,1,2,2,6,8
1467,367,0,367,0,21,"NSW","Urban","6:00 AM - 12:00 PM",1,1,1,3,138,2,4,4,7,11
1132,4259,2246,2013,0,55,"NSW","Urban","6:00 AM - 12:00 PM",0,0,1,2,174,2,2,1,0,1
60,237,0,237,1,54,"VIC","Urban","12:00 AM - 6:00 AM",1,1,1,1,156,1,3,3,2,5
178,3933,2223,1710,1,53,"NSW","Urban","12:00 AM - 6:00 AM",0,0,1,3,180,2,4,1,1,2
495,247,0,247,0,41,"NSW","Urban","6:00 PM - 12:00 AM",0,1,0,3,156,1,2,7,7,14
58,368,0,368,1,25,"NT","Regional","12:00 PM - 6:00 PM",1,1,1,3,138,2,3,8,10,18
1816,3985,2285,1700,1,53,"NT","Urban","6:00 PM - 12:00 AM",0,0,0,1,180,2,4,5,9,14
785,196,0,196,1,54,"VIC","Regional","6:00 PM - 12:00 AM",1,0,1,3,174,1,2,5,5,10
292,498,0,498,1,24,"NT","Urban","12:00 AM - 6:00 AM",1,0,0,3,36,1,4,4,6,10
1779,343,0,343,0,34,"VIC","Urban","12:00 PM - 6:00 PM",1,1,1,3,174,2,4,6,6,12
140,203,0,203,0,47,"SA","Urban","12:00 AM - 6:00 AM",0,1,0,1,42,1,3,5,0,5
1588,3305,1861,1444,0,54,"NSW","Urban","6:00 AM - 12:00 PM",0,1,1,3,54,3,3,3,7,10
393,1518,0,1518,0,41,"SA","Remote","6:00 PM - 12:00 AM",1,1,1,3,168,1,4,8,7,15
1188,4319,2352,1967,1,58,"NSW","Remote","6:00 AM - 12:00 PM",0,0,1,3,114,4,3,5,8,13
262,2823,1659,1164,1,54,"NSW","Urban","12:00 AM - 6:00 AM",0,1,1,3,162,3,3,1,0,1
193,215,0,215,0,51,"NSW","Regional","12:00 AM - 6:00 AM",1,0,0,2,84,1,3,10,10,20
414,1330,1183,147,0,37,"NSW","Urban","6:00 PM - 12:00 AM",0,1,0,3,150,1,3,8,5,13
214,4080,2520,1560,0,48,"VIC","Urban","12:00 AM - 6:00 AM",0,0,0,3,144,1,4,8,10,18
1248,213,0,213,1,24,"NSW","Urban","6:00 AM - 12:00 PM",0,1,0,2,48,1,3,0,2,2
7,3886,2152,1734,0,50,"SA","Urban","12:00 AM - 6:00 AM",1,0,1,3,120,3,3,4,3,7
1366,511,0,511,1,22,"NSW","Urban","6:00 AM - 12:00 PM",0,1,1,3,12,2,1,1,1,2
1001,1388,1185,203,1,44,"VIC","Regional","12:00 PM - 6:00 PM",1,1,1,3,150,1,3,9,8,17
1831,3675,2170,1505,1,56,"QLD","Urban","6:00 PM - 12:00 AM",1,0,1,2,144,2,3,9,9,18
957,4168,2354,1814,1,53,"QLD","Urban","12:00 PM - 6:00 PM",0,0,0,3,150,2,2,10,9,19
878,2957,1748,1209,0,47,"NSW","Urban","6:00 PM - 12:00 AM",0,0,0,3,132,3,4,7,7,14
985,161,0,161,1,44,"VIC","Urban","6:00 AM - 12:00 PM",1,1,0,2,168,1,4,5,4,9
1098,2037,1526,511,1,40,"VIC","Urban","6:00 AM - 12:00 PM",1,1,0,3,162,1,3,0,3,3
1689,2937,1707,1230,1,46,"NSW","Regional","6:00 PM - 12:00 AM",1,0,0,2,18,1,3,0,1,1
682,4372,2320,2052,1,47,"SA","Urban","6:00 PM - 12:00 AM",0,1,1,3,36,3,2,2,6,8
1946,207,0,207,0,20,"QLD","Urban","12:00 PM - 6:00 PM",1,1,0,3,90,1,2,5,6,11
387,3624,2071,1553,0,49,"NSW","Urban","6:00 PM - 12:00 AM",0,0,0,3,36,1,4,8,9,17
185,1607,1225,382,1,28,"NT","Regional","12:00 AM - 6:00 AM",1,1,1,2,144,2,2,5,3,8
1229,434,0,434,1,26,"NSW","Regional","6:00 AM - 12:00 PM",1,1,1,3,102,1,2,4,4,8
1937,1774,1401,373,1,39,"TAS","Urban","6:00 PM - 12:00 AM",0,0,0,3,60,2,4,10,8,18
368,458,0,458,0,28,"ACT","Urban","6:00 PM - 12:00 AM",1,1,1,2,120,1,3,8,8,16
1325,3393,2030,1363,0,57,"NSW","Urban","6:00 AM - 12:00 PM",1,0,0,3,54,1,4,1,4,5
1281,479,0,479,1,28,"NSW","Remote","6:00 AM - 12:00 PM",0,1,1,1,126,2,3,10,10,20
108,1020,0,1020,1,33,"NSW","Regional","12:00 AM - 6:00 AM",1,0,0,2,84,1,3,5,7,12
50,194,0,194,0,38,"VIC","Regional","12:00 AM - 6:00 AM",0,1,0,2,48,1,4,4,5,9
312,1465,1114,351,1,37,"VIC","Regional","6:00 PM - 12:00 AM",1,1,0,3,36,2,3,5,1,6
983,878,0,878,0,35,"VIC","Urban","6:00 AM - 12:00 PM",1,1,1,3,138,1,2,10,10,20
1157,3078,1913,1165,1,54,"NSW","Urban","6:00 AM - 12:00 PM",0,0,0,3,48,4,4,6,6,12
839,2826,1687,1139,1,60,"SA","Regional","6:00 PM - 12:00 AM",0,1,0,3,168,4,2,0,0,0
1037,542,0,542,1,44,"VIC","Regional","6:00 AM - 12:00 PM",1,1,0,3,90,1,3,9,9,18
921,1159,0,1159,0,43,"TAS","Regional","6:00 AM - 12:00 PM",1,1,0,2,78,1,1,6,1,7
1045,217,0,217,1,38,"VIC","Urban","6:00 AM - 12:00 PM",1,1,0,1,150,1,4,5,4,9
1525,3042,1690,1352,0,46,"NSW","Regional","6:00 AM - 12:00 PM",0,0,0,1,114,4,2,8,10,18
765,3680,2009,1671,1,59,"NSW","Urban","6:00 PM - 12:00 AM",0,0,0,2,54,1,1,10,10,20
1474,446,0,446,1,24,"NSW","Urban","6:00 AM - 12:00 PM",1,0,0,2,120,1,3,7,8,15
1197,242,0,242,1,23,"ACT","Urban","6:00 AM - 12:00 PM",1,1,1,2,60,1,4,6,5,11
655,175,0,175,1,56,"ACT","Urban","6:00 PM - 12:00 AM",0,1,1,2,42,1,3,2,1,3
1622,1441,0,1441,0,48,"VIC","Urban","6:00 PM - 12:00 AM",0,0,0,3,66,1,3,10,10,20
889,2475,1425,1050,1,54,"QLD","Urban","6:00 AM - 12:00 PM",0,0,0,2,132,2,2,10,10,20
434,416,0,416,1,24,"NSW","Urban","6:00 PM - 12:00 AM",0,1,1,2,48,2,2,5,3,8
1058,1655,0,1655,1,59,"VIC","Urban","6:00 AM - 12:00 PM",0,1,1,3,144,2,3,6,5,11
1032,1218,0,1218,0,49,"VIC","Urban","6:00 AM - 12:00 PM",1,1,1,3,150,1,3,2,1,3
1646,828,0,828,0,40,"VIC","Urban","12:00 PM - 6:00 PM",0,1,0,3,180,2,4,4,3,7
983,878,0,878,0,35,"VIC","Urban","6:00 AM - 12:00 PM",1,1,1,3,138,1,2,10,10,20
1345,298,0,298,0,25,"NSW","Urban","6:00 AM - 12:00 PM",1,1,0,3,150,1,3,7,5,12
1620,2437,2143,294,1,51,"TAS","Remote","6:00 PM - 12:00 AM",0,0,1,3,84,1,3,10,10,20
1884,4592,2287,2305,1,48,"WA","Urban","6:00 PM - 12:00 AM",0,1,1,3,18,4,2,0,0,0
1126,375,0,375,1,24,"TAS","Urban","6:00 AM - 12:00 PM",1,1,0,3,78,1,4,9,7,16
149,4054,2194,1860,0,58,"NSW","Urban","12:00 AM - 6:00 AM",0,1,0,3,42,1,3,2,3,5
949,481,0,481,0,40,"SA","Urban","6:00 AM - 12:00 PM",1,1,0,1,30,2,3,1,0,1
535,259,0,259,0,21,"ACT","Regional","12:00 PM - 6:00 PM",0,1,0,3,12,2,3,3,2,5
867,2624,1453,1171,1,45,"TAS","Urban","6:00 PM - 12:00 AM",0,0,1,3,138,1,4,4,7,11
1412,192,0,192,0,28,"QLD","Urban","6:00 AM - 12:00 PM",1,0,0,2,84,1,3,6,2,8
1015,287,0,287,0,23,"VIC","Urban","6:00 AM - 12:00 PM",1,1,1,3,180,2,4,1,1,2
696,1508,1398,110,0,29,"TAS","Urban","6:00 PM - 12:00 AM",0,1,0,3,132,2,5,10,7,17
904,511,0,511,1,23,"WA","Regional","6:00 AM - 12:00 PM",1,1,0,2,96,2,3,8,7,15
971,231,0,231,0,24,"VIC","Urban","6:00 AM - 12:00 PM",1,1,0,3,180,1,2,5,2,7
1874,3668,2076,1592,0,56,"ACT","Urban","6:00 PM - 12:00 AM",1,1,0,2,72,4,4,5,3,8
193,215,0,215,0,51,"NSW","Regional","12:00 AM - 6:00 AM",1,0,0,2,84,1,3,10,10,20
1431,2492,1519,973,1,35,"VIC","Urban","6:00 AM - 12:00 PM",1,0,0,3,168,2,3,2,5,7
936,1738,1364,374,1,41,"WA","Urban","6:00 AM - 12:00 PM",1,1,0,3,168,1,2,7,7,14
1001,1388,1185,203,1,44,"VIC","Regional","12:00 PM - 6:00 PM",1,1,1,3,150,1,3,9,8,17
315,2567,1500,1067,1,56,"VIC","Urban","6:00 PM - 12:00 AM",0,1,1,3,90,3,2,9,8,17
701,1077,0,1077,0,31,"NSW","Urban","6:00 PM - 12:00 AM",0,1,1,3,72,2,2,10,9,19
635,400,0,400,1,28,"NSW","Regional","12:00 PM - 6:00 PM",0,1,0,3,162,2,3,0,0,0
559,216,0,216,1,20,"NSW","Urban","6:00 PM - 12:00 AM",0,1,0,3,162,1,2,8,8,16
1456,4153,2187,1966,1,58,"NSW","Urban","6:00 AM - 12:00 PM",0,0,1,3,18,3,3,5,4,9
1477,193,0,193,0,39,"NSW","Urban","6:00 AM - 12:00 PM",1,0,0,1,72,1,3,7,2,9
1529,4371,2411,1960,0,44,"NT","Urban","6:00 AM - 12:00 PM",0,0,0,2,102,3,4,10,9,19
198,1489,1281,208,1,24,"QLD","Regional","12:00 AM - 6:00 AM",1,1,0,3,120,2,3,10,10,20
1508,2996,1820,1176,1,42,"NSW","Urban","6:00 AM - 12:00 PM",0,0,0,2,108,1,4,10,7,17
1546,653,0,653,0,31,"SA","Urban","12:00 PM - 6:00 PM",1,1,1,2,84,2,4,5,5,10
1682,1682,1306,376,0,39,"WA","Urban","6:00 PM - 12:00 AM",1,1,1,3,162,1,3,8,3,11
1888,4166,2218,1948,0,54,"QLD","Regional","6:00 PM - 12:00 AM",1,0,0,3,42,3,3,1,5,6
1463,3110,1698,1412,1,59,"SA","Regional","6:00 AM - 12:00 PM",0,0,0,3,138,3,3,10,6,16
557,1369,0,1369,0,30,"VIC","Regional","12:00 PM - 6:00 PM",1,1,1,3,24,1,2,3,0,3
763,774,0,774,0,27,"QLD","Regional","6:00 PM - 12:00 AM",1,1,0,3,114,1,3,10,10,20
1403,490,0,490,0,23,"NT","Urban","6:00 AM - 12:00 PM",1,0,1,3,30,1,5,2,2,4
365,1458,1314,144,1,38,"VIC","Urban","6:00 PM - 12:00 AM",1,1,0,3,84,1,2,4,5,9
311,3411,2049,1362,1,52,"WA","Urban","6:00 PM - 12:00 AM",0,0,0,1,36,3,2,8,7,15
416,1302,0,1302,1,40,"ACT","Urban","6:00 PM - 12:00 AM",0,1,1,3,42,1,4,10,6,16
1398,3837,2140,1697,0,42,"NSW","Urban","6:00 AM - 12:00 PM",1,0,1,3,102,1,3,4,4,8
484,197,0,197,0,59,"NT","Urban","6:00 PM - 12:00 AM",0,1,0,3,144,1,4,5,8,13
1940,769,0,769,0,25,"VIC","Urban","6:00 PM - 12:00 AM",1,0,0,3,90,2,2,7,6,13
1679,184,0,184,1,30,"ACT","Urban","6:00 PM - 12:00 AM",1,1,1,3,180,1,2,5,6,11
1926,2046,1821,225,0,36,"SA","Urban","6:00 PM - 12:00 AM",0,0,0,1,96,1,3,7,6,13
1163,924,0,924,1,31,"NSW","Regional","6:00 AM - 12:00 PM",0,1,1,3,12,2,4,6,6,12
520,872,0,872,1,34,"NSW","Urban","6:00 PM - 12:00 AM",1,1,0,3,72,2,3,10,10,20
1727,3813,1790,2023,1,54,"TAS","Urban","6:00 PM - 12:00 AM",1,0,0,3,90,2,2,4,3,7
1345,298,0,298,0,25,"NSW","Urban","6:00 AM - 12:00 PM",1,1,0,3,150,1,3,7,5,12
1897,218,0,218,0,55,"SA","Urban","6:00 PM - 12:00 AM",0,0,0,1,120,1,3,10,10,20
896,846,0,846,0,38,"TAS","Urban","6:00 AM - 12:00 PM",1,1,0,3,48,1,2,2,1,3
542,634,0,634,0,38,"WA","Urban","6:00 PM - 12:00 AM",0,1,0,2,60,2,2,8,8,16
1897,218,0,218,0,55,"SA","Urban","6:00 PM - 12:00 AM",0,0,0,1,120,1,3,10,10,20
565,3978,1977,2001,1,46,"NSW","Regional","6:00 PM - 12:00 AM",1,0,1,3,114,2,5,10,10,20
1363,868,0,868,0,38,"NSW","Regional","6:00 AM - 12:00 PM",1,1,1,3,126,1,3,5,9,14
437,3174,1854,1320,1,52,"NSW","Urban","6:00 PM - 12:00 AM",0,0,0,3,114,2,2,5,4,9
1632,1453,1277,176,0,22,"NSW","Urban","6:00 PM - 12:00 AM",1,1,0,3,156,2,3,8,7,15
1809,1536,1341,195,0,33,"SA","Urban","6:00 PM - 12:00 AM",0,1,0,3,84,1,2,7,10,17
1750,4200,2103,2097,0,59,"NSW","Remote","6:00 PM - 12:00 AM",1,0,0,3,168,1,4,5,6,11
1067,1295,0,1295,1,54,"VIC","Urban","6:00 AM - 12:00 PM",1,1,1,3,174,1,2,1,0,1
1982,687,0,687,1,25,"NSW","Urban","6:00 PM - 12:00 AM",1,1,0,3,120,1,2,7,4,11
779,1482,1256,226,0,26,"VIC","Urban","12:00 PM - 6:00 PM",1,1,1,1,48,1,3,3,2,5
1581,1773,1618,155,1,34,"NSW","Remote","6:00 AM - 12:00 PM",1,1,1,3,132,2,4,5,5,10
1829,3231,1992,1239,0,52,"NT","Urban","6:00 PM - 12:00 AM",1,0,0,1,84,4,2,10,10,20
1910,219,0,219,1,53,"TAS","Regional","6:00 PM - 12:00 AM",0,0,0,3,102,1,5,10,10,20
1641,1774,0,1774,1,51,"VIC","Regional","6:00 PM - 12:00 AM",1,1,1,3,90,3,3,10,9,19
1047,358,0,358,1,21,"VIC","Urban","6:00 AM - 12:00 PM",1,1,1,3,36,1,4,6,3,9
1643,200,0,200,0,53,"ACT","Remote","6:00 PM - 12:00 AM",1,1,0,2,126,1,1,9,8,17
1806,222,0,222,1,23,"NSW","Urban","6:00 PM - 12:00 AM",0,1,0,3,66,1,3,7,4,11
1966,4179,2195,1984,1,51,"NSW","Urban","6:00 PM - 12:00 AM",0,0,0,3,90,1,3,4,5,9
462,699,0,699,0,30,"ACT","Urban","6:00 PM - 12:00 AM",1,1,0,3,24,1,3,3,3,6
1643,200,0,200,0,53,"ACT","Remote","6:00 PM - 12:00 AM",1,1,0,2,126,1,1,9,8,17
596,4506,2380,2126,0,46,"SA","Remote","6:00 PM - 12:00 AM",1,0,0,3,60,1,4,2,4,6
768,201,0,201,1,33,"WA","Regional","12:00 PM - 6:00 PM",1,1,1,3,78,1,2,4,3,7
1727,3813,1790,2023,1,54,"TAS","Urban","6:00 PM - 12:00 AM",1,0,0,3,90,2,2,4,3,7
328,465,0,465,0,34,"VIC","Urban","6:00 PM - 12:00 AM",1,1,1,3,180,2,3,3,2,5
948,290,0,290,0,25,"VIC","Regional","6:00 AM - 12:00 PM",1,1,1,3,84,1,5,10,10,20
1986,403,0,403,0,20,"ACT","Regional","6:00 PM - 12:00 AM",1,1,1,3,12,2,2,0,0,0
70,425,0,425,1,23,"VIC","Urban","12:00 AM - 6:00 AM",0,1,1,2,132,1,3,5,9,14
33,1743,1350,393,1,37,"WA","Urban","12:00 AM - 6:00 AM",0,1,0,3,12,2,4,0,0,0
892,1174,0,1174,1,50,"VIC","Remote","6:00 AM - 12:00 PM",0,0,0,2,180,1,3,3,3,6
272,4199,2172,2027,0,47,"NSW","Urban","12:00 AM - 6:00 AM",0,1,0,3,174,3,2,0,0,0
1768,1625,1267,358,1,42,"SA","Urban","12:00 PM - 6:00 PM",1,1,1,3,138,1,3,4,3,7
1232,3229,1698,1531,0,49,"NT","Urban","6:00 AM - 12:00 PM",1,0,0,3,48,3,2,2,5,7
846,1269,0,1269,0,36,"VIC","Urban","12:00 PM - 6:00 PM",1,1,1,3,156,1,2,2,3,5
1750,4200,2103,2097,0,59,"NSW","Remote","6:00 PM - 12:00 AM",1,0,0,3,168,1,4,5,6,11
1962,4349,2397,1952,1,42,"NSW","Regional","6:00 PM - 12:00 AM",0,0,0,3,168,1,3,4,0,4
115,3119,1791,1328,1,51,"NSW","Remote","12:00 AM - 6:00 AM",0,0,0,1,150,2,3,7,5,12
1356,212,0,212,0,28,"NSW","Urban","6:00 AM - 12:00 PM",0,1,0,3,168,1,3,2,1,3
1422,3665,2071,1594,0,41,"ACT","Remote","6:00 AM - 12:00 PM",0,1,0,3,120,1,3,9,8,17
1512,200,0,200,0,24,"VIC","Urban","6:00 AM - 12:00 PM",1,1,0,1,18,1,3,0,0,0
417,1937,1595,342,1,42,"VIC","Urban","6:00 PM - 12:00 AM",0,1,0,2,162,2,3,3,7,10
692,465,0,465,0,20,"WA","Remote","6:00 PM - 12:00 AM",1,0,1,1,36,1,3,5,5,10
33,1743,1350,393,1,37,"WA","Urban","12:00 AM - 6:00 AM",0,1,0,3,12,2,4,0,0,0
657,1466,1266,200,0,39,"NSW","Urban","12:00 PM - 6:00 PM",1,1,0,3,138,2,2,6,1,7
917,1317,0,1317,1,47,"VIC","Urban","6:00 AM - 12:00 PM",0,0,1,3,174,2,4,7,4,11
1841,4377,2258,2119,1,47,"NSW","Regional","6:00 PM - 12:00 AM",1,0,0,2,114,4,5,10,10,20
443,4651,2450,2201,0,46,"SA","Remote","6:00 PM - 12:00 AM",0,0,0,1,156,4,2,5,5,10
96,395,0,395,1,20,"VIC","Regional","12:00 AM - 6:00 AM",0,1,0,2,120,1,3,10,9,19
99,1654,1333,321,0,27,"WA","Urban","12:00 AM - 6:00 AM",1,0,0,1,138,1,3,1,3,4
1106,239,0,239,0,21,"NSW","Regional","6:00 AM - 12:00 PM",1,1,0,3,96,1,3,10,10,20
169,501,0,501,1,34,"NSW","Urban","12:00 PM - 6:00 PM",1,1,0,3,120,1,3,9,8,17
106,1872,1637,235,1,30,"NSW","Urban","12:00 AM - 6:00 AM",1,0,0,1,168,1,4,9,8,17
1129,825,0,825,0,39,"QLD","Urban","6:00 AM - 12:00 PM",1,1,0,3,174,1,3,7,6,13
368,458,0,458,0,28,"ACT","Urban","6:00 PM - 12:00 AM",1,1,1,2,120,1,3,8,8,16
1641,1774,0,1774,1,51,"VIC","Regional","6:00 PM - 12:00 AM",1,1,1,3,90,3,3,10,9,19
1383,1261,1064,197,1,24,"QLD","Urban","6:00 AM - 12:00 PM",1,1,1,3,102,2,3,8,6,14
652,4385,2388,1997,0,60,"VIC","Regional","6:00 PM - 12:00 AM",0,0,1,3,180,2,2,4,2,6
1359,218,0,218,0,24,"NSW","Urban","6:00 AM - 12:00 PM",0,1,0,3,120,1,2,8,7,15
1400,188,0,188,0,42,"NSW","Urban","6:00 AM - 12:00 PM",1,0,0,2,108,1,5,8,5,13
88,162,0,162,1,23,"NSW","Regional","12:00 AM - 6:00 AM",1,0,1,3,102,1,2,8,6,14
341,1311,1166,145,0,25,"ACT","Regional","6:00 PM - 12:00 AM",1,1,0,3,36,1,1,8,6,14
1776,4036,2373,1663,1,60,"NSW","Regional","6:00 PM - 12:00 AM",0,0,0,1,12,3,4,1,5,6
1087,233,0,233,1,44,"NSW","Urban","6:00 AM - 12:00 PM",1,1,0,3,54,1,2,7,8,15
648,3941,2070,1871,0,52,"NSW","Urban","6:00 PM - 12:00 AM",1,0,0,3,132,4,4,7,7,14
1207,837,0,837,0,31,"NT","Urban","6:00 AM - 12:00 PM",0,1,0,3,60,1,3,3,7,10
624,4465,2054,2411,1,55,"NSW","Regional","12:00 PM - 6:00 PM",0,0,0,3,54,3,4,5,5,10
636,1276,0,1276,0,43,"TAS","Urban","6:00 PM - 12:00 AM",1,1,1,2,48,2,4,7,8,15
1332,3473,2072,1401,1,59,"TAS","Urban","6:00 AM - 12:00 PM",0,0,1,3,60,2,2,6,8,14
1603,200,0,200,1,21,"NSW","Urban","6:00 AM - 12:00 PM",1,0,1,3,144,1,3,9,10,19
68,417,0,417,1,22,"NSW","Urban","12:00 AM - 6:00 AM",1,1,0,3,108,2,2,5,5,10
1455,3203,1676,1527,0,59,"NSW","Urban","6:00 AM - 12:00 PM",0,1,1,3,180,2,3,5,0,5
187,3816,2198,1618,0,44,"NT","Urban","12:00 AM - 6:00 AM",0,0,0,3,120,1,1,4,4,8
659,3274,1692,1582,1,47,"VIC","Remote","6:00 PM - 12:00 AM",0,1,0,3,174,4,3,5,4,9
86,1353,1106,247,1,22,"NSW","Urban","12:00 AM - 6:00 AM",0,1,0,1,48,2,4,6,2,8
855,1820,1493,327,0,26,"QLD","Regional","6:00 PM - 12:00 AM",1,0,0,2,78,1,1,10,10,20
98,448,0,448,1,21,"NSW","Urban","12:00 AM - 6:00 AM",0,0,0,3,132,1,3,10,10,20
1508,2996,1820,1176,1,42,"NSW","Urban","6:00 AM - 12:00 PM",0,0,0,2,108,1,4,10,7,17
554,431,0,431,1,22,"WA","Urban","6:00 PM - 12:00 AM",0,1,0,3,138,2,2,9,8,17
638,1801,1561,240,1,45,"SA","Regional","6:00 PM - 12:00 AM",0,1,0,2,60,1,4,6,5,11
190,3779,2016,1763,1,60,"NSW","Regional","12:00 AM - 6:00 AM",0,0,0,3,96,2,3,10,10,20
566,997,0,997,1,45,"VIC","Urban","6:00 PM - 12:00 AM",0,1,0,3,174,2,3,3,2,5
296,3996,2074,1922,0,42,"ACT","Regional","12:00 AM - 6:00 AM",0,1,1,3,54,3,2,3,4,7
79,342,0,342,0,20,"NSW","Urban","12:00 AM - 6:00 AM",0,1,0,2,84,2,5,8,7,15
1666,281,0,281,0,23,"NSW","Regional","6:00 PM - 12:00 AM",1,1,1,3,36,1,2,8,8,16
1226,1810,1475,335,0,38,"SA","Urban","6:00 AM - 12:00 PM",0,1,0,3,24,2,4,3,0,3
1927,1601,1382,219,1,28,"NSW","Urban","6:00 PM - 12:00 AM",0,1,0,1,54,2,4,8,8,16
1513,413,0,413,1,26,"QLD","Urban","12:00 PM - 6:00 PM",1,1,1,2,84,2,3,4,3,7
968,436,0,436,0,27,"VIC","Regional","12:00 PM - 6:00 PM",1,1,1,2,84,2,3,4,3,7
1973,327,0,327,0,21,"NSW","Urban","6:00 PM - 12:00 AM",1,1,0,3,180,2,2,0,0,0
229,1751,1450,301,1,31,"NSW","Remote","12:00 AM - 6:00 AM",1,0,0,2,132,2,4,9,8,17
467,4606,2444,2162,1,46,"QLD","Regional","6:00 PM - 12:00 AM",1,0,1,1,30,2,4,3,3,6
983,878,0,878,0,35,"VIC","Urban","6:00 AM - 12:00 PM",1,1,1,3,138,1,2,10,10,20
949,481,0,481,0,40,"SA","Urban","6:00 AM - 12:00 PM",1,1,0,1,30,2,3,1,0,1
219,3973,1995,1978,1,55,"VIC","Regional","12:00 AM - 6:00 AM",0,0,0,3,12,1,1,1,0,1
1241,382,0,382,1,24,"WA","Regional","6:00 AM - 12:00 PM",0,1,0,1,132,2,3,6,1,7
1502,2977,1909,1068,0,60,"SA","Urban","12:00 PM - 6:00 PM",0,0,0,3,18,3,2,6,1,7
1314,4263,2502,1761,1,57,"VIC","Urban","6:00 AM - 12:00 PM",1,0,0,3,144,1,3,8,3,11
105,1502,1160,342,1,27,"WA","Urban","12:00 AM - 6:00 AM",0,1,0,2,36,1,3,9,5,14
394,4428,2437,1991,1,58,"VIC","Regional","6:00 PM - 12:00 AM",0,0,0,3,132,2,2,9,9,18
1879,3917,2123,1794,0,55,"NT","Urban","12:00 PM - 6:00 PM",0,0,1,3,90,3,2,5,5,10
1748,1540,1337,203,0,27,"NT","Urban","6:00 PM - 12:00 AM",0,1,1,1,84,1,2,5,6,11
870,3238,1933,1305,0,41,"NSW","Urban","6:00 PM - 12:00 AM",0,0,1,3,144,1,2,10,10,20
421,282,0,282,0,20,"NSW","Remote","6:00 PM - 12:00 AM",1,1,1,3,168,1,4,2,3,5
424,612,0,612,0,38,"SA","Urban","12:00 PM - 6:00 PM",1,1,1,3,162,1,4,3,3,6
1823,4196,2353,1843,0,59,"VIC","Urban","6:00 PM - 12:00 AM",0,0,1,3,96,2,3,10,10,20
292,498,0,498,1,24,"NT","Urban","12:00 AM - 6:00 AM",1,0,0,3,36,1,4,4,6,10
1639,1376,0,1376,0,47,"VIC","Urban","6:00 PM - 12:00 AM",0,0,0,3,54,2,3,7,7,14
798,214,0,214,1,51,"VIC","Urban","6:00 PM - 12:00 AM",1,0,0,3,120,1,3,6,5,11
884,1847,1441,406,0,27,"VIC","Urban","6:00 AM - 12:00 PM",0,1,0,3,72,1,3,4,3,7
1946,207,0,207,0,20,"QLD","Urban","12:00 PM - 6:00 PM",1,1,0,3,90,1,2,5,6,11
1668,2197,1228,969,0,50,"VIC","Regional","12:00 PM - 6:00 PM",0,0,1,2,120,2,3,10,8,18
164,1332,0,1332,0,38,"NSW","Urban","12:00 AM - 6:00 AM",1,1,0,2,174,2,3,0,0,0
759,218,0,218,1,21,"ACT","Regional","6:00 PM - 12:00 AM",1,1,1,3,48,1,4,3,3,6
1782,515,0,515,1,37,"NSW","Urban","6:00 PM - 12:00 AM",0,1,0,1,144,2,4,10,10,20
705,1458,0,1458,0,35,"NSW","Regional","6:00 PM - 12:00 AM",0,1,0,2,24,1,5,0,4,4
32,395,0,395,1,24,"NT","Urban","12:00 AM - 6:00 AM",0,1,1,2,30,2,3,0,0,0
1574,358,0,358,1,22,"NSW","Regional","6:00 AM - 12:00 PM",1,0,0,3,150,2,3,3,2,5
1065,1836,1600,236,1,50,"VIC","Urban","6:00 AM - 12:00 PM",0,0,0,1,126,1,2,7,9,16
1417,4582,2076,2506,1,48,"SA","Urban","6:00 AM - 12:00 PM",0,0,1,1,78,4,2,9,10,19
1781,3160,1800,1360,1,57,"NSW","Urban","6:00 PM - 12:00 AM",1,0,0,2,30,1,4,7,6,13
1338,132,0,132,0,24,"NSW","Regional","6:00 AM - 12:00 PM",0,1,1,3,24,1,4,4,7,11
1534,314,0,314,0,22,"NSW","Urban","6:00 AM - 12:00 PM",1,1,1,3,60,2,3,9,8,17
905,2415,2013,402,1,57,"TAS","Regional","6:00 AM - 12:00 PM",0,0,1,3,150,2,4,10,10,20
1921,4222,2411,1811,1,43,"TAS","Urban","6:00 PM - 12:00 AM",1,1,1,2,150,1,5,10,10,20
1889,2188,0,2188,1,53,"WA","Regional","6:00 PM - 12:00 AM",1,1,1,2,96,3,3,8,3,11
1097,363,0,363,0,24,"NSW","Regional","6:00 AM - 12:00 PM",1,1,1,3,132,2,3,5,7,12
1659,1510,1313,197,1,35,"WA","Urban","6:00 PM - 12:00 AM",1,1,1,3,114,2,2,10,10,20
156,4443,2128,2315,1,42,"TAS","Regional","12:00 AM - 6:00 AM",0,0,0,1,156,2,2,10,8,18
1346,1474,1184,290,1,26,"WA","Urban","6:00 AM - 12:00 PM",0,1,1,1,138,2,3,8,7,15
594,326,0,326,1,23,"VIC","Urban","6:00 PM - 12:00 AM",1,1,0,3,144,2,4,7,7,14
168,2934,1892,1042,0,47,"NSW","Urban","12:00 AM - 6:00 AM",0,0,1,3,138,3,2,6,1,7
1651,1378,0,1378,1,59,"SA","Remote","6:00 PM - 12:00 AM",1,1,1,3,36,1,2,1,1,2
220,4028,1925,2103,0,50,"QLD","Urban","12:00 AM - 6:00 AM",0,0,1,2,36,2,2,3,3,6
482,236,0,236,0,47,"QLD","Regional","6:00 PM - 12:00 AM",1,1,1,3,162,1,2,6,7,13
1690,2707,1737,970,1,41,"QLD","Urban","6:00 PM - 12:00 AM",1,1,1,3,126,3,2,4,8,12
669,1617,1297,320,1,43,"NSW","Urban","12:00 PM - 6:00 PM",1,1,0,2,144,2,3,4,4,8
153,3414,1763,1651,0,49,"NSW","Urban","12:00 AM - 6:00 AM",0,0,0,3,120,1,1,10,10,20
1708,1434,1073,361,1,36,"NSW","Urban","6:00 PM - 12:00 AM",1,1,1,3,48,2,4,7,7,14
1252,4312,2383,1929,0,55,"NSW","Urban","6:00 AM - 12:00 PM",0,0,0,1,102,4,5,9,8,17
1131,1126,0,1126,1,43,"TAS","Urban","6:00 AM - 12:00 PM",1,1,1,3,30,2,2,7,6,13
297,3977,2220,1757,0,59,"NSW","Urban","12:00 AM - 6:00 AM",0,1,0,1,126,4,3,10,9,19
1284,601,0,601,1,35,"NSW","Urban","6:00 AM - 12:00 PM",1,1,1,3,66,1,4,6,10,16
1005,224,0,224,1,35,"VIC","Urban","6:00 AM - 12:00 PM",1,1,0,1,168,1,4,9,4,13
682,4372,2320,2052,1,47,"SA","Urban","6:00 PM - 12:00 AM",0,1,1,3,36,3,2,2,6,8
1487,3976,2013,1963,0,46,"VIC","Urban","6:00 AM - 12:00 PM",0,0,0,3,102,1,3,10,10,20
556,1563,1250,313,1,33,"NSW","Urban","6:00 PM - 12:00 AM",1,1,1,3,120,2,3,10,9,19
168,2934,1892,1042,0,47,"NSW","Urban","12:00 AM - 6:00 AM",0,0,1,3,138,3,2,6,1,7
694,2925,1662,1263,1,44,"NSW","Urban","6:00 PM - 12:00 AM",1,1,1,3,150,4,3,5,2,7
1598,148,0,148,1,58,"NSW","Urban","6:00 AM - 12:00 PM",1,0,1,3,168,1,2,0,2,2
908,166,0,166,0,20,"VIC","Urban","6:00 AM - 12:00 PM",1,1,0,3,42,1,3,3,2,5
565,3978,1977,2001,1,46,"NSW","Regional","6:00 PM - 12:00 AM",1,0,1,3,114,2,5,10,10,20
696,1508,1398,110,0,29,"TAS","Urban","6:00 PM - 12:00 AM",0,1,0,3,132,2,5,10,7,17
643,4266,2359,1907,0,52,"QLD","Urban","6:00 PM - 12:00 AM",1,0,0,2,24,1,3,4,8,12
1117,685,0,685,0,39,"QLD","Urban","6:00 AM - 12:00 PM",1,1,0,2,144,1,3,10,8,18
1814,1229,0,1229,0,40,"VIC","Remote","6:00 PM - 12:00 AM",1,1,1,3,114,1,4,10,10,20
1499,3061,1829,1232,0,43,"NSW","Urban","6:00 AM - 12:00 PM",0,0,0,3,72,4,3,10,6,16
1500,769,0,769,1,26,"VIC","Urban","6:00 AM - 12:00 PM",1,1,1,1,96,1,3,6,6,12
474,216,0,216,1,29,"NSW","Remote","6:00 PM - 12:00 AM",1,1,0,3,156,1,2,3,2,5
296,3996,2074,1922,0,42,"ACT","Regional","12:00 AM - 6:00 AM",0,1,1,3,54,3,2,3,4,7
294,1569,1211,358,0,34,"SA","Urban","12:00 AM - 6:00 AM",1,0,0,3,138,2,3,9,7,16
1382,1536,1367,169,1,26,"QLD","Urban","6:00 AM - 12:00 PM",1,1,1,3,42,2,2,0,0,0
1809,1536,1341,195,0,33,"SA","Urban","6:00 PM - 12:00 AM",0,1,0,3,84,1,2,7,10,17
840,323,0,323,1,22,"ACT","Urban","6:00 PM - 12:00 AM",1,0,1,2,114,1,1,10,6,16
1080,2349,1405,944,1,43,"QLD","Urban","6:00 AM - 12:00 PM",1,1,0,3,144,3,4,5,3,8
903,2028,1796,232,0,40,"VIC","Urban","6:00 AM - 12:00 PM",0,1,1,3,126,2,4,6,6,12
1494,4909,2478,2431,0,53,"VIC","Regional","6:00 AM - 12:00 PM",0,0,0,3,66,3,2,5,5,10
346,172,0,172,1,26,"VIC","Regional","6:00 PM - 12:00 AM",1,1,0,3,84,1,2,4,4,8
1226,1810,1475,335,0,38,"SA","Urban","6:00 AM - 12:00 PM",0,1,0,3,24,2,4,3,0,3
1759,3831,2066,1765,0,60,"VIC","Urban","6:00 PM - 12:00 AM",1,0,0,2,168,1,3,5,9,14
298,194,0,194,1,34,"NSW","Urban","12:00 AM - 6:00 AM",1,0,0,2,66,1,3,5,4,9
303,542,0,542,0,29,"VIC","Urban","6:00 PM - 12:00 AM",1,1,1,3,138,1,3,4,2,6
1766,1722,1468,254,1,41,"NSW","Urban","6:00 PM - 12:00 AM",1,1,1,3,174,2,2,4,0,4
531,3924,1807,2117,1,60,"VIC","Urban","6:00 PM - 12:00 AM",0,0,1,2,162,3,3,3,2,5
1041,153,0,153,1,29,"VIC","Regional","6:00 AM - 12:00 PM",1,1,0,3,42,1,2,4,3,7
1154,267,0,267,0,23,"TAS","Regional","6:00 AM - 12:00 PM",1,1,0,2,90,1,4,10,10,20
1235,210,0,210,1,24,"NSW","Remote","6:00 AM - 12:00 PM",1,1,0,2,126,1,4,4,8,12
462,699,0,699,0,30,"ACT","Urban","6:00 PM - 12:00 AM",1,1,0,3,24,1,3,3,3,6
1418,4224,1990,2234,0,49,"SA","Urban","6:00 AM - 12:00 PM",0,0,0,3,180,3,4,6,6,12
1121,199,0,199,1,24,"NT","Regional","6:00 AM - 12:00 PM",1,1,0,3,144,1,3,4,4,8
323,230,0,230,0,51,"NT","Regional","6:00 PM - 12:00 AM",1,1,1,2,60,1,3,8,10,18
83,363,0,363,1,20,"NSW","Regional","12:00 AM - 6:00 AM",0,1,0,3,102,1,2,6,2,8
811,3117,1785,1332,0,49,"QLD","Regional","6:00 PM - 12:00 AM",0,0,1,3,84,4,4,10,10,20
1136,1718,0,1718,1,44,"QLD","Urban","12:00 PM - 6:00 PM",1,1,0,3,132,2,2,8,8,16
1472,2497,1510,987,1,40,"NSW","Urban","6:00 AM - 12:00 PM",1,1,1,3,90,4,5,8,8,16
1985,1048,0,1048,0,39,"NSW","Urban","6:00 PM - 12:00 AM",1,1,1,3,48,2,2,4,4,8
473,628,0,628,1,36,"VIC","Urban","6:00 PM - 12:00 AM",0,1,0,2,66,2,4,10,10,20
1376,786,0,786,1,35,"WA","Urban","6:00 AM - 12:00 PM",0,1,1,3,72,1,2,6,5,11
1787,3059,1726,1333,1,46,"NSW","Urban","6:00 PM - 12:00 AM",1,0,1,3,108,2,3,7,6,13
1653,452,0,452,1,35,"VIC","Urban","6:00 PM - 12:00 AM",1,1,0,3,180,2,3,6,4,10
785,196,0,196,1,54,"VIC","Regional","6:00 PM - 12:00 AM",1,0,1,3,174,1,2,5,5,10
151,3826,1838,1988,0,48,"ACT","Urban","12:00 AM - 6:00 AM",0,0,0,3,54,4,5,10,10,20
415,1378,1136,242,0,37,"NSW","Urban","6:00 PM - 12:00 AM",0,1,1,3,114,1,3,8,7,15
1496,174,0,174,1,56,"NSW","Regional","6:00 AM - 12:00 PM",1,0,1,1,102,1,2,8,8,16
1951,1437,1110,327,1,26,"NSW","Urban","6:00 PM - 12:00 AM",1,0,1,3,150,1,4,3,6,9
516,3558,1963,1595,0,51,"VIC","Urban","6:00 PM - 12:00 AM",0,0,0,3,78,2,2,8,7,15
1852,501,0,501,1,22,"ACT","Urban","6:00 PM - 12:00 AM",0,1,0,3,162,1,2,3,1,4
673,182,0,182,0,31,"NT","Urban","6:00 PM - 12:00 AM",0,1,0,3,48,1,3,4,3,7
667,3150,1867,1283,0,52,"ACT","Urban","6:00 PM - 12:00 AM",0,0,1,3,18,1,2,5,5,10
880,214,0,214,1,47,"ACT","Urban","6:00 PM - 12:00 AM",1,0,0,3,162,1,4,6,6,12
1115,4562,2640,1922,0,54,"WA","Urban","6:00 AM - 12:00 PM",0,0,0,3,156,2,3,3,3,6
604,1494,0,1494,1,43,"WA","Remote","6:00 PM - 12:00 AM",0,1,0,2,42,2,4,6,8,14
859,360,0,360,1,22,"WA","Urban","6:00 PM - 12:00 AM",1,0,1,3,150,2,2,7,3,10
244,1562,1383,179,0,28,"NSW","Urban","12:00 AM - 6:00 AM",1,0,0,3,54,2,2,2,2,4
1814,1229,0,1229,0,40,"VIC","Remote","6:00 PM - 12:00 AM",1,1,1,3,114,1,4,10,10,20
52,296,0,296,0,21,"NT","Regional","12:00 AM - 6:00 AM",1,1,1,1,60,2,2,3,2,5
491,1618,0,1618,0,43,"VIC","Remote","12:00 PM - 6:00 PM",0,1,0,3,90,2,3,8,8,16
678,227,0,227,0,51,"NSW","Urban","6:00 PM - 12:00 AM",0,1,1,3,84,1,4,10,10,20
1883,1651,1409,242,1,24,"WA","Urban","6:00 PM - 12:00 AM",0,0,0,3,180,1,4,0,3,3
1467,367,0,367,0,21,"NSW","Urban","6:00 AM - 12:00 PM",1,1,1,3,138,2,4,4,7,11
1757,271,0,271,1,23,"SA","Regional","12:00 PM - 6:00 PM",0,1,1,3,132,1,3,10,9,19
286,1012,0,1012,0,30,"WA","Urban","12:00 AM - 6:00 AM",1,0,0,3,60,1,4,10,9,19
1208,4243,2253,1990,0,56,"NSW","Urban","6:00 AM - 12:00 PM",1,0,1,3,162,1,3,2,1,3
314,1433,1233,200,0,24,"VIC","Urban","6:00 PM - 12:00 AM",1,1,0,1,78,1,2,6,7,13
1097,363,0,363,0,24,"NSW","Regional","6:00 AM - 12:00 PM",1,1,1,3,132,2,3,5,7,12
318,3657,2101,1556,1,47,"SA","Regional","6:00 PM - 12:00 AM",0,0,0,3,132,3,3,10,9,19
946,3043,1558,1485,1,51,"VIC","Urban","12:00 PM - 6:00 PM",1,0,1,2,174,1,3,1,0,1
1707,3179,1576,1603,1,49,"VIC","Urban","6:00 PM - 12:00 AM",1,0,1,1,66,4,1,7,10,17
509,428,0,428,1,38,"QLD","Regional","6:00 PM - 12:00 AM",0,1,0,2,156,2,3,0,2,2
830,185,0,185,0,33,"VIC","Urban","6:00 PM - 12:00 AM",1,1,0,3,30,1,3,5,4,9
1120,2565,1385,1180,0,43,"ACT","Regional","6:00 AM - 12:00 PM",1,1,0,3,108,1,4,5,4,9
921,1159,0,1159,0,43,"TAS","Regional","6:00 AM - 12:00 PM",1,1,0,2,78,1,1,6,1,7
591,1521,1279,242,0,38,"SA","Urban","12:00 PM - 6:00 PM",0,1,1,3,96,2,4,10,10,20
347,2026,1806,220,0,41,"NSW","Urban","12:00 PM - 6:00 PM",1,1,1,2,132,1,4,9,10,19
153,3414,1763,1651,0,49,"NSW","Urban","12:00 AM - 6:00 AM",0,0,0,3,120,1,1,10,10,20
1085,1997,1572,425,0,41,"VIC","Urban","6:00 AM - 12:00 PM",1,1,0,3,96,2,2,6,7,13
897,743,0,743,0,24,"WA","Remote","6:00 AM - 12:00 PM",1,1,1,3,102,1,3,6,6,12
1160,4289,2521,1768,0,47,"ACT","Regional","6:00 AM - 12:00 PM",0,0,1,1,174,4,2,8,7,15
1345,298,0,298,0,25,"NSW","Urban","6:00 AM - 12:00 PM",1,1,0,3,150,1,3,7,5,12
1788,3757,2137,1620,1,50,"NT","Remote","6:00 PM - 12:00 AM",1,0,1,3,54,4,3,8,10,18
607,248,0,248,1,60,"NT","Urban","6:00 PM - 12:00 AM",0,1,0,3,150,1,3,5,7,12
426,417,0,417,0,26,"NT","Regional","6:00 PM - 12:00 AM",1,1,0,1,156,1,3,6,6,12
22,242,0,242,0,21,"SA","Urban","12:00 AM - 6:00 AM",1,1,0,3,150,1,2,3,3,6
349,3163,1722,1441,1,57,"VIC","Regional","6:00 PM - 12:00 AM",0,0,1,3,90,2,2,6,7,13
767,840,0,840,1,27,"NSW","Urban","6:00 PM - 12:00 AM",1,1,1,3,126,1,3,8,8,16
1134,142,0,142,1,26,"TAS","Remote","6:00 AM - 12:00 PM",1,1,0,2,180,1,2,3,6,9
86,1353,1106,247,1,22,"NSW","Urban","12:00 AM - 6:00 AM",0,1,0,1,48,2,4,6,2,8
1136,1718,0,1718,1,44,"QLD","Urban","12:00 PM - 6:00 PM",1,1,0,3,132,2,2,8,8,16
918,303,0,303,0,24,"VIC","Urban","6:00 AM - 12:00 PM",1,1,0,3,102,1,4,10,5,15
1826,2902,1699,1203,1,50,"ACT","Urban","6:00 PM - 12:00 AM",1,0,0,3,96,3,3,10,10,20
1912,375,0,375,0,24,"NSW","Urban","6:00 PM - 12:00 AM",1,0,0,2,30,1,4,2,3,5
1872,3330,1779,1551,0,52,"NSW","Urban","6:00 PM - 12:00 AM",0,0,0,2,78,1,3,6,6,12
943,667,0,667,1,34,"VIC","Urban","6:00 AM - 12:00 PM",1,1,0,3,90,1,3,10,10,20
1742,4407,2410,1997,0,46,"VIC","Urban","6:00 PM - 12:00 AM",0,0,0,3,174,4,4,5,4,9
966,306,0,306,1,24,"VIC","Regional","6:00 AM - 12:00 PM",1,1,1,2,84,2,3,9,5,14
866,814,0,814,1,24,"NSW","Urban","6:00 PM - 12:00 AM",1,0,0,3,126,2,2,5,5,10
1548,4025,1950,2075,1,49,"NSW","Urban","6:00 AM - 12:00 PM",0,0,0,3,72,2,2,10,10,20
437,3174,1854,1320,1,52,"NSW","Urban","6:00 PM - 12:00 AM",0,0,0,3,114,2,2,5,4,9
322,205,0,205,0,35,"VIC","Urban","6:00 PM - 12:00 AM",1,1,1,1,84,1,4,5,4,9
351,1339,1064,275,0,42,"WA","Urban","6:00 PM - 12:00 AM",1,1,0,1,90,1,2,3,3,6
1166,2910,1494,1416,1,50,"TAS","Urban","6:00 AM - 12:00 PM",1,0,1,3,42,1,2,9,5,14
1153,337,0,337,1,21,"WA","Urban","6:00 AM - 12:00 PM",1,1,0,3,96,2,2,9,9,18
909,1621,1423,198,0,30,"ACT","Urban","6:00 AM - 12:00 PM",1,1,0,1,162,1,2,2,0,2
18,919,0,919,1,33,"WA","Urban","12:00 AM - 6:00 AM",1,1,0,1,180,1,2,0,0,0
259,3483,2021,1462,1,42,"NSW","Urban","12:00 AM - 6:00 AM",0,1,0,2,84,2,3,4,3,7
857,3759,2216,1543,1,53,"QLD","Urban","12:00 PM - 6:00 PM",1,0,1,2,132,3,3,10,9,19
428,258,0,258,0,45,"VIC","Urban","6:00 PM - 12:00 AM",1,1,0,3,168,1,3,5,4,9
636,1276,0,1276,0,43,"TAS","Urban","6:00 PM - 12:00 AM",1,1,1,2,48,2,4,7,8,15
1042,909,0,909,0,33,"NT","Urban","6:00 AM - 12:00 PM",1,1,1,2,102,2,3,10,10,20
878,2957,1748,1209,0,47,"NSW","Urban","6:00 PM - 12:00 AM",0,0,0,3,132,3,4,7,7,14
1251,487,0,487,0,36,"QLD","Urban","6:00 AM - 12:00 PM",0,1,1,3,60,2,4,2,6,8
1129,825,0,825,0,39,"QLD","Urban","6:00 AM - 12:00 PM",1,1,0,3,174,1,3,7,6,13
1778,4481,1993,2488,0,54,"NSW","Urban","6:00 PM - 12:00 AM",0,0,1,3,126,2,2,3,6,9
1790,1288,1092,196,0,34,"NSW","Urban","6:00 PM - 12:00 AM",1,1,0,3,132,2,2,9,6,15
1747,4358,2345,2013,0,60,"QLD","Urban","6:00 PM - 12:00 AM",1,0,1,3,78,4,3,10,10,20
1869,2602,1503,1099,0,45,"NSW","Regional","6:00 PM - 12:00 AM",0,1,0,2,120,3,3,10,8,18
1809,1536,1341,195,0,33,"SA","Urban","6:00 PM - 12:00 AM",0,1,0,3,84,1,2,7,10,17
1633,749,0,749,1,35,"VIC","Urban","6:00 PM - 12:00 AM",1,1,0,3,54,2,3,3,3,6
934,903,0,903,0,24,"SA","Urban","6:00 AM - 12:00 PM",1,1,0,1,24,1,2,4,3,7
306,1799,1430,369,1,31,"WA","Regional","6:00 PM - 12:00 AM",1,1,0,2,66,1,3,7,6,13
1301,3579,1751,1828,1,58,"NSW","Urban","6:00 AM - 12:00 PM",0,0,0,3,138,2,3,6,3,9
248,1030,0,1030,1,31,"QLD","Regional","12:00 AM - 6:00 AM",1,0,0,3,66,1,2,7,6,13
1559,297,0,297,1,22,"ACT","Urban","6:00 AM - 12:00 PM",1,1,0,3,30,2,4,4,0,4
1308,3631,1931,1700,1,53,"NSW","Regional","6:00 AM - 12:00 PM",0,0,1,1,120,3,2,8,10,18
1040,1466,1099,367,1,40,"VIC","Urban","6:00 AM - 12:00 PM",1,1,1,3,12,2,5,2,6,8
854,4423,2189,2234,1,58,"NSW","Urban","6:00 PM - 12:00 AM",0,1,1,3,72,3,3,4,4,8
51,3574,2148,1426,1,49,"QLD","Urban","12:00 AM - 6:00 AM",1,0,0,3,30,3,2,2,1,3
325,1254,0,1254,1,34,"TAS","Urban","6:00 PM - 12:00 AM",1,1,0,3,12,2,3,3,3,6
591,1521,1279,242,0,38,"SA","Urban","12:00 PM - 6:00 PM",0,1,1,3,96,2,4,10,10,20
685,3879,1994,1885,0,49,"NSW","Urban","6:00 PM - 12:00 AM",1,1,1,1,24,1,3,5,1,6
201,4456,2135,2321,1,52,"NSW","Urban","12:00 AM - 6:00 AM",0,0,1,1,174,4,3,8,5,13
1686,3716,2157,1559,0,54,"NT","Urban","6:00 PM - 12:00 AM",0,0,0,2,120,2,2,10,10,20
875,3631,2010,1621,1,59,"NSW","Regional","6:00 PM - 12:00 AM",0,0,0,3,150,1,5,7,7,14
1203,351,0,351,0,24,"SA","Regional","6:00 AM - 12:00 PM",0,1,0,3,108,2,5,7,6,13
1671,4215,2317,1898,1,57,"ACT","Urban","6:00 PM - 12:00 AM",0,0,0,3,42,2,4,6,6,12
1911,2160,1633,527,1,37,"NSW","Urban","6:00 PM - 12:00 AM",1,1,0,1,114,1,2,8,10,18
1971,3150,1676,1474,1,48,"SA","Urban","6:00 PM - 12:00 AM",0,0,0,3,36,2,3,2,2,4
147,165,0,165,0,28,"NSW","Urban","12:00 PM - 6:00 PM",1,1,1,3,12,1,2,0,0,0
1648,1375,0,1375,0,50,"SA","Urban","6:00 PM - 12:00 AM",0,1,1,2,90,2,3,6,6,12
577,3815,2120,1695,0,53,"NSW","Urban","6:00 PM - 12:00 AM",1,0,0,3,132,3,3,2,3,5
5,265,0,265,1,25,"NSW","Remote","12:00 AM - 6:00 AM",0,1,0,3,42,2,3,4,8,12
1423,3445,1937,1508,0,54,"QLD","Regional","6:00 AM - 12:00 PM",0,0,0,3,150,3,2,5,4,9
5,265,0,265,1,25,"NSW","Remote","12:00 AM - 6:00 AM",0,1,0,3,42,2,3,4,8,12
268,228,0,228,1,40,"NSW","Urban","12:00 AM - 6:00 AM",1,0,1,1,36,1,4,8,9,17
330,607,0,607,0,21,"VIC","Regional","6:00 PM - 12:00 AM",1,1,1,2,78,2,4,7,2,9
616,3631,1962,1669,1,54,"NSW","Urban","6:00 PM - 12:00 AM",1,0,1,2,114,1,2,10,10,20
1668,2197,1228,969,0,50,"VIC","Regional","12:00 PM - 6:00 PM",0,0,1,2,120,2,3,10,8,18
1293,267,0,267,1,25,"NT","Urban","6:00 AM - 12:00 PM",0,1,0,2,144,1,3,2,2,4
729,4214,2619,1595,0,59,"SA","Urban","6:00 PM - 12:00 AM",1,0,1,2,90,3,4,8,10,18
1585,3500,1654,1846,1,47,"NSW","Urban","6:00 AM - 12:00 PM",0,0,0,2,126,3,3,9,9,18
1953,3065,1909,1156,0,53,"WA","Urban","6:00 PM - 12:00 AM",0,1,0,2,72,2,3,3,2,5
514,3896,2272,1624,0,47,"NSW","Urban","6:00 PM - 12:00 AM",1,0,1,1,60,1,3,5,3,8
304,1268,0,1268,1,25,"WA","Urban","6:00 PM - 12:00 AM",0,0,1,3,96,1,3,7,10,17
569,3527,2169,1358,1,50,"NSW","Regional","12:00 PM - 6:00 PM",0,0,1,2,126,1,4,10,10,20
309,647,0,647,1,45,"VIC","Urban","6:00 PM - 12:00 AM",1,1,1,3,138,1,4,6,5,11
436,2576,1555,1021,1,45,"VIC","Regional","6:00 PM - 12:00 AM",1,1,0,1,18,2,3,6,5,11
73,1324,1144,180,1,23,"NSW","Regional","12:00 AM - 6:00 AM",1,1,1,3,102,2,5,9,10,19
1306,4050,1998,2052,0,51,"NSW","Urban","6:00 AM - 12:00 PM",0,0,1,3,12,3,3,5,1,6
843,1317,1160,157,0,28,"NSW","Urban","6:00 PM - 12:00 AM",1,1,0,3,150,2,4,8,8,16
1343,1394,1092,302,1,37,"NT","Urban","6:00 AM - 12:00 PM",1,1,0,2,84,1,4,7,3,10
341,1311,1166,145,0,25,"ACT","Regional","6:00 PM - 12:00 AM",1,1,0,3,36,1,1,8,6,14
1163,924,0,924,1,31,"NSW","Regional","6:00 AM - 12:00 PM",0,1,1,3,12,2,4,6,6,12
53,466,0,466,1,29,"WA","Urban","12:00 AM - 6:00 AM",1,1,1,3,138,1,3,10,9,19
1213,315,0,315,1,22,"NSW","Urban","12:00 PM - 6:00 PM",1,1,0,2,174,2,3,4,8,12
1203,351,0,351,0,24,"SA","Regional","6:00 AM - 12:00 PM",0,1,0,3,108,2,5,7,6,13
508,1594,1300,294,1,31,"TAS","Urban","6:00 PM - 12:00 AM",0,1,0,1,12,2,4,4,1,5
770,3906,2260,1646,0,57,"WA","Remote","6:00 PM - 12:00 AM",0,0,0,3,114,1,4,9,8,17
1484,1660,1335,325,1,29,"VIC","Urban","6:00 AM - 12:00 PM",1,1,0,1,42,1,2,0,2,2
1124,3183,1982,1201,0,59,"QLD","Urban","6:00 AM - 12:00 PM",0,0,0,3,138,4,4,8,10,18
1400,188,0,188,0,42,"NSW","Urban","6:00 AM - 12:00 PM",1,0,0,2,108,1,5,8,5,13
1358,313,0,313,0,22,"ACT","Regional","12:00 PM - 6:00 PM",1,1,0,3,114,2,3,7,6,13
1415,3168,1786,1382,0,42,"VIC","Urban","6:00 AM - 12:00 PM",1,0,1,2,162,1,2,8,6,14
1419,3214,2016,1198,1,41,"ACT","Urban","6:00 AM - 12:00 PM",1,1,1,3,72,3,3,7,5,12
1470,3229,1715,1514,1,53,"NSW","Regional","6:00 AM - 12:00 PM",0,0,0,2,60,4,3,10,7,17
1761,4545,2567,1978,0,57,"NSW","Urban","6:00 PM - 12:00 AM",0,0,0,3,54,4,1,9,9,18
923,903,0,903,1,29,"QLD","Urban","6:00 AM - 12:00 PM",1,1,0,2,174,2,4,5,7,12
796,4279,2349,1930,0,47,"WA","Urban","6:00 PM - 12:00 AM",0,0,0,2,66,3,3,10,10,20
696,1508,1398,110,0,29,"TAS","Urban","6:00 PM - 12:00 AM",0,1,0,3,132,2,5,10,7,17
961,1516,1206,310,1,42,"VIC","Regional","6:00 AM - 12:00 PM",1,1,0,3,138,2,2,9,8,17
882,383,0,383,0,24,"QLD","Urban","6:00 AM - 12:00 PM",1,1,0,3,144,1,4,3,5,8
186,2968,1748,1220,1,43,"SA","Urban","12:00 AM - 6:00 AM",0,0,1,3,168,4,5,5,5,10
1267,284,0,284,0,22,"SA","Regional","6:00 AM - 12:00 PM",0,1,0,3,168,2,2,4,5,9
76,603,0,603,1,26,"NSW","Regional","12:00 AM - 6:00 AM",0,1,1,1,12,1,3,0,0,0
698,293,0,293,0,35,"ACT","Regional","6:00 PM - 12:00 AM",0,0,0,2,36,1,3,2,2,4
229,1751,1450,301,1,31,"NSW","Remote","12:00 AM - 6:00 AM",1,0,0,2,132,2,4,9,8,17
694,2925,1662,1263,1,44,"NSW","Urban","6:00 PM - 12:00 AM",1,1,1,3,150,4,3,5,2,7
833,183,0,183,0,37,"VIC","Urban","6:00 PM - 12:00 AM",1,0,1,2,66,1,3,9,8,17
1977,444,0,444,1,20,"VIC","Remote","6:00 PM - 12:00 AM",1,1,0,2,114,2,4,10,5,15
102,715,0,715,1,39,"VIC","Urban","12:00 PM - 6:00 PM",1,1,1,3,144,2,3,5,6,11
1709,482,0,482,1,28,"NSW","Regional","6:00 PM - 12:00 AM",1,1,1,1,174,1,2,0,3,3
1723,206,0,206,1,31,"NSW","Urban","6:00 PM - 12:00 AM",1,1,1,3,150,1,3,4,6,10
908,166,0,166,0,20,"VIC","Urban","6:00 AM - 12:00 PM",1,1,0,3,42,1,3,3,2,5
473,628,0,628,1,36,"VIC","Urban","6:00 PM - 12:00 AM",0,1,0,2,66,2,4,10,10,20
487,373,0,373,1,28,"VIC","Remote","6:00 PM - 12:00 AM",1,1,1,3,132,2,4,9,9,18
1344,529,0,529,0,34,"QLD","Remote","6:00 AM - 12:00 PM",0,1,0,1,78,1,2,7,6,13
1820,1197,0,1197,1,43,"NSW","Urban","6:00 PM - 12:00 AM",0,1,0,3,96,1,3,6,8,14
870,3238,1933,1305,0,41,"NSW","Urban","6:00 PM - 12:00 AM",0,0,1,3,144,1,2,10,10,20
1039,1456,0,1456,0,48,"ACT","Urban","6:00 AM - 12:00 PM",0,1,1,3,18,1,4,0,4,4
1921,4222,2411,1811,1,43,"TAS","Urban","6:00 PM - 12:00 AM",1,1,1,2,150,1,5,10,10,20
1716,1328,0,1328,1,41,"NSW","Urban","6:00 PM - 12:00 AM",0,1,0,3,90,1,2,10,10,20
1833,1231,1109,122,1,28,"NSW","Urban","6:00 PM - 12:00 AM",0,1,0,3,72,2,4,6,5,11
1968,353,0,353,1,24,"VIC","Regional","12:00 PM - 6:00 PM",0,1,1,3,144,1,3,3,2,5
1494,4909,2478,2431,0,53,"VIC","Regional","6:00 AM - 12:00 PM",0,0,0,3,66,3,2,5,5,10
1369,3552,1808,1744,0,50,"VIC","Urban","12:00 PM - 6:00 PM",0,0,0,1,84,3,2,8,8,16
246,237,0,237,1,48,"QLD","Urban","12:00 AM - 6:00 AM",1,1,1,2,138,1,3,10,10,20
1818,1515,1254,261,0,33,"NSW","Regional","6:00 PM - 12:00 AM",0,1,1,2,24,2,3,2,2,4
1001,1388,1185,203,1,44,"VIC","Regional","12:00 PM - 6:00 PM",1,1,1,3,150,1,3,9,8,17
942,2076,1525,551,0,49,"VIC","Regional","6:00 AM - 12:00 PM",1,1,0,3,90,1,3,6,6,12
1740,427,0,427,1,29,"WA","Urban","6:00 PM - 12:00 AM",1,1,0,2,102,2,3,9,9,18
59,967,0,967,0,45,"WA","Urban","12:00 AM - 6:00 AM",0,1,0,3,72,2,2,7,3,10
1096,2905,1592,1313,0,54,"NSW","Urban","6:00 AM - 12:00 PM",0,0,0,3,108,2,3,10,9,19
1097,363,0,363,0,24,"NSW","Regional","6:00 AM - 12:00 PM",1,1,1,3,132,2,3,5,7,12
1670,1727,1428,299,1,35,"ACT","Urban","6:00 PM - 12:00 AM",1,1,0,1,84,2,2,5,4,9
1135,251,0,251,1,24,"NSW","Urban","6:00 AM - 12:00 PM",1,1,1,3,18,1,2,0,0,0
584,4348,2378,1970,0,57,"ACT","Urban","6:00 PM - 12:00 AM",0,0,1,3,138,1,3,9,6,15
347,2026,1806,220,0,41,"NSW","Urban","12:00 PM - 6:00 PM",1,1,1,2,132,1,4,9,10,19
33,1743,1350,393,1,37,"WA","Urban","12:00 AM - 6:00 AM",0,1,0,3,12,2,4,0,0,0
1930,1779,1560,219,1,33,"NSW","Urban","6:00 PM - 12:00 AM",0,0,1,3,24,2,3,6,5,11
1168,1401,1121,280,1,31,"QLD","Urban","6:00 AM - 12:00 PM",1,1,1,3,24,2,4,2,0,2
1217,751,0,751,0,37,"QLD","Urban","6:00 AM - 12:00 PM",1,1,1,1,126,1,4,5,5,10
1153,337,0,337,1,21,"WA","Urban","6:00 AM - 12:00 PM",1,1,0,3,96,2,2,9,9,18
1215,4223,2280,1943,1,46,"VIC","Urban","6:00 AM - 12:00 PM",1,0,0,3,132,3,3,7,4,11
1929,4346,2401,1945,1,44,"NT","Urban","6:00 PM - 12:00 AM",1,0,0,3,132,4,4,8,7,15
1709,482,0,482,1,28,"NSW","Regional","6:00 PM - 12:00 AM",1,1,1,1,174,1,2,0,3,3
1565,4008,2323,1685,1,45,"NSW","Urban","6:00 AM - 12:00 PM",0,1,0,2,96,4,2,10,10,20
55,2212,1941,271,0,43,"VIC","Urban","12:00 AM - 6:00 AM",1,1,1,2,138,2,2,2,4,6
198,1489,1281,208,1,24,"QLD","Regional","12:00 AM - 6:00 AM",1,1,0,3,120,2,3,10,10,20
1297,294,0,294,1,23,"NSW","Urban","6:00 AM - 12:00 PM",0,1,0,1,12,1,1,0,0,0
227,3523,1869,1654,0,49,"VIC","Urban","12:00 AM - 6:00 AM",0,0,0,3,150,2,1,7,2,9
1257,358,0,358,0,24,"NSW","Regional","6:00 AM - 12:00 PM",1,1,0,2,78,2,2,10,9,19
722,200,0,200,1,41,"ACT","Regional","6:00 PM - 12:00 AM",0,0,0,1,48,1,4,4,4,8
1420,2041,1540,501,1,35,"QLD","Regional","6:00 AM - 12:00 PM",1,1,0,3,180,2,2,0,0,0
845,1623,1208,415,1,37,"VIC","Urban","6:00 PM - 12:00 AM",1,0,0,3,48,1,5,8,8,16
147,165,0,165,0,28,"NSW","Urban","12:00 PM - 6:00 PM",1,1,1,3,12,1,2,0,0,0
544,3925,1813,2112,1,56,"NSW","Regional","6:00 PM - 12:00 AM",0,0,0,3,162,4,1,4,1,5
1945,4365,2491,1874,0,51,"NSW","Regional","6:00 PM - 12:00 AM",0,0,1,2,138,4,3,9,10,19
1082,3690,1952,1738,0,52,"NSW","Regional","6:00 AM - 12:00 PM",0,0,1,3,132,2,2,5,5,10
1252,4312,2383,1929,0,55,"NSW","Urban","6:00 AM - 12:00 PM",0,0,0,1,102,4,5,9,8,17
1760,3746,2021,1725,1,54,"QLD","Regional","6:00 PM - 12:00 AM",0,0,0,3,132,4,3,9,10,19
642,3229,1879,1350,1,59,"NSW","Urban","6:00 PM - 12:00 AM",1,1,0,3,132,2,3,8,3,11
1347,4472,2305,2167,0,48,"NSW","Urban","12:00 PM - 6:00 PM",1,0,0,3,114,2,2,6,6,12
501,196,0,196,1,30,"TAS","Regional","6:00 PM - 12:00 AM",0,1,1,1,78,1,4,10,10,20
1987,2459,1419,1040,1,33,"SA","Urban","6:00 PM - 12:00 AM",1,1,0,3,90,1,2,7,10,17
311,3411,2049,1362,1,52,"WA","Urban","6:00 PM - 12:00 AM",0,0,0,1,36,3,2,8,7,15
1638,181,0,181,1,41,"VIC","Urban","6:00 PM - 12:00 AM",1,1,1,3,90,1,3,10,10,20
915,2015,1640,375,0,40,"VIC","Urban","6:00 AM - 12:00 PM",1,1,1,2,156,1,3,9,9,18
1431,2492,1519,973,1,35,"VIC","Urban","6:00 AM - 12:00 PM",1,0,0,3,168,2,3,2,5,7
1069,2095,1792,303,0,52,"NSW","Remote","6:00 AM - 12:00 PM",0,0,0,3,108,1,1,10,9,19
1399,3516,1929,1587,1,47,"QLD","Urban","6:00 AM - 12:00 PM",0,1,0,3,78,2,2,6,3,9
1171,4588,2484,2104,1,53,"QLD","Urban","6:00 AM - 12:00 PM",1,0,0,2,108,2,3,6,7,13
345,2653,1259,1394,0,37,"QLD","Urban","6:00 PM - 12:00 AM",1,1,0,3,120,3,5,6,5,11
225,237,0,237,1,21,"NSW","Urban","12:00 PM - 6:00 PM",1,1,1,3,144,1,3,4,4,8
1579,1234,0,1234,1,39,"NSW","Regional","6:00 AM - 12:00 PM",1,1,0,2,48,1,2,3,3,6
843,1317,1160,157,0,28,"NSW","Urban","6:00 PM - 12:00 AM",1,1,0,3,150,2,4,8,8,16
472,3459,1933,1526,1,60,"NSW","Urban","6:00 PM - 12:00 AM",0,0,1,2,180,3,1,5,5,10
1112,199,0,199,1,56,"VIC","Urban","12:00 PM - 6:00 PM",1,1,0,2,54,1,2,7,8,15
1647,1415,0,1415,1,49,"VIC","Urban","6:00 PM - 12:00 AM",0,1,1,1,156,2,3,2,1,3
1723,206,0,206,1,31,"NSW","Urban","6:00 PM - 12:00 AM",1,1,1,3,150,1,3,4,6,10
1801,3276,1859,1417,0,55,"NSW","Urban","6:00 PM - 12:00 AM",1,0,0,3,156,3,3,6,10,16
1951,1437,1110,327,1,26,"NSW","Urban","6:00 PM - 12:00 AM",1,0,1,3,150,1,4,3,6,9
1028,1859,1664,195,0,51,"WA","Urban","6:00 AM - 12:00 PM",0,1,0,3,18,1,1,5,5,10
1465,1270,0,1270,0,33,"NSW","Urban","6:00 AM - 12:00 PM",1,1,1,2,180,1,2,0,0,0
1320,2926,1708,1218,1,48,"VIC","Regional","6:00 AM - 12:00 PM",1,0,0,2,144,2,3,10,9,19
592,4117,1884,2233,0,57,"VIC","Urban","6:00 PM - 12:00 AM",0,0,0,3,156,2,2,2,6,8
352,3223,2019,1204,0,59,"VIC","Remote","6:00 PM - 12:00 AM",0,0,1,1,138,1,3,6,7,13
688,3384,1934,1450,1,55,"SA","Regional","6:00 PM - 12:00 AM",0,0,0,1,120,2,2,8,4,12
607,248,0,248,1,60,"NT","Urban","6:00 PM - 12:00 AM",0,1,0,3,150,1,3,5,7,12
1161,3747,2147,1600,0,46,"NT","Urban","6:00 AM - 12:00 PM",0,0,0,3,54,3,3,5,0,5
1480,205,0,205,0,21,"WA","Urban","12:00 PM - 6:00 PM",0,1,0,1,150,1,3,3,3,6
1034,489,0,489,0,37,"VIC","Urban","6:00 AM - 12:00 PM",1,1,0,2,30,2,2,7,5,12
1833,1231,1109,122,1,28,"NSW","Urban","6:00 PM - 12:00 AM",0,1,0,3,72,2,4,6,5,11
913,3276,2150,1126,0,50,"NSW","Remote","12:00 PM - 6:00 PM",0,0,1,1,78,2,4,10,10,20
265,236,0,236,1,59,"TAS","Urban","12:00 AM - 6:00 AM",1,0,0,3,66,1,2,7,7,14
625,3729,2113,1616,0,47,"NSW","Urban","6:00 PM - 12:00 AM",1,0,1,3,132,2,3,9,9,18
1780,268,0,268,1,22,"QLD","Urban","12:00 PM - 6:00 PM",1,1,1,3,90,1,3,8,8,16
977,1471,0,1471,1,48,"NSW","Regional","6:00 AM - 12:00 PM",0,0,0,3,24,1,2,4,3,7
1059,1609,0,1609,0,60,"QLD","Urban","6:00 AM - 12:00 PM",1,1,1,3,132,1,2,6,1,7
700,205,0,205,0,34,"ACT","Urban","6:00 PM - 12:00 AM",0,0,0,3,156,1,2,10,8,18
822,868,0,868,1,29,"NSW","Regional","6:00 PM - 12:00 AM",1,1,0,3,108,2,3,7,2,9
1255,3354,1960,1394,1,58,"NSW","Urban","6:00 AM - 12:00 PM",0,0,1,1,150,4,3,10,8,18
1243,267,0,267,0,24,"NT","Remote","6:00 AM - 12:00 PM",1,1,1,2,156,1,2,0,4,4
1112,199,0,199,1,56,"VIC","Urban","12:00 PM - 6:00 PM",1,1,0,2,54,1,2,7,8,15
730,226,0,226,0,46,"NSW","Regional","6:00 PM - 12:00 AM",1,1,0,2,150,1,3,8,7,15
318,3657,2101,1556,1,47,"SA","Regional","6:00 PM - 12:00 AM",0,0,0,3,132,3,3,10,9,19
346,172,0,172,1,26,"VIC","Regional","6:00 PM - 12:00 AM",1,1,0,3,84,1,2,4,4,8
1476,1241,0,1241,0,33,"NSW","Regional","6:00 AM - 12:00 PM",1,0,1,3,150,1,2,9,8,17
57,1644,0,1644,1,45,"ACT","Urban","12:00 AM - 6:00 AM",0,1,0,1,48,2,3,6,5,11
1213,315,0,315,1,22,"NSW","Urban","12:00 PM - 6:00 PM",1,1,0,2,174,2,3,4,8,12
1675,854,0,854,1,39,"NSW","Urban","6:00 PM - 12:00 AM",1,1,1,1,168,2,3,2,5,7
1641,1774,0,1774,1,51,"VIC","Regional","6:00 PM - 12:00 AM",1,1,1,3,90,3,3,10,9,19
1045,217,0,217,1,38,"VIC","Urban","6:00 AM - 12:00 PM",1,1,0,1,150,1,4,5,4,9
1969,380,0,380,1,23,"QLD","Urban","6:00 PM - 12:00 AM",1,1,1,2,60,1,4,7,7,14
255,329,0,329,0,20,"VIC","Regional","12:00 AM - 6:00 AM",1,0,0,3,120,2,4,8,6,14
1582,200,0,200,0,45,"NSW","Urban","6:00 AM - 12:00 PM",1,0,1,3,156,1,4,4,3,7
465,3448,1628,1820,0,50,"NSW","Urban","6:00 PM - 12:00 AM",0,0,1,3,90,2,3,10,10,20
838,3018,1762,1256,0,50,"TAS","Urban","6:00 PM - 12:00 AM",0,0,1,3,78,4,3,5,5,10
1069,2095,1792,303,0,52,"NSW","Remote","6:00 AM - 12:00 PM",0,0,0,3,108,1,1,10,9,19
520,872,0,872,1,34,"NSW","Urban","6:00 PM - 12:00 AM",1,1,0,3,72,2,3,10,10,20
1489,4181,2112,2069,0,53,"TAS","Urban","6:00 AM - 12:00 PM",0,0,1,2,174,1,1,4,5,9
734,3512,2201,1311,0,46,"QLD","Urban","6:00 PM - 12:00 AM",1,0,1,3,156,1,3,1,1,2
1249,158,0,158,0,60,"NSW","Urban","6:00 AM - 12:00 PM",1,1,1,2,156,1,2,4,4,8
1536,4579,2334,2245,0,41,"NSW","Urban","6:00 AM - 12:00 PM",0,0,0,2,12,3,2,3,2,5
768,201,0,201,1,33,"WA","Regional","12:00 PM - 6:00 PM",1,1,1,3,78,1,2,4,3,7
154,4206,2017,2189,0,51,"QLD","Urban","12:00 AM - 6:00 AM",0,1,1,3,90,1,4,3,7,10
1720,1561,1301,260,1,26,"NT","Urban","6:00 PM - 12:00 AM",0,1,0,3,90,1,4,9,10,19
1132,4259,2246,2013,0,55,"NSW","Urban","6:00 AM - 12:00 PM",0,0,1,2,174,2,2,1,0,1
215,1455,1455,0,1,29,"NSW","Urban","12:00 AM - 6:00 AM",1,1,1,1,120,2,4,10,10,20
563,4164,2452,1712,0,54,"NSW","Urban","6:00 PM - 12:00 AM",0,0,0,3,30,2,3,3,4,7
1276,344,0,344,1,23,"SA","Urban","6:00 AM - 12:00 PM",0,1,1,3,138,1,4,9,10,19
1912,375,0,375,0,24,"NSW","Urban","6:00 PM - 12:00 AM",1,0,0,2,30,1,4,2,3,5
560,3066,1659,1407,0,49,"SA","Urban","6:00 PM - 12:00 AM",1,0,0,2,138,3,5,8,4,12
462,699,0,699,0,30,"ACT","Urban","6:00 PM - 12:00 AM",1,1,0,3,24,1,3,3,3,6
685,3879,1994,1885,0,49,"NSW","Urban","6:00 PM - 12:00 AM",1,1,1,1,24,1,3,5,1,6
1154,267,0,267,0,23,"TAS","Regional","6:00 AM - 12:00 PM",1,1,0,2,90,1,4,10,10,20
1112,199,0,199,1,56,"VIC","Urban","12:00 PM - 6:00 PM",1,1,0,2,54,1,2,7,8,15
686,2227,1854,373,1,39,"NT","Urban","6:00 PM - 12:00 AM",1,0,0,1,180,3,4,3,3,6
155,3823,2148,1675,1,42,"NSW","Regional","12:00 AM - 6:00 AM",0,0,1,3,18,1,2,0,0,0
999,1349,1147,202,0,24,"VIC","Urban","6:00 AM - 12:00 PM",1,1,1,3,174,1,4,2,0,2
1890,1454,1305,149,0,26,"VIC","Urban","12:00 PM - 6:00 PM",1,1,1,3,108,1,4,10,7,17
31,1354,0,1354,0,44,"NSW","Regional","12:00 AM - 6:00 AM",0,1,1,3,54,2,2,8,10,18
476,1522,1212,310,1,38,"NSW","Urban","6:00 PM - 12:00 AM",1,1,1,1,102,2,2,10,10,20
1535,4305,2300,2005,0,58,"QLD","Remote","12:00 PM - 6:00 PM",0,0,0,3,90,2,3,5,8,13
83,363,0,363,1,20,"NSW","Regional","12:00 AM - 6:00 AM",0,1,0,3,102,1,2,6,2,8
954,942,0,942,1,40,"VIC","Regional","6:00 AM - 12:00 PM",1,1,0,3,156,2,2,5,8,13
575,251,0,251,0,53,"NSW","Urban","6:00 PM - 12:00 AM",0,1,1,2,30,1,5,0,2,2
547,170,0,170,0,33,"NSW","Urban","6:00 PM - 12:00 AM",1,1,1,3,168,1,3,7,7,14
1356,212,0,212,0,28,"NSW","Urban","6:00 AM - 12:00 PM",0,1,0,3,168,1,3,2,1,3
252,3073,1705,1368,1,48,"NT","Regional","12:00 AM - 6:00 AM",0,0,0,3,42,2,3,8,8,16
1538,4222,2311,1911,1,47,"NSW","Regional","6:00 AM - 12:00 PM",0,0,1,2,54,2,3,5,5,10
623,218,0,218,0,24,"NSW","Urban","6:00 PM - 12:00 AM",1,1,0,3,126,1,4,9,7,16
1721,140,0,140,0,31,"NT","Urban","6:00 PM - 12:00 AM",1,1,0,1,96,1,2,9,9,18
1882,1110,0,1110,0,31,"NSW","Urban","6:00 PM - 12:00 AM",0,0,1,3,42,2,3,4,4,8
184,367,0,367,1,23,"NSW","Urban","12:00 AM - 6:00 AM",1,1,1,3,126,1,3,8,9,17
276,1917,1486,431,1,39,"SA","Urban","12:00 AM - 6:00 AM",1,0,0,2,108,2,4,10,7,17
398,645,0,645,1,45,"SA","Urban","6:00 PM - 12:00 AM",1,1,0,3,72,2,2,4,3,7
455,490,0,490,1,26,"ACT","Urban","6:00 PM - 12:00 AM",1,1,0,1,180,2,4,3,3,6
1166,2910,1494,1416,1,50,"TAS","Urban","6:00 AM - 12:00 PM",1,0,1,3,42,1,2,9,5,14
1672,479,0,479,0,27,"NSW","Urban","6:00 PM - 12:00 AM",1,1,1,3,60,2,3,9,10,19
1687,3658,2111,1547,0,57,"NSW","Regional","6:00 PM - 12:00 AM",1,0,0,2,150,3,2,4,4,8
1595,3737,2164,1573,1,53,"TAS","Remote","6:00 AM - 12:00 PM",0,0,0,2,138,2,4,10,7,17
364,1471,1306,165,1,20,"NT","Regional","6:00 PM - 12:00 AM",1,1,1,2,162,2,4,6,10,16
1120,2565,1385,1180,0,43,"ACT","Regional","6:00 AM - 12:00 PM",1,1,0,3,108,1,4,5,4,9
373,217,0,217,1,55,"VIC","Urban","6:00 PM - 12:00 AM",1,1,0,2,54,1,4,6,5,11
602,279,0,279,1,20,"NSW","Urban","12:00 PM - 6:00 PM",1,1,1,1,102,1,3,4,4,8
1345,298,0,298,0,25,"NSW","Urban","6:00 AM - 12:00 PM",1,1,0,3,150,1,3,7,5,12
1168,1401,1121,280,1,31,"QLD","Urban","6:00 AM - 12:00 PM",1,1,1,3,24,2,4,2,0,2
351,1339,1064,275,0,42,"WA","Urban","6:00 PM - 12:00 AM",1,1,0,1,90,1,2,3,3,6
1565,4008,2323,1685,1,45,"NSW","Urban","6:00 AM - 12:00 PM",0,1,0,2,96,4,2,10,10,20
396,3683,2037,1646,0,47,"NSW","Urban","6:00 PM - 12:00 AM",0,0,1,2,162,3,2,7,5,12
1382,1536,1367,169,1,26,"QLD","Urban","6:00 AM - 12:00 PM",1,1,1,3,42,2,2,0,0,0
843,1317,1160,157,0,28,"NSW","Urban","6:00 PM - 12:00 AM",1,1,0,3,150,2,4,8,8,16
263,2675,1488,1187,0,49,"VIC","Urban","12:00 AM - 6:00 AM",0,0,0,3,144,1,3,4,2,6
1027,580,0,580,0,33,"VIC","Regional","6:00 AM - 12:00 PM",1,1,1,1,60,2,4,9,9,18
1356,212,0,212,0,28,"NSW","Urban","6:00 AM - 12:00 PM",0,1,0,3,168,1,3,2,1,3
541,1689,1492,197,0,31,"VIC","Urban","6:00 PM - 12:00 AM",1,1,1,3,108,2,3,8,8,16
1856,1971,1467,504,1,40,"NSW","Urban","6:00 PM - 12:00 AM",0,1,1,3,162,2,3,1,0,1
1525,3042,1690,1352,0,46,"NSW","Regional","6:00 AM - 12:00 PM",0,0,0,1,114,4,2,8,10,18
778,1096,0,1096,0,35,"NT","Remote","6:00 PM - 12:00 AM",1,1,1,2,12,1,4,7,3,10
1991,2267,2031,236,0,36,"WA","Urban","6:00 PM - 12:00 AM",1,1,0,2,96,2,3,3,4,7
1601,1710,1437,273,1,37,"TAS","Urban","6:00 AM - 12:00 PM",1,0,0,3,174,1,2,5,2,7
1171,4588,2484,2104,1,53,"QLD","Urban","6:00 AM - 12:00 PM",1,0,0,2,108,2,3,6,7,13
852,2218,1706,512,1,40,"NSW","Urban","6:00 PM - 12:00 AM",1,1,1,3,102,2,3,10,10,20
519,3346,1905,1441,0,53,"QLD","Urban","6:00 PM - 12:00 AM",0,0,1,3,132,2,5,9,5,14
1012,1491,1249,242,0,41,"ACT","Urban","6:00 AM - 12:00 PM",1,1,1,3,162,1,2,5,4,9
78,354,0,354,0,21,"TAS","Urban","12:00 AM - 6:00 AM",0,1,0,3,144,2,4,4,3,7
889,2475,1425,1050,1,54,"QLD","Urban","6:00 AM - 12:00 PM",0,0,0,2,132,2,2,10,10,20
1295,3517,1883,1634,1,47,"SA","Urban","6:00 AM - 12:00 PM",1,0,1,2,72,4,4,6,4,10
1729,493,0,493,1,39,"NSW","Urban","6:00 PM - 12:00 AM",1,1,0,3,48,2,3,5,4,9
845,1623,1208,415,1,37,"VIC","Urban","6:00 PM - 12:00 AM",1,0,0,3,48,1,5,8,8,16
396,3683,2037,1646,0,47,"NSW","Urban","6:00 PM - 12:00 AM",0,0,1,2,162,3,2,7,5,12
546,1548,0,1548,1,50,"ACT","Regional","12:00 PM - 6:00 PM",0,0,0,3,174,4,2,2,1,3
542,634,0,634,0,38,"WA","Urban","6:00 PM - 12:00 AM",0,1,0,2,60,2,2,8,8,16
1568,357,0,357,0,22,"VIC","Urban","6:00 AM - 12:00 PM",1,1,0,3,18,1,3,3,4,7
829,1934,1495,439,0,31,"TAS","Urban","6:00 PM - 12:00 AM",1,0,1,2,126,1,2,9,8,17
814,3958,1965,1993,0,43,"ACT","Urban","6:00 PM - 12:00 AM",0,1,0,1,162,2,3,0,3,3
1752,4253,2184,2069,0,52,"NSW","Urban","6:00 PM - 12:00 AM",0,0,1,3,72,1,3,6,8,14
656,3923,2098,1825,1,56,"NSW","Urban","6:00 PM - 12:00 AM",1,0,0,3,156,1,4,2,1,3
588,1082,0,1082,1,35,"WA","Urban","6:00 PM - 12:00 AM",1,1,1,3,174,2,2,0,0,0
277,508,0,508,0,21,"NSW","Urban","12:00 AM - 6:00 AM",1,1,1,3,48,2,3,8,7,15
199,3440,2326,1114,0,56,"SA","Urban","12:00 AM - 6:00 AM",0,0,0,1,156,4,2,8,6,14
720,1464,0,1464,1,35,"NSW","Regional","6:00 PM - 12:00 AM",1,0,0,2,120,2,2,9,9,18
824,4159,1829,2330,1,57,"NSW","Urban","12:00 PM - 6:00 PM",1,0,0,1,60,4,4,7,6,13
512,184,0,184,1,58,"ACT","Urban","6:00 PM - 12:00 AM",0,1,0,1,168,1,4,2,2,4
1451,726,0,726,1,24,"QLD","Urban","6:00 AM - 12:00 PM",1,0,0,3,72,1,3,6,10,16
1531,3732,2175,1557,0,42,"TAS","Regional","6:00 AM - 12:00 PM",0,0,0,3,24,4,1,5,4,9
166,4337,2095,2242,0,53,"WA","Regional","12:00 AM - 6:00 AM",0,0,1,3,168,4,3,4,4,8
148,3785,2091,1694,1,46,"QLD","Urban","12:00 AM - 6:00 AM",0,0,0,2,180,2,2,2,0,2
1284,601,0,601,1,35,"NSW","Urban","6:00 AM - 12:00 PM",1,1,1,3,66,1,4,6,10,16
677,1058,0,1058,1,34,"NSW","Regional","6:00 PM - 12:00 AM",1,0,0,2,132,2,1,2,2,4
39,4465,2337,2128,0,55,"NSW","Regional","12:00 AM - 6:00 AM",1,0,0,1,180,3,3,1,2,3
633,4079,2237,1842,1,48,"NSW","Urban","6:00 PM - 12:00 AM",0,0,1,3,48,4,2,10,7,17
1843,3349,1739,1610,1,56,"NSW","Urban","6:00 PM - 12:00 AM",0,0,1,2,120,1,3,10,10,20
1839,1336,0,1336,1,42,"TAS","Urban","6:00 PM - 12:00 AM",0,1,0,3,30,1,2,1,1,2
1373,223,0,223,0,28,"NSW","Urban","6:00 AM - 12:00 PM",1,1,0,3,138,1,2,3,2,5
1212,217,0,217,0,56,"NSW","Remote","6:00 AM - 12:00 PM",1,1,0,3,102,1,2,6,6,12
904,511,0,511,1,23,"WA","Regional","6:00 AM - 12:00 PM",1,1,0,2,96,2,3,8,7,15
1341,985,0,985,0,36,"TAS","Urban","6:00 AM - 12:00 PM",0,1,0,3,66,1,3,7,7,14
412,278,0,278,0,24,"NSW","Regional","6:00 PM - 12:00 AM",1,1,1,1,150,2,3,6,6,12
833,183,0,183,0,37,"VIC","Urban","6:00 PM - 12:00 AM",1,0,1,2,66,1,3,9,8,17
225,237,0,237,1,21,"NSW","Urban","12:00 PM - 6:00 PM",1,1,1,3,144,1,3,4,4,8
1468,3626,2010,1616,0,56,"NT","Remote","6:00 AM - 12:00 PM",0,0,0,3,78,4,3,9,4,13
825,3689,2066,1623,0,43,"NSW","Urban","6:00 PM - 12:00 AM",0,0,0,2,12,1,5,0,0,0
644,3804,2217,1587,0,42,"ACT","Regional","6:00 PM - 12:00 AM",0,0,0,2,156,2,3,5,4,9
937,2754,1518,1236,0,54,"VIC","Urban","6:00 AM - 12:00 PM",0,0,0,1,66,2,3,5,4,9
1101,977,0,977,1,31,"NSW","Regional","12:00 PM - 6:00 PM",1,1,0,3,102,1,3,10,9,19
771,3996,2015,1981,1,47,"ACT","Urban","6:00 PM - 12:00 AM",0,0,1,2,66,4,3,10,9,19
1144,431,0,431,1,30,"NT","Regional","6:00 AM - 12:00 PM",0,1,0,2,132,2,4,9,10,19
1708,1434,1073,361,1,36,"NSW","Urban","6:00 PM - 12:00 AM",1,1,1,3,48,2,4,7,7,14
1341,985,0,985,0,36,"TAS","Urban","6:00 AM - 12:00 PM",0,1,0,3,66,1,3,7,7,14
1691,793,0,793,0,39,"NSW","Regional","12:00 PM - 6:00 PM",0,1,0,2,108,2,2,7,7,14
69,214,0,214,1,18,"NT","Regional","12:00 PM - 6:00 PM",1,1,0,3,126,1,2,7,7,14
1371,361,0,361,0,23,"NT","Urban","6:00 AM - 12:00 PM",0,1,0,3,84,2,3,9,9,18
1017,2026,1563,463,0,58,"NT","Urban","6:00 AM - 12:00 PM",0,1,0,3,72,1,2,7,7,14
501,196,0,196,1,30,"TAS","Regional","6:00 PM - 12:00 AM",0,1,1,1,78,1,4,10,10,20
1104,941,0,941,0,30,"TAS","Regional","6:00 AM - 12:00 PM",1,1,0,3,120,1,3,3,3,6
541,1689,1492,197,0,31,"VIC","Urban","6:00 PM - 12:00 AM",1,1,1,3,108,2,3,8,8,16
673,182,0,182,0,31,"NT","Urban","6:00 PM - 12:00 AM",0,1,0,3,48,1,3,4,3,7
9,203,0,203,0,21,"NSW","Urban","12:00 AM - 6:00 AM",0,1,0,1,42,1,2,6,9,15
674,243,0,243,1,58,"NSW","Urban","6:00 PM - 12:00 AM",1,0,0,3,54,1,3,5,7,12
347,2026,1806,220,0,41,"NSW","Urban","12:00 PM - 6:00 PM",1,1,1,2,132,1,4,9,10,19
1431,2492,1519,973,1,35,"VIC","Urban","6:00 AM - 12:00 PM",1,0,0,3,168,2,3,2,5,7
269,184,0,184,1,21,"NT","Urban","12:00 PM - 6:00 PM",1,1,0,1,72,1,3,3,2,5
294,1569,1211,358,0,34,"SA","Urban","12:00 AM - 6:00 AM",1,0,0,3,138,2,3,9,7,16
2,1469,0,1469,1,39,"VIC","Urban","12:00 PM - 6:00 PM",1,1,1,3,24,1,3,6,2,8
1883,1651,1409,242,1,24,"WA","Urban","6:00 PM - 12:00 AM",0,0,0,3,180,1,4,0,3,3
1169,234,0,234,1,26,"NSW","Urban","12:00 PM - 6:00 PM",0,1,1,3,54,1,4,10,10,20
1300,473,0,473,0,28,"NSW","Urban","6:00 AM - 12:00 PM",1,1,1,3,84,2,3,10,10,20
233,2915,1953,962,1,55,"VIC","Urban","12:00 AM - 6:00 AM",0,0,0,3,24,3,2,5,8,13
1424,906,0,906,0,26,"NSW","Urban","12:00 PM - 6:00 PM",1,1,0,3,18,2,1,2,0,2
887,2209,1785,424,0,36,"VIC","Urban","6:00 AM - 12:00 PM",0,0,0,1,66,2,4,7,7,14
1966,4179,2195,1984,1,51,"NSW","Urban","6:00 PM - 12:00 AM",0,0,0,3,90,1,3,4,5,9
426,417,0,417,0,26,"NT","Regional","6:00 PM - 12:00 AM",1,1,0,1,156,1,3,6,6,12
951,702,0,702,1,37,"NSW","Regional","6:00 AM - 12:00 PM",1,1,0,2,168,2,3,3,2,5
791,507,0,507,0,33,"VIC","Urban","12:00 PM - 6:00 PM",0,1,0,2,36,1,4,4,3,7
628,2307,1656,651,1,43,"VIC","Urban","6:00 PM - 12:00 AM",1,1,1,3,162,2,3,8,5,13
1833,1231,1109,122,1,28,"NSW","Urban","6:00 PM - 12:00 AM",0,1,0,3,72,2,4,6,5,11
955,306,0,306,1,22,"NSW","Regional","6:00 AM - 12:00 PM",1,1,1,3,66,1,2,5,9,14
802,353,0,353,0,24,"TAS","Urban","12:00 PM - 6:00 PM",0,1,0,3,90,2,4,5,4,9
1534,314,0,314,0,22,"NSW","Urban","6:00 AM - 12:00 PM",1,1,1,3,60,2,3,9,8,17
1253,367,0,367,0,29,"ACT","Remote","6:00 AM - 12:00 PM",1,1,0,3,156,2,4,2,2,4
1269,3549,1905,1644,1,60,"VIC","Urban","12:00 PM - 6:00 PM",0,0,1,3,54,1,1,9,8,17
2,1469,0,1469,1,39,"VIC","Urban","12:00 PM - 6:00 PM",1,1,1,3,24,1,3,6,2,8
111,2447,1669,778,0,38,"TAS","Urban","12:00 AM - 6:00 AM",0,1,0,3,108,1,3,10,9,19
1966,4179,2195,1984,1,51,"NSW","Urban","6:00 PM - 12:00 AM",0,0,0,3,90,1,3,4,5,9
1981,4142,1920,2222,1,56,"QLD","Urban","6:00 PM - 12:00 AM",0,0,1,1,24,3,1,8,4,12
1793,1654,1447,207,1,33,"NSW","Remote","6:00 PM - 12:00 AM",0,1,1,3,54,2,3,10,10,20
216,704,0,704,1,25,"VIC","Remote","12:00 AM - 6:00 AM",1,1,0,1,54,1,3,5,5,10
1354,264,0,264,1,21,"NT","Urban","6:00 AM - 12:00 PM",0,1,0,2,30,1,4,5,5,10
1117,685,0,685,0,39,"QLD","Urban","6:00 AM - 12:00 PM",1,1,0,2,144,1,3,10,8,18
118,178,0,178,0,21,"VIC","Urban","12:00 AM - 6:00 AM",0,0,0,3,36,1,3,8,8,16
1331,984,0,984,0,37,"VIC","Urban","6:00 AM - 12:00 PM",0,1,0,3,150,1,2,10,8,18
505,3955,2022,1933,1,56,"VIC","Urban","6:00 PM - 12:00 AM",0,0,1,2,24,3,3,6,5,11
1382,1536,1367,169,1,26,"QLD","Urban","6:00 AM - 12:00 PM",1,1,1,3,42,2,2,0,0,0
818,1278,0,1278,0,35,"NSW","Urban","6:00 PM - 12:00 AM",1,1,1,3,36,1,2,0,0,0
89,195,0,195,0,25,"NSW","Urban","12:00 AM - 6:00 AM",0,1,0,2,96,1,2,6,5,11
973,1415,1165,250,1,43,"WA","Regional","6:00 AM - 12:00 PM",1,1,1,2,54,2,2,9,10,19
805,4487,2791,1696,0,47,"NT","Remote","6:00 PM - 12:00 AM",0,0,0,3,120,3,4,10,10,20
1343,1394,1092,302,1,37,"NT","Urban","6:00 AM - 12:00 PM",1,1,0,2,84,1,4,7,3,10
474,216,0,216,1,29,"NSW","Remote","6:00 PM - 12:00 AM",1,1,0,3,156,1,2,3,2,5
912,2140,1655,485,0,60,"VIC","Urban","6:00 AM - 12:00 PM",0,0,0,3,96,1,3,6,6,12
460,2988,1583,1405,1,49,"NSW","Urban","6:00 PM - 12:00 AM",0,0,1,3,108,3,4,9,10,19
609,4369,2127,2242,0,58,"TAS","Regional","6:00 PM - 12:00 AM",0,0,0,3,84,1,5,10,10,20
1903,3765,1929,1836,0,45,"SA","Regional","6:00 PM - 12:00 AM",1,1,1,2,60,4,4,4,5,9
267,3018,1557,1461,0,57,"VIC","Regional","12:00 AM - 6:00 AM",0,0,1,1,54,4,2,4,6,10
13,407,0,407,0,21,"SA","Urban","12:00 AM - 6:00 AM",1,1,0,2,120,1,4,8,7,15
1492,3574,2305,1269,0,58,"NSW","Regional","6:00 AM - 12:00 PM",0,0,0,3,54,1,2,6,9,15
551,684,0,684,0,33,"NSW","Urban","6:00 PM - 12:00 AM",1,1,1,1,162,1,3,7,7,14
1847,634,0,634,1,34,"TAS","Urban","6:00 PM - 12:00 AM",0,1,1,3,96,1,3,8,8,16
1776,4036,2373,1663,1,60,"NSW","Regional","6:00 PM - 12:00 AM",0,0,0,1,12,3,4,1,5,6
623,218,0,218,0,24,"NSW","Urban","6:00 PM - 12:00 AM",1,1,0,3,126,1,4,9,7,16
321,1935,1650,285,0,37,"QLD","Urban","6:00 PM - 12:00 AM",1,1,1,3,72,1,2,4,1,5
1395,679,0,679,1,34,"VIC","Regional","6:00 AM - 12:00 PM",1,1,1,1,72,1,2,5,5,10
1046,329,0,329,0,22,"ACT","Urban","12:00 PM - 6:00 PM",1,1,1,3,24,1,2,2,0,2
144,4019,2032,1987,0,41,"ACT","Regional","12:00 AM - 6:00 AM",0,1,0,3,96,1,3,10,10,20
1233,3724,1951,1773,1,55,"VIC","Remote","6:00 AM - 12:00 PM",1,0,0,3,174,4,4,5,1,6
407,793,0,793,0,36,"NSW","Urban","6:00 PM - 12:00 AM",1,1,1,3,114,1,2,8,8,16
552,829,0,829,1,36,"QLD","Urban","6:00 PM - 12:00 AM",1,1,1,3,102,2,2,9,8,17
687,349,0,349,0,25,"NSW","Regional","6:00 PM - 12:00 AM",1,0,1,1,108,1,5,6,6,12
1114,1508,1343,165,1,33,"ACT","Urban","12:00 PM - 6:00 PM",0,1,1,3,54,2,3,8,8,16
885,1295,0,1295,1,57,"QLD","Urban","6:00 AM - 12:00 PM",0,0,0,3,90,1,2,8,9,17
646,183,0,183,0,40,"NSW","Regional","12:00 PM - 6:00 PM",1,1,0,3,156,1,1,8,7,15
1687,3658,2111,1547,0,57,"NSW","Regional","6:00 PM - 12:00 AM",1,0,0,2,150,3,2,4,4,8
964,431,0,431,1,39,"WA","Remote","6:00 AM - 12:00 PM",1,1,0,3,84,2,4,10,7,17
1754,143,0,143,1,59,"QLD","Urban","6:00 PM - 12:00 AM",0,1,0,2,66,1,3,8,10,18
1300,473,0,473,0,28,"NSW","Urban","6:00 AM - 12:00 PM",1,1,1,3,84,2,3,10,10,20
1036,188,0,188,1,54,"WA","Urban","6:00 AM - 12:00 PM",1,1,0,3,156,1,3,3,7,10
74,453,0,453,0,22,"VIC","Urban","12:00 AM - 6:00 AM",0,1,1,2,156,1,5,10,9,19
1441,2011,1718,293,0,39,"NSW","Urban","6:00 AM - 12:00 PM",0,0,0,3,180,1,3,7,4,11
267,3018,1557,1461,0,57,"VIC","Regional","12:00 AM - 6:00 AM",0,0,1,1,54,4,2,4,6,10
303,542,0,542,0,29,"VIC","Urban","6:00 PM - 12:00 AM",1,1,1,3,138,1,3,4,2,6
806,1910,1724,186,1,34,"NSW","Urban","6:00 PM - 12:00 AM",1,1,0,3,138,1,4,8,10,18
187,3816,2198,1618,0,44,"NT","Urban","12:00 AM - 6:00 AM",0,0,0,3,120,1,1,4,4,8
1898,192,0,192,0,47,"NT","Urban","6:00 PM - 12:00 AM",0,0,0,1,78,1,3,10,10,20
700,205,0,205,0,34,"ACT","Urban","6:00 PM - 12:00 AM",0,0,0,3,156,1,2,10,8,18
1620,2437,2143,294,1,51,"TAS","Remote","6:00 PM - 12:00 AM",0,0,1,3,84,1,3,10,10,20
883,1530,1174,356,0,44,"SA","Urban","6:00 AM - 12:00 PM",1,1,1,3,60,1,3,6,10,16
106,1872,1637,235,1,30,"NSW","Urban","12:00 AM - 6:00 AM",1,0,0,1,168,1,4,9,8,17
1442,4432,2390,2042,0,47,"VIC","Urban","6:00 AM - 12:00 PM",1,0,0,3,48,3,4,0,4,4
1352,749,0,749,0,30,"NSW","Urban","6:00 AM - 12:00 PM",1,1,0,2,126,2,4,7,8,15
1822,312,0,312,1,23,"QLD","Urban","6:00 PM - 12:00 AM",1,1,0,3,96,2,3,10,10,20
443,4651,2450,2201,0,46,"SA","Remote","6:00 PM - 12:00 AM",0,0,0,1,156,4,2,5,5,10
391,4015,2283,1732,0,49,"WA","Urban","12:00 PM - 6:00 PM",0,0,1,2,84,2,3,10,10,20
1019,622,0,622,0,38,"VIC","Regional","6:00 AM - 12:00 PM",1,1,0,3,66,1,4,10,10,20
1529,4371,2411,1960,0,44,"NT","Urban","6:00 AM - 12:00 PM",0,0,0,2,102,3,4,10,9,19
485,352,0,352,1,24,"QLD","Urban","6:00 PM - 12:00 AM",0,1,1,3,48,1,4,7,6,13
250,1440,1322,118,1,28,"VIC","Regional","12:00 AM - 6:00 AM",1,0,0,3,78,2,2,6,10,16
586,479,0,479,0,35,"NSW","Urban","6:00 PM - 12:00 AM",1,1,0,3,66,2,2,3,2,5
1039,1456,0,1456,0,48,"ACT","Urban","6:00 AM - 12:00 PM",0,1,1,3,18,1,4,0,4,4
690,4283,1978,2305,1,47,"SA","Urban","6:00 PM - 12:00 AM",0,1,0,3,150,4,3,7,7,14
1985,1048,0,1048,0,39,"NSW","Urban","6:00 PM - 12:00 AM",1,1,1,3,48,2,2,4,4,8
643,4266,2359,1907,0,52,"QLD","Urban","6:00 PM - 12:00 AM",1,0,0,2,24,1,3,4,8,12
1080,2349,1405,944,1,43,"QLD","Urban","6:00 AM - 12:00 PM",1,1,0,3,144,3,4,5,3,8
833,183,0,183,0,37,"VIC","Urban","6:00 PM - 12:00 AM",1,0,1,2,66,1,3,9,8,17
1813,3126,1635,1491,1,48,"NSW","Regional","12:00 PM - 6:00 PM",0,0,0,3,96,2,4,8,4,12
1721,140,0,140,0,31,"NT","Urban","6:00 PM - 12:00 AM",1,1,0,1,96,1,2,9,9,18
943,667,0,667,1,34,"VIC","Urban","6:00 AM - 12:00 PM",1,1,0,3,90,1,3,10,10,20
1832,435,0,435,1,29,"NSW","Urban","6:00 PM - 12:00 AM",1,1,1,1,138,2,3,8,8,16
1052,2449,1500,949,1,47,"TAS","Regional","6:00 AM - 12:00 PM",0,1,0,3,96,3,3,6,6,12
1977,444,0,444,1,20,"VIC","Remote","6:00 PM - 12:00 AM",1,1,0,2,114,2,4,10,5,15
1751,4594,2309,2285,0,57,"VIC","Regional","6:00 PM - 12:00 AM",1,0,0,2,114,1,4,10,10,20
1690,2707,1737,970,1,41,"QLD","Urban","6:00 PM - 12:00 AM",1,1,1,3,126,3,2,4,8,12
1274,1523,1396,127,0,28,"VIC","Urban","6:00 AM - 12:00 PM",1,1,0,3,72,2,2,5,5,10
1829,3231,1992,1239,0,52,"NT","Urban","6:00 PM - 12:00 AM",1,0,0,1,84,4,2,10,10,20
283,1468,0,1468,0,35,"QLD","Regional","12:00 AM - 6:00 AM",0,1,0,3,120,1,3,9,9,18
944,1971,1752,219,1,47,"VIC","Urban","6:00 AM - 12:00 PM",1,1,0,3,78,2,3,5,5,10
872,3381,1813,1568,1,43,"QLD","Urban","6:00 PM - 12:00 AM",0,0,0,3,180,3,3,4,5,9
82,469,0,469,0,24,"QLD","Urban","12:00 AM - 6:00 AM",0,0,0,3,108,1,1,8,5,13
445,3920,1950,1970,1,46,"SA","Regional","6:00 PM - 12:00 AM",1,0,0,2,162,2,3,2,6,8
1542,3001,1601,1400,0,40,"NSW","Regional","6:00 AM - 12:00 PM",0,1,1,3,162,2,3,3,5,8
704,929,0,929,0,30,"NSW","Urban","6:00 PM - 12:00 AM",0,0,0,2,156,1,3,8,5,13
395,1446,1241,205,0,34,"NSW","Remote","6:00 PM - 12:00 AM",1,1,0,2,72,2,2,1,4,5
1809,1536,1341,195,0,33,"SA","Urban","6:00 PM - 12:00 AM",0,1,0,3,84,1,2,7,10,17
1241,382,0,382,1,24,"WA","Regional","6:00 AM - 12:00 PM",0,1,0,1,132,2,3,6,1,7
1554,3561,1676,1885,1,44,"VIC","Urban","6:00 AM - 12:00 PM",0,0,1,2,120,3,4,8,8,16
926,1286,0,1286,1,50,"QLD","Urban","6:00 AM - 12:00 PM",0,1,0,1,90,2,2,7,7,14
1034,489,0,489,0,37,"VIC","Urban","6:00 AM - 12:00 PM",1,1,0,2,30,2,2,7,5,12
1368,229,0,229,1,24,"WA","Urban","6:00 AM - 12:00 PM",1,1,1,3,42,1,4,8,10,18
1847,634,0,634,1,34,"TAS","Urban","6:00 PM - 12:00 AM",0,1,1,3,96,1,3,8,8,16
161,926,0,926,0,38,"NSW","Urban","12:00 AM - 6:00 AM",1,1,1,3,18,1,3,4,4,8
939,1653,1513,140,1,27,"NSW","Regional","6:00 AM - 12:00 PM",1,1,1,3,138,2,3,10,10,20
652,4385,2388,1997,0,60,"VIC","Regional","6:00 PM - 12:00 AM",0,0,1,3,180,2,2,4,2,6
1930,1779,1560,219,1,33,"NSW","Urban","6:00 PM - 12:00 AM",0,0,1,3,24,2,3,6,5,11
419,169,0,169,1,26,"SA","Remote","6:00 PM - 12:00 AM",1,1,1,3,90,1,2,10,10,20
313,390,0,390,1,28,"VIC","Urban","12:00 PM - 6:00 PM",1,1,0,3,48,2,2,6,2,8
552,829,0,829,1,36,"QLD","Urban","6:00 PM - 12:00 AM",1,1,1,3,102,2,2,9,8,17
705,1458,0,1458,0,35,"NSW","Regional","6:00 PM - 12:00 AM",0,1,0,2,24,1,5,0,4,4
955,306,0,306,1,22,"NSW","Regional","6:00 AM - 12:00 PM",1,1,1,3,66,1,2,5,9,14
1186,3527,2010,1517,0,48,"VIC","Urban","6:00 AM - 12:00 PM",0,0,1,1,156,1,3,7,4,11
291,237,0,237,1,21,"VIC","Urban","12:00 PM - 6:00 PM",1,1,0,1,18,1,2,2,0,2
1653,452,0,452,1,35,"VIC","Urban","6:00 PM - 12:00 AM",1,1,0,3,180,2,3,6,4,10
1140,472,0,472,0,30,"SA","Remote","6:00 AM - 12:00 PM",1,1,1,3,66,2,2,10,7,17
1289,4260,2006,2254,0,47,"WA","Remote","6:00 AM - 12:00 PM",0,0,1,3,102,4,4,4,7,11
1618,2354,1781,573,1,37,"TAS","Urban","6:00 PM - 12:00 AM",0,0,0,3,144,3,3,6,8,14
904,511,0,511,1,23,"WA","Regional","6:00 AM - 12:00 PM",1,1,0,2,96,2,3,8,7,15
1759,3831,2066,1765,0,60,"VIC","Urban","6:00 PM - 12:00 AM",1,0,0,2,168,1,3,5,9,14
666,2760,1506,1254,1,40,"NSW","Urban","6:00 PM - 12:00 AM",0,1,0,3,84,2,4,7,8,15
1002,965,0,965,0,39,"WA","Urban","12:00 PM - 6:00 PM",0,1,0,3,24,1,3,0,1,1
725,3234,1997,1237,0,49,"NSW","Urban","6:00 PM - 12:00 AM",0,0,1,3,12,4,2,0,0,0
375,3373,1774,1599,1,60,"VIC","Regional","6:00 PM - 12:00 AM",0,1,1,3,66,3,4,8,3,11
1406,324,0,324,1,25,"QLD","Urban","6:00 AM - 12:00 PM",1,0,0,3,72,2,4,5,6,11
1194,4267,2263,2004,0,51,"NSW","Urban","6:00 AM - 12:00 PM",0,0,0,3,102,3,3,7,7,14
1664,1046,0,1046,1,44,"NSW","Urban","6:00 PM - 12:00 AM",1,1,0,3,168,1,3,2,2,4
96,395,0,395,1,20,"VIC","Regional","12:00 AM - 6:00 AM",0,1,0,2,120,1,3,10,9,19
1489,4181,2112,2069,0,53,"TAS","Urban","6:00 AM - 12:00 PM",0,0,1,2,174,1,1,4,5,9
798,214,0,214,1,51,"VIC","Urban","6:00 PM - 12:00 AM",1,0,0,3,120,1,3,6,5,11
1881,2967,1773,1194,0,50,"SA","Regional","6:00 PM - 12:00 AM",0,0,0,3,138,2,2,10,10,20
964,431,0,431,1,39,"WA","Remote","6:00 AM - 12:00 PM",1,1,0,3,84,2,4,10,7,17
942,2076,1525,551,0,49,"VIC","Regional","6:00 AM - 12:00 PM",1,1,0,3,90,1,3,6,6,12
517,2949,1719,1230,1,59,"NSW","Urban","6:00 PM - 12:00 AM",0,0,0,3,66,4,2,10,9,19
913,3276,2150,1126,0,50,"NSW","Remote","12:00 PM - 6:00 PM",0,0,1,1,78,2,4,10,10,20
976,1262,0,1262,0,47,"NT","Urban","6:00 AM - 12:00 PM",0,1,1,2,78,2,2,4,4,8
1363,868,0,868,0,38,"NSW","Regional","6:00 AM - 12:00 PM",1,1,1,3,126,1,3,5,9,14
1259,218,0,218,0,58,"NSW","Remote","6:00 AM - 12:00 PM",1,1,1,2,108,1,3,7,3,10
1319,1616,1292,324,1,38,"VIC","Urban","6:00 AM - 12:00 PM",0,1,1,3,84,2,2,4,4,8
1568,357,0,357,0,22,"VIC","Urban","6:00 AM - 12:00 PM",1,1,0,3,18,1,3,3,4,7
1900,1066,0,1066,0,35,"NT","Urban","6:00 PM - 12:00 AM",1,1,0,3,48,2,3,7,8,15
534,795,0,795,0,31,"NSW","Urban","6:00 PM - 12:00 AM",0,1,0,1,114,2,2,4,3,7
276,1917,1486,431,1,39,"SA","Urban","12:00 AM - 6:00 AM",1,0,0,2,108,2,4,10,7,17
