"ID","TotalSpending","InternationalSpend","DomesticSpend","Female","Age","HomeState","HomeRegion","BookingTime","DeviceTypeMobileTablet","Windows.Android","PromotionsUsed","EaseOfUse","UsageDuration","BookingCount","AvailableFlights","Satisfaction","NetPromoterScore","TotalSatisfaction"
1069,2095,1792,303,0,52,"NSW","Remote","6:00 AM - 12:00 PM",0,0,0,3,108,1,1,10,9,19
1968,353,0,353,1,24,"VIC","Regional","12:00 PM - 6:00 PM",0,1,1,3,144,1,3,3,2,5
1412,192,0,192,0,28,"QLD","Urban","6:00 AM - 12:00 PM",1,0,0,2,84,1,3,6,2,8
347,2026,1806,220,0,41,"NSW","Urban","12:00 PM - 6:00 PM",1,1,1,2,132,1,4,9,10,19
259,3483,2021,1462,1,42,"NSW","Urban","12:00 AM - 6:00 AM",0,1,0,2,84,2,3,4,3,7
456,256,0,256,1,56,"NSW","Urban","6:00 PM - 12:00 AM",0,1,0,2,30,1,3,3,2,5
310,1621,1393,228,0,41,"QLD","Urban","6:00 PM - 12:00 AM",1,1,0,3,30,1,4,8,7,15
84,198,0,198,0,22,"NSW","Urban","12:00 AM - 6:00 AM",0,0,1,3,144,1,2,9,8,17
585,3519,1850,1669,0,59,"NT","Regional","6:00 PM - 12:00 AM",0,0,0,3,24,3,3,6,7,13
958,364,0,364,0,22,"SA","Remote","6:00 AM - 12:00 PM",1,1,1,2,126,1,2,6,5,11
1171,4588,2484,2104,1,53,"QLD","Urban","6:00 AM - 12:00 PM",1,0,0,2,108,2,3,6,7,13
1796,4034,2045,1989,1,60,"VIC","Remote","6:00 PM - 12:00 AM",0,0,0,2,36,3,3,5,1,6
1353,594,0,594,0,36,"SA","Urban","6:00 AM - 12:00 PM",0,1,1,2,78,1,5,3,5,8
504,240,0,240,0,31,"TAS","Urban","6:00 PM - 12:00 AM",1,1,0,2,72,1,3,8,5,13
1628,235,0,235,0,19,"VIC","Regional","6:00 PM - 12:00 AM",1,1,0,3,120,2,2,10,10,20
1842,4426,2427,1999,1,47,"NSW","Urban","6:00 PM - 12:00 AM",1,0,0,3,114,2,4,8,7,15
1390,628,0,628,1,39,"NSW","Urban","6:00 AM - 12:00 PM",1,1,1,3,48,2,2,2,3,5
1976,2959,1626,1333,1,60,"TAS","Urban","6:00 PM - 12:00 AM",0,0,1,3,120,1,2,10,9,19
398,645,0,645,1,45,"SA","Urban","6:00 PM - 12:00 AM",1,1,0,3,72,2,2,4,3,7
538,3942,1956,1986,1,52,"NT","Remote","6:00 PM - 12:00 AM",0,0,1,2,126,4,3,9,5,14
662,3218,1741,1477,0,52,"NSW","Urban","6:00 PM - 12:00 AM",1,1,0,3,120,3,3,5,4,9
1760,3746,2021,1725,1,54,"QLD","Regional","6:00 PM - 12:00 AM",0,0,0,3,132,4,3,9,10,19
1244,770,0,770,1,38,"ACT","Urban","6:00 AM - 12:00 PM",1,1,1,1,150,2,3,9,9,18
1008,1966,1460,506,0,49,"VIC","Urban","6:00 AM - 12:00 PM",0,1,0,3,18,2,2,0,2,2
936,1738,1364,374,1,41,"WA","Urban","6:00 AM - 12:00 PM",1,1,0,3,168,1,2,7,7,14
293,347,0,347,1,24,"SA","Urban","12:00 AM - 6:00 AM",1,0,0,3,102,1,3,10,10,20
707,4626,2568,2058,0,48,"VIC","Urban","6:00 PM - 12:00 AM",1,0,0,3,18,1,3,0,0,0
1774,1612,1366,246,0,45,"NSW","Urban","6:00 PM - 12:00 AM",1,1,0,1,84,2,2,9,10,19
1715,710,0,710,0,31,"WA","Urban","6:00 PM - 12:00 AM",1,1,0,3,66,1,4,5,4,9
323,230,0,230,0,51,"NT","Regional","6:00 PM - 12:00 AM",1,1,1,2,60,1,3,8,10,18
1616,150,0,150,0,42,"WA","Regional","6:00 PM - 12:00 AM",1,1,0,3,12,1,4,1,4,5
1764,1471,1225,246,1,38,"VIC","Urban","6:00 PM - 12:00 AM",1,1,1,2,30,2,2,7,7,14
1799,2961,1466,1495,0,50,"SA","Regional","6:00 PM - 12:00 AM",1,0,1,3,120,2,2,9,8,17
1293,267,0,267,1,25,"NT","Urban","6:00 AM - 12:00 PM",0,1,0,2,144,1,3,2,2,4
1420,2041,1540,501,1,35,"QLD","Regional","6:00 AM - 12:00 PM",1,1,0,3,180,2,2,0,0,0
421,282,0,282,0,20,"NSW","Remote","6:00 PM - 12:00 AM",1,1,1,3,168,1,4,2,3,5
207,1046,0,1046,1,39,"WA","Urban","12:00 AM - 6:00 AM",1,1,1,3,78,1,5,7,6,13
1709,482,0,482,1,28,"NSW","Regional","6:00 PM - 12:00 AM",1,1,1,1,174,1,2,0,3,3
1805,234,0,234,0,35,"NSW","Urban","6:00 PM - 12:00 AM",1,1,1,3,24,1,4,4,0,4
1115,4562,2640,1922,0,54,"WA","Urban","6:00 AM - 12:00 PM",0,0,0,3,156,2,3,3,3,6
1322,245,0,245,0,21,"NSW","Regional","6:00 AM - 12:00 PM",0,1,1,2,30,1,3,0,0,0
1061,2441,1595,846,1,56,"TAS","Urban","6:00 AM - 12:00 PM",0,1,1,3,174,2,2,3,6,9
383,4353,2268,2085,0,57,"TAS","Urban","6:00 PM - 12:00 AM",0,0,0,3,96,2,3,7,7,14
184,367,0,367,1,23,"NSW","Urban","12:00 AM - 6:00 AM",1,1,1,3,126,1,3,8,9,17
848,352,0,352,0,22,"SA","Remote","6:00 PM - 12:00 AM",1,0,1,3,42,2,4,2,2,4
1386,1657,1311,346,1,28,"QLD","Urban","6:00 AM - 12:00 PM",0,1,1,3,48,2,3,0,4,4
906,2261,2133,128,1,53,"TAS","Urban","6:00 AM - 12:00 PM",0,0,0,3,24,2,2,8,3,11
1181,3757,1973,1784,1,46,"QLD","Regional","6:00 AM - 12:00 PM",1,0,0,3,66,1,3,3,5,8
364,1471,1306,165,1,20,"NT","Regional","6:00 PM - 12:00 AM",1,1,1,2,162,2,4,6,10,16
3,167,0,167,0,37,"VIC","Urban","12:00 PM - 6:00 PM",1,1,0,3,18,1,3,7,2,9
144,4019,2032,1987,0,41,"ACT","Regional","12:00 AM - 6:00 AM",0,1,0,3,96,1,3,10,10,20
432,162,0,162,1,22,"NT","Urban","6:00 PM - 12:00 AM",1,1,0,3,30,1,4,7,6,13
1813,3126,1635,1491,1,48,"NSW","Regional","12:00 PM - 6:00 PM",0,0,0,3,96,2,4,8,4,12
1167,1640,1500,140,1,37,"VIC","Regional","6:00 AM - 12:00 PM",0,1,0,3,36,2,2,4,3,7
1108,3335,1846,1489,0,57,"NSW","Urban","6:00 AM - 12:00 PM",0,0,0,2,72,3,3,7,9,16
1224,833,0,833,1,30,"TAS","Urban","12:00 PM - 6:00 PM",1,1,0,2,66,1,3,5,5,10
1919,3920,2409,1511,0,46,"VIC","Urban","6:00 PM - 12:00 AM",0,0,0,3,96,1,4,9,10,19
793,446,0,446,0,20,"NSW","Urban","6:00 PM - 12:00 AM",1,1,0,1,138,1,1,4,5,9
1238,1129,0,1129,0,43,"NSW","Regional","6:00 AM - 12:00 PM",1,1,0,1,36,2,2,8,5,13
1378,361,0,361,0,21,"NSW","Urban","6:00 AM - 12:00 PM",1,1,0,2,72,2,2,7,7,14
880,214,0,214,1,47,"ACT","Urban","6:00 PM - 12:00 AM",1,0,0,3,162,1,4,6,6,12
867,2624,1453,1171,1,45,"TAS","Urban","6:00 PM - 12:00 AM",0,0,1,3,138,1,4,4,7,11
1084,231,0,231,0,57,"NSW","Urban","6:00 AM - 12:00 PM",1,1,0,3,120,1,3,7,7,14
910,2141,1363,778,0,59,"WA","Remote","6:00 AM - 12:00 PM",0,0,0,2,30,1,5,7,7,14
326,990,0,990,0,44,"QLD","Remote","6:00 PM - 12:00 AM",1,1,0,3,12,1,3,3,2,5
747,194,0,194,1,24,"TAS","Regional","6:00 PM - 12:00 AM",1,0,1,3,36,1,5,9,9,18
1369,3552,1808,1744,0,50,"VIC","Urban","12:00 PM - 6:00 PM",0,0,0,1,84,3,2,8,8,16
1402,533,0,533,1,39,"NSW","Urban","12:00 PM - 6:00 PM",0,1,0,3,66,1,5,7,10,17
623,218,0,218,0,24,"NSW","Urban","6:00 PM - 12:00 AM",1,1,0,3,126,1,4,9,7,16
1740,427,0,427,1,29,"WA","Urban","6:00 PM - 12:00 AM",1,1,0,2,102,2,3,9,9,18
1602,1797,1506,291,1,29,"VIC","Urban","12:00 PM - 6:00 PM",1,1,0,3,144,1,3,10,9,19
1827,3678,2126,1552,1,56,"NT","Urban","6:00 PM - 12:00 AM",1,0,1,3,12,1,2,0,0,0
1872,3330,1779,1551,0,52,"NSW","Urban","6:00 PM - 12:00 AM",0,0,0,2,78,1,3,6,6,12
795,214,0,214,1,40,"TAS","Urban","6:00 PM - 12:00 AM",1,1,0,2,48,1,5,4,7,11
873,2604,1360,1244,1,54,"WA","Urban","6:00 PM - 12:00 AM",0,0,0,3,48,3,3,4,7,11
997,283,0,283,0,25,"VIC","Regional","6:00 AM - 12:00 PM",1,1,0,3,42,2,3,4,3,7
1319,1616,1292,324,1,38,"VIC","Urban","6:00 AM - 12:00 PM",0,1,1,3,84,2,2,4,4,8
1996,3285,1968,1317,0,42,"TAS","Urban","6:00 PM - 12:00 AM",0,0,0,1,168,1,3,6,10,16
798,214,0,214,1,51,"VIC","Urban","6:00 PM - 12:00 AM",1,0,0,3,120,1,3,6,5,11
1120,2565,1385,1180,0,43,"ACT","Regional","6:00 AM - 12:00 PM",1,1,0,3,108,1,4,5,4,9
1552,1871,1673,198,0,36,"NSW","Regional","6:00 AM - 12:00 PM",1,1,1,2,48,1,4,10,9,19
1200,4647,2638,2009,0,52,"NT","Urban","6:00 AM - 12:00 PM",0,0,1,3,24,1,4,9,8,17
959,2828,1675,1153,1,59,"VIC","Urban","6:00 AM - 12:00 PM",1,1,1,1,36,2,3,6,4,10
1273,194,0,194,0,47,"VIC","Urban","6:00 AM - 12:00 PM",1,1,1,2,18,1,4,0,0,0
1697,258,0,258,1,38,"VIC","Regional","6:00 PM - 12:00 AM",1,1,1,3,132,1,3,9,9,18
1621,3444,1772,1672,1,54,"VIC","Urban","6:00 PM - 12:00 AM",0,0,1,3,132,3,3,7,7,14
1019,622,0,622,0,38,"VIC","Regional","6:00 AM - 12:00 PM",1,1,0,3,66,1,4,10,10,20
1215,4223,2280,1943,1,46,"VIC","Urban","6:00 AM - 12:00 PM",1,0,0,3,132,3,3,7,4,11
44,367,0,367,1,26,"NSW","Urban","12:00 AM - 6:00 AM",0,1,1,3,96,1,4,10,10,20
370,158,0,158,0,27,"VIC","Urban","6:00 PM - 12:00 AM",1,1,1,3,90,1,4,4,7,11
1057,439,0,439,1,29,"NSW","Urban","12:00 PM - 6:00 PM",0,1,0,1,90,1,2,9,10,19
676,3850,2046,1804,1,58,"VIC","Urban","6:00 PM - 12:00 AM",0,1,0,1,36,2,5,1,1,2
63,342,0,342,1,25,"QLD","Regional","12:00 AM - 6:00 AM",0,1,1,3,150,1,2,3,6,9
1637,3506,1861,1645,0,59,"NT","Urban","6:00 PM - 12:00 AM",0,0,1,3,42,2,4,9,9,18
1885,4236,2084,2152,0,46,"VIC","Urban","6:00 PM - 12:00 AM",1,0,0,3,162,2,4,2,0,2
1047,358,0,358,1,21,"VIC","Urban","6:00 AM - 12:00 PM",1,1,1,3,36,1,4,6,3,9
201,4456,2135,2321,1,52,"NSW","Urban","12:00 AM - 6:00 AM",0,0,1,1,174,4,3,8,5,13
1833,1231,1109,122,1,28,"NSW","Urban","6:00 PM - 12:00 AM",0,1,0,3,72,2,4,6,5,11
1783,1873,1691,182,0,41,"NSW","Urban","6:00 PM - 12:00 AM",1,1,0,3,60,2,2,7,6,13
1971,3150,1676,1474,1,48,"SA","Urban","6:00 PM - 12:00 AM",0,0,0,3,36,2,3,2,2,4
805,4487,2791,1696,0,47,"NT","Remote","6:00 PM - 12:00 AM",0,0,0,3,120,3,4,10,10,20
669,1617,1297,320,1,43,"NSW","Urban","12:00 PM - 6:00 PM",1,1,0,2,144,2,3,4,4,8
95,438,0,438,1,21,"NSW","Urban","12:00 AM - 6:00 AM",1,0,0,3,168,2,3,3,2,5
154,4206,2017,2189,0,51,"QLD","Urban","12:00 AM - 6:00 AM",0,1,1,3,90,1,4,3,7,10
673,182,0,182,0,31,"NT","Urban","6:00 PM - 12:00 AM",0,1,0,3,48,1,3,4,3,7
711,187,0,187,1,47,"WA","Urban","6:00 PM - 12:00 AM",0,0,0,3,30,1,4,6,6,12
1403,490,0,490,0,23,"NT","Urban","6:00 AM - 12:00 PM",1,0,1,3,30,1,5,2,2,4
843,1317,1160,157,0,28,"NSW","Urban","6:00 PM - 12:00 AM",1,1,0,3,150,2,4,8,8,16
1950,256,0,256,1,38,"VIC","Regional","6:00 PM - 12:00 AM",1,0,0,2,54,1,4,4,4,8
1340,1700,1480,220,1,31,"TAS","Remote","6:00 AM - 12:00 PM",0,1,1,3,126,2,3,10,9,19
1042,909,0,909,0,33,"NT","Urban","6:00 AM - 12:00 PM",1,1,1,2,102,2,3,10,10,20
1162,370,0,370,1,20,"ACT","Regional","6:00 AM - 12:00 PM",1,1,0,2,84,1,2,9,9,18
1516,329,0,329,0,24,"VIC","Urban","6:00 AM - 12:00 PM",1,1,1,1,78,2,3,9,9,18
8,3363,1917,1446,1,48,"NSW","Urban","12:00 AM - 6:00 AM",1,0,1,2,42,3,3,5,4,9
1306,4050,1998,2052,0,51,"NSW","Urban","6:00 AM - 12:00 PM",0,0,1,3,12,3,3,5,1,6
1019,622,0,622,0,38,"VIC","Regional","6:00 AM - 12:00 PM",1,1,0,3,66,1,4,10,10,20
4,3208,1926,1282,1,56,"NSW","Urban","12:00 AM - 6:00 AM",1,0,1,3,162,2,4,4,2,6
1197,242,0,242,1,23,"ACT","Urban","6:00 AM - 12:00 PM",1,1,1,2,60,1,4,6,5,11
1059,1609,0,1609,0,60,"QLD","Urban","6:00 AM - 12:00 PM",1,1,1,3,132,1,2,6,1,7
68,417,0,417,1,22,"NSW","Urban","12:00 AM - 6:00 AM",1,1,0,3,108,2,2,5,5,10
1772,2829,1777,1052,1,47,"VIC","Remote","6:00 PM - 12:00 AM",0,0,0,1,108,3,3,8,8,16
521,2935,1641,1294,1,44,"QLD","Regional","6:00 PM - 12:00 AM",0,1,0,3,132,2,2,8,7,15
1835,2606,1751,855,0,44,"ACT","Urban","12:00 PM - 6:00 PM",0,1,0,3,120,1,4,6,7,13
854,4423,2189,2234,1,58,"NSW","Urban","6:00 PM - 12:00 AM",0,1,1,3,72,3,3,4,4,8
519,3346,1905,1441,0,53,"QLD","Urban","6:00 PM - 12:00 AM",0,0,1,3,132,2,5,9,5,14
1604,180,0,180,1,38,"VIC","Regional","6:00 AM - 12:00 PM",1,0,0,3,90,1,5,9,10,19
932,1516,0,1516,1,51,"SA","Regional","6:00 AM - 12:00 PM",0,0,1,1,102,1,2,10,10,20
156,4443,2128,2315,1,42,"TAS","Regional","12:00 AM - 6:00 AM",0,0,0,1,156,2,2,10,8,18
1128,391,0,391,1,24,"NT","Urban","6:00 AM - 12:00 PM",1,1,0,3,30,2,4,7,7,14
998,317,0,317,1,21,"VIC","Urban","6:00 AM - 12:00 PM",1,1,0,3,114,2,3,7,4,11
444,4263,2393,1870,0,53,"NSW","Urban","6:00 PM - 12:00 AM",1,0,0,1,132,4,2,9,9,18
1590,3751,2214,1537,1,51,"VIC","Urban","6:00 AM - 12:00 PM",0,0,0,3,108,2,2,9,10,19
1324,3528,2009,1519,0,56,"NT","Urban","12:00 PM - 6:00 PM",1,0,0,3,60,3,4,8,8,16
1072,1517,0,1517,1,60,"VIC","Urban","6:00 AM - 12:00 PM",0,1,1,3,108,2,4,10,10,20
439,4782,2342,2440,1,57,"NSW","Urban","6:00 PM - 12:00 AM",1,0,1,2,126,4,2,8,3,11
661,1487,0,1487,1,40,"NSW","Urban","6:00 PM - 12:00 AM",1,1,1,2,162,2,2,6,7,13
628,2307,1656,651,1,43,"VIC","Urban","6:00 PM - 12:00 AM",1,1,1,3,162,2,3,8,5,13
763,774,0,774,0,27,"QLD","Regional","6:00 PM - 12:00 AM",1,1,0,3,114,1,3,10,10,20
1053,1411,1258,153,1,45,"VIC","Regional","6:00 AM - 12:00 PM",1,1,1,1,150,1,3,5,1,6
1971,3150,1676,1474,1,48,"SA","Urban","6:00 PM - 12:00 AM",0,0,0,3,36,2,3,2,2,4
176,243,0,243,0,31,"VIC","Regional","12:00 AM - 6:00 AM",1,1,0,3,78,1,3,10,10,20
662,3218,1741,1477,0,52,"NSW","Urban","6:00 PM - 12:00 AM",1,1,0,3,120,3,3,5,4,9
299,2361,1362,999,1,40,"ACT","Regional","12:00 AM - 6:00 AM",1,0,0,2,72,2,4,4,4,8
565,3978,1977,2001,1,46,"NSW","Regional","6:00 PM - 12:00 AM",1,0,1,3,114,2,5,10,10,20
36,754,0,754,0,31,"NT","Remote","12:00 PM - 6:00 PM",1,1,0,2,102,1,1,10,9,19
1788,3757,2137,1620,1,50,"NT","Remote","6:00 PM - 12:00 AM",1,0,1,3,54,4,3,8,10,18
1957,1142,0,1142,0,43,"QLD","Remote","12:00 PM - 6:00 PM",0,1,0,3,114,2,3,4,8,12
957,4168,2354,1814,1,53,"QLD","Urban","12:00 PM - 6:00 PM",0,0,0,3,150,2,2,10,9,19
1794,3481,1837,1644,1,56,"TAS","Regional","6:00 PM - 12:00 AM",1,0,0,3,108,1,3,8,9,17
1983,195,0,195,1,24,"NSW","Urban","6:00 PM - 12:00 AM",1,1,1,3,66,1,4,6,6,12
1327,894,0,894,1,36,"NSW","Regional","6:00 AM - 12:00 PM",1,1,0,3,96,1,4,10,6,16
1656,802,0,802,1,27,"VIC","Urban","6:00 PM - 12:00 AM",1,1,1,2,78,2,2,9,7,16
1001,1388,1185,203,1,44,"VIC","Regional","12:00 PM - 6:00 PM",1,1,1,3,150,1,3,9,8,17
1342,281,0,281,1,24,"TAS","Regional","6:00 AM - 12:00 PM",1,1,0,3,168,1,5,4,2,6
568,3383,1926,1457,0,53,"VIC","Regional","6:00 PM - 12:00 AM",1,0,0,2,30,2,3,4,5,9
1658,511,0,511,0,34,"VIC","Urban","6:00 PM - 12:00 AM",1,1,1,2,78,2,4,5,9,14
1508,2996,1820,1176,1,42,"NSW","Urban","6:00 AM - 12:00 PM",0,0,0,2,108,1,4,10,7,17
425,337,0,337,0,28,"NSW","Urban","6:00 PM - 12:00 AM",1,1,0,2,114,1,3,10,10,20
1950,256,0,256,1,38,"VIC","Regional","6:00 PM - 12:00 AM",1,0,0,2,54,1,4,4,4,8
215,1455,1455,0,1,29,"NSW","Urban","12:00 AM - 6:00 AM",1,1,1,1,120,2,4,10,10,20
1413,4830,2684,2146,1,52,"NSW","Regional","12:00 PM - 6:00 PM",1,0,0,1,78,1,3,10,7,17
10,3292,1786,1506,0,58,"WA","Urban","12:00 AM - 6:00 AM",1,0,0,3,48,3,2,8,4,12
229,1751,1450,301,1,31,"NSW","Remote","12:00 AM - 6:00 AM",1,0,0,2,132,2,4,9,8,17
1829,3231,1992,1239,0,52,"NT","Urban","6:00 PM - 12:00 AM",1,0,0,1,84,4,2,10,10,20
1857,4604,2344,2260,1,46,"NSW","Urban","12:00 PM - 6:00 PM",1,0,0,2,30,1,3,4,5,9
677,1058,0,1058,1,34,"NSW","Regional","6:00 PM - 12:00 AM",1,0,0,2,132,2,1,2,2,4
1902,3620,2080,1540,1,52,"NSW","Regional","12:00 PM - 6:00 PM",1,0,1,3,102,2,3,7,7,14
1405,420,0,420,0,20,"NSW","Urban","6:00 AM - 12:00 PM",0,0,0,2,30,1,3,5,7,12
1362,219,0,219,0,39,"NSW","Urban","6:00 AM - 12:00 PM",0,1,0,3,126,1,4,10,10,20
1766,1722,1468,254,1,41,"NSW","Urban","6:00 PM - 12:00 AM",1,1,1,3,174,2,2,4,0,4
463,1192,0,1192,0,37,"NSW","Urban","6:00 PM - 12:00 AM",0,1,1,2,102,2,4,8,10,18
111,2447,1669,778,0,38,"TAS","Urban","12:00 AM - 6:00 AM",0,1,0,3,108,1,3,10,9,19
996,1471,1327,144,1,44,"VIC","Urban","6:00 AM - 12:00 PM",1,1,1,3,168,2,3,2,1,3
286,1012,0,1012,0,30,"WA","Urban","12:00 AM - 6:00 AM",1,0,0,3,60,1,4,10,9,19
133,219,0,219,0,52,"SA","Regional","12:00 AM - 6:00 AM",0,0,1,3,42,1,1,8,8,16
1468,3626,2010,1616,0,56,"NT","Remote","6:00 AM - 12:00 PM",0,0,0,3,78,4,3,9,4,13
286,1012,0,1012,0,30,"WA","Urban","12:00 AM - 6:00 AM",1,0,0,3,60,1,4,10,9,19
95,438,0,438,1,21,"NSW","Urban","12:00 AM - 6:00 AM",1,0,0,3,168,2,3,3,2,5
1052,2449,1500,949,1,47,"TAS","Regional","6:00 AM - 12:00 PM",0,1,0,3,96,3,3,6,6,12
1755,4229,1953,2276,0,58,"SA","Urban","6:00 PM - 12:00 AM",1,0,0,2,54,1,4,6,10,16
995,350,0,350,1,22,"VIC","Urban","6:00 AM - 12:00 PM",1,1,1,3,30,2,4,6,8,14
210,4214,2285,1929,0,52,"NSW","Regional","12:00 AM - 6:00 AM",0,0,0,3,150,4,3,9,8,17
1960,472,0,472,0,24,"NSW","Urban","6:00 PM - 12:00 AM",1,1,1,3,144,1,1,3,7,10
1894,4322,2512,1810,0,53,"NSW","Urban","6:00 PM - 12:00 AM",1,1,0,2,162,2,3,4,3,7
705,1458,0,1458,0,35,"NSW","Regional","6:00 PM - 12:00 AM",0,1,0,2,24,1,5,0,4,4
1809,1536,1341,195,0,33,"SA","Urban","6:00 PM - 12:00 AM",0,1,0,3,84,1,2,7,10,17
1156,303,0,303,1,24,"NSW","Regional","6:00 AM - 12:00 PM",0,1,1,3,72,2,2,5,5,10
713,4085,2318,1767,0,57,"NSW","Regional","12:00 PM - 6:00 PM",1,0,0,3,54,2,2,1,1,2
1494,4909,2478,2431,0,53,"VIC","Regional","6:00 AM - 12:00 PM",0,0,0,3,66,3,2,5,5,10
584,4348,2378,1970,0,57,"ACT","Urban","6:00 PM - 12:00 AM",0,0,1,3,138,1,3,9,6,15
1231,3191,1833,1358,0,48,"NSW","Urban","6:00 AM - 12:00 PM",1,0,0,3,180,2,4,4,4,8
1242,999,0,999,1,30,"VIC","Urban","6:00 AM - 12:00 PM",0,1,0,3,168,2,3,4,8,12
1162,370,0,370,1,20,"ACT","Regional","6:00 AM - 12:00 PM",1,1,0,2,84,1,2,9,9,18
1519,1741,1574,167,0,27,"QLD","Regional","6:00 AM - 12:00 PM",1,1,0,3,12,2,2,0,0,0
809,2735,1581,1154,1,44,"WA","Urban","6:00 PM - 12:00 AM",0,0,1,3,54,4,4,7,10,17
1185,1688,1552,136,0,43,"NSW","Urban","6:00 AM - 12:00 PM",1,1,0,3,84,1,1,6,2,8
528,593,0,593,1,34,"NT","Urban","6:00 PM - 12:00 AM",0,1,1,3,42,1,2,10,5,15
128,2287,1784,503,0,40,"TAS","Remote","12:00 AM - 6:00 AM",1,0,1,1,36,1,4,4,0,4
69,214,0,214,1,18,"NT","Regional","12:00 PM - 6:00 PM",1,1,0,3,126,1,2,7,7,14
805,4487,2791,1696,0,47,"NT","Remote","6:00 PM - 12:00 AM",0,0,0,3,120,3,4,10,10,20
90,396,0,396,1,23,"SA","Urban","12:00 AM - 6:00 AM",0,0,0,3,132,1,4,8,8,16
1596,679,0,679,0,22,"ACT","Regional","6:00 AM - 12:00 PM",1,0,1,3,150,2,5,10,10,20
1887,1488,0,1488,1,36,"NT","Urban","6:00 PM - 12:00 AM",0,0,0,3,12,1,2,5,4,9
1132,4259,2246,2013,0,55,"NSW","Urban","6:00 AM - 12:00 PM",0,0,1,2,174,2,2,1,0,1
235,1709,1490,219,0,34,"NT","Urban","12:00 AM - 6:00 AM",1,0,0,3,24,2,2,5,5,10
19,3387,2250,1137,0,58,"NSW","Urban","12:00 AM - 6:00 AM",1,0,0,1,60,4,3,4,5,9
196,1257,0,1257,0,30,"TAS","Regional","12:00 AM - 6:00 AM",1,1,1,3,150,1,2,1,5,6
809,2735,1581,1154,1,44,"WA","Urban","6:00 PM - 12:00 AM",0,0,1,3,54,4,4,7,10,17
536,726,0,726,0,33,"QLD","Urban","6:00 PM - 12:00 AM",0,1,0,2,54,1,3,10,8,18
1912,375,0,375,0,24,"NSW","Urban","6:00 PM - 12:00 AM",1,0,0,2,30,1,4,2,3,5
747,194,0,194,1,24,"TAS","Regional","6:00 PM - 12:00 AM",1,0,1,3,36,1,5,9,9,18
888,1373,1137,236,1,21,"WA","Urban","6:00 AM - 12:00 PM",1,1,0,3,48,1,3,3,1,4
1957,1142,0,1142,0,43,"QLD","Remote","12:00 PM - 6:00 PM",0,1,0,3,114,2,3,4,8,12
929,259,0,259,1,38,"VIC","Urban","6:00 AM - 12:00 PM",1,1,1,2,72,1,5,3,6,9
1496,174,0,174,1,56,"NSW","Regional","6:00 AM - 12:00 PM",1,0,1,1,102,1,2,8,8,16
683,4119,2222,1897,0,56,"QLD","Regional","6:00 PM - 12:00 AM",0,0,1,1,156,4,1,8,7,15
684,2284,1956,328,1,38,"VIC","Urban","6:00 PM - 12:00 AM",0,0,0,1,102,2,3,6,5,11
909,1621,1423,198,0,30,"ACT","Urban","6:00 AM - 12:00 PM",1,1,0,1,162,1,2,2,0,2
847,2179,1923,256,1,38,"NSW","Urban","6:00 PM - 12:00 AM",1,1,1,3,36,2,3,10,6,16
397,3313,1210,2103,1,59,"VIC","Urban","6:00 PM - 12:00 AM",0,0,0,1,12,3,3,4,0,4
819,205,0,205,0,50,"NSW","Urban","6:00 PM - 12:00 AM",1,0,0,3,30,1,5,8,8,16
809,2735,1581,1154,1,44,"WA","Urban","6:00 PM - 12:00 AM",0,0,1,3,54,4,4,7,10,17
321,1935,1650,285,0,37,"QLD","Urban","6:00 PM - 12:00 AM",1,1,1,3,72,1,2,4,1,5
393,1518,0,1518,0,41,"SA","Remote","6:00 PM - 12:00 AM",1,1,1,3,168,1,4,8,7,15
1801,3276,1859,1417,0,55,"NSW","Urban","6:00 PM - 12:00 AM",1,0,0,3,156,3,3,6,10,16
1973,327,0,327,0,21,"NSW","Urban","6:00 PM - 12:00 AM",1,1,0,3,180,2,2,0,0,0
322,205,0,205,0,35,"VIC","Urban","6:00 PM - 12:00 AM",1,1,1,1,84,1,4,5,4,9
70,425,0,425,1,23,"VIC","Urban","12:00 AM - 6:00 AM",0,1,1,2,132,1,3,5,9,14
688,3384,1934,1450,1,55,"SA","Regional","6:00 PM - 12:00 AM",0,0,0,1,120,2,2,8,4,12
1966,4179,2195,1984,1,51,"NSW","Urban","6:00 PM - 12:00 AM",0,0,0,3,90,1,3,4,5,9
994,338,0,338,1,24,"VIC","Regional","6:00 AM - 12:00 PM",1,1,0,3,108,1,2,10,10,20
275,1495,1326,169,1,27,"TAS","Urban","12:00 AM - 6:00 AM",1,0,0,1,138,2,3,7,4,11
1426,4215,2303,1912,0,51,"NSW","Urban","6:00 AM - 12:00 PM",1,0,0,2,96,3,4,3,6,9
1748,1540,1337,203,0,27,"NT","Urban","6:00 PM - 12:00 AM",0,1,1,1,84,1,2,5,6,11
683,4119,2222,1897,0,56,"QLD","Regional","6:00 PM - 12:00 AM",0,0,1,1,156,4,1,8,7,15
814,3958,1965,1993,0,43,"ACT","Urban","6:00 PM - 12:00 AM",0,1,0,1,162,2,3,0,3,3
1752,4253,2184,2069,0,52,"NSW","Urban","6:00 PM - 12:00 AM",0,0,1,3,72,1,3,6,8,14
1844,212,0,212,0,41,"QLD","Remote","6:00 PM - 12:00 AM",1,1,0,2,72,1,2,4,1,5
176,243,0,243,0,31,"VIC","Regional","12:00 AM - 6:00 AM",1,1,0,3,78,1,3,10,10,20
755,1768,1482,286,0,33,"NSW","Urban","6:00 PM - 12:00 AM",1,1,1,3,72,1,3,10,10,20
1220,1570,1385,185,1,33,"NSW","Regional","6:00 AM - 12:00 PM",1,1,0,1,120,2,2,10,10,20
1040,1466,1099,367,1,40,"VIC","Urban","6:00 AM - 12:00 PM",1,1,1,3,12,2,5,2,6,8
1929,4346,2401,1945,1,44,"NT","Urban","6:00 PM - 12:00 AM",1,0,0,3,132,4,4,8,7,15
1850,4457,2359,2098,0,49,"NSW","Urban","6:00 PM - 12:00 AM",0,0,0,3,12,1,3,5,4,9
209,153,0,153,1,30,"VIC","Urban","12:00 AM - 6:00 AM",1,1,0,3,150,1,2,6,6,12
1709,482,0,482,1,28,"NSW","Regional","6:00 PM - 12:00 AM",1,1,1,1,174,1,2,0,3,3
1960,472,0,472,0,24,"NSW","Urban","6:00 PM - 12:00 AM",1,1,1,3,144,1,1,3,7,10
1097,363,0,363,0,24,"NSW","Regional","6:00 AM - 12:00 PM",1,1,1,3,132,2,3,5,7,12
106,1872,1637,235,1,30,"NSW","Urban","12:00 AM - 6:00 AM",1,0,0,1,168,1,4,9,8,17
66,906,0,906,1,27,"WA","Urban","12:00 AM - 6:00 AM",1,1,1,3,36,2,2,0,0,0
515,262,0,262,0,22,"NSW","Urban","6:00 PM - 12:00 AM",0,1,0,3,18,1,4,6,6,12
1962,4349,2397,1952,1,42,"NSW","Regional","6:00 PM - 12:00 AM",0,0,0,3,168,1,3,4,0,4
1316,3594,1905,1689,1,50,"TAS","Urban","6:00 AM - 12:00 PM",0,0,1,3,42,3,3,5,9,14
248,1030,0,1030,1,31,"QLD","Regional","12:00 AM - 6:00 AM",1,0,0,3,66,1,2,7,6,13
120,694,0,694,1,22,"VIC","Regional","12:00 AM - 6:00 AM",0,0,0,3,18,1,2,0,2,2
8,3363,1917,1446,1,48,"NSW","Urban","12:00 AM - 6:00 AM",1,0,1,2,42,3,3,5,4,9
388,179,0,179,0,55,"QLD","Urban","6:00 PM - 12:00 AM",1,1,0,3,18,1,3,0,0,0
1046,329,0,329,0,22,"ACT","Urban","12:00 PM - 6:00 PM",1,1,1,3,24,1,2,2,0,2
842,410,0,410,0,22,"VIC","Urban","6:00 PM - 12:00 AM",1,0,1,1,156,2,2,4,3,7
225,237,0,237,1,21,"NSW","Urban","12:00 PM - 6:00 PM",1,1,1,3,144,1,3,4,4,8
1014,2208,1824,384,1,53,"VIC","Urban","6:00 AM - 12:00 PM",0,1,0,3,78,1,2,1,4,5
146,1656,1491,165,1,28,"QLD","Urban","12:00 AM - 6:00 AM",1,1,0,3,90,2,3,10,6,16
707,4626,2568,2058,0,48,"VIC","Urban","6:00 PM - 12:00 AM",1,0,0,3,18,1,3,0,0,0
1448,2934,1635,1299,1,49,"WA","Regional","6:00 AM - 12:00 PM",0,0,0,3,42,1,2,7,6,13
1126,375,0,375,1,24,"TAS","Urban","6:00 AM - 12:00 PM",1,1,0,3,78,1,4,9,7,16
210,4214,2285,1929,0,52,"NSW","Regional","12:00 AM - 6:00 AM",0,0,0,3,150,4,3,9,8,17
1583,408,0,408,1,25,"NSW","Urban","6:00 AM - 12:00 PM",1,1,0,1,168,1,4,8,3,11
1042,909,0,909,0,33,"NT","Urban","6:00 AM - 12:00 PM",1,1,1,2,102,2,3,10,10,20
1678,3788,2127,1661,1,49,"NSW","Regional","6:00 PM - 12:00 AM",0,0,0,3,96,3,3,8,10,18
1529,4371,2411,1960,0,44,"NT","Urban","6:00 AM - 12:00 PM",0,0,0,2,102,3,4,10,9,19
1470,3229,1715,1514,1,53,"NSW","Regional","6:00 AM - 12:00 PM",0,0,0,2,60,4,3,10,7,17
1900,1066,0,1066,0,35,"NT","Urban","6:00 PM - 12:00 AM",1,1,0,3,48,2,3,7,8,15
668,1540,1328,212,0,30,"SA","Urban","12:00 PM - 6:00 PM",1,1,0,3,138,1,2,3,6,9
480,349,0,349,0,26,"VIC","Regional","12:00 PM - 6:00 PM",1,1,1,3,72,2,2,4,3,7
1881,2967,1773,1194,0,50,"SA","Regional","6:00 PM - 12:00 AM",0,0,0,3,138,2,2,10,10,20
1742,4407,2410,1997,0,46,"VIC","Urban","6:00 PM - 12:00 AM",0,0,0,3,174,4,4,5,4,9
750,3100,1948,1152,1,44,"VIC","Remote","6:00 PM - 12:00 AM",0,0,0,2,126,4,4,9,10,19
119,660,0,660,1,24,"TAS","Urban","12:00 AM - 6:00 AM",0,0,1,2,60,1,1,3,5,8
145,4529,2607,1922,0,49,"VIC","Urban","12:00 AM - 6:00 AM",0,0,0,2,48,2,4,9,10,19
703,1157,0,1157,1,30,"SA","Urban","6:00 PM - 12:00 AM",1,1,1,2,126,2,1,4,4,8
1329,382,0,382,1,21,"NSW","Regional","6:00 AM - 12:00 PM",1,1,0,3,54,2,3,6,5,11
1749,1716,1372,344,1,34,"NSW","Urban","6:00 PM - 12:00 AM",1,1,1,1,54,2,4,9,5,14
1887,1488,0,1488,1,36,"NT","Urban","6:00 PM - 12:00 AM",0,0,0,3,12,1,2,5,4,9
730,226,0,226,0,46,"NSW","Regional","6:00 PM - 12:00 AM",1,1,0,2,150,1,3,8,7,15
1633,749,0,749,1,35,"VIC","Urban","6:00 PM - 12:00 AM",1,1,0,3,54,2,3,3,3,6
1672,479,0,479,0,27,"NSW","Urban","6:00 PM - 12:00 AM",1,1,1,3,60,2,3,9,10,19
623,218,0,218,0,24,"NSW","Urban","6:00 PM - 12:00 AM",1,1,0,3,126,1,4,9,7,16
1135,251,0,251,1,24,"NSW","Urban","6:00 AM - 12:00 PM",1,1,1,3,18,1,2,0,0,0
1005,224,0,224,1,35,"VIC","Urban","6:00 AM - 12:00 PM",1,1,0,1,168,1,4,9,4,13
197,446,0,446,0,21,"ACT","Urban","12:00 AM - 6:00 AM",1,1,1,1,126,1,2,5,5,10
819,205,0,205,0,50,"NSW","Urban","6:00 PM - 12:00 AM",1,0,0,3,30,1,5,8,8,16
1337,3747,1704,2043,1,48,"NSW","Urban","6:00 AM - 12:00 PM",0,0,0,3,138,4,2,4,8,12
1252,4312,2383,1929,0,55,"NSW","Urban","6:00 AM - 12:00 PM",0,0,0,1,102,4,5,9,8,17
1789,4071,2249,1822,1,49,"VIC","Urban","6:00 PM - 12:00 AM",1,0,1,3,48,4,4,5,4,9
708,3880,2271,1609,1,58,"NSW","Remote","6:00 PM - 12:00 AM",1,0,0,3,78,1,3,10,9,19
1447,270,0,270,1,22,"ACT","Urban","12:00 PM - 6:00 PM",1,1,1,2,24,2,3,4,1,5
1892,1587,1286,301,0,29,"VIC","Urban","6:00 PM - 12:00 AM",1,0,0,3,48,1,4,8,4,12
752,1409,0,1409,1,35,"VIC","Regional","6:00 PM - 12:00 AM",1,1,1,2,66,1,4,5,9,14
1955,4314,2260,2054,1,43,"NSW","Regional","6:00 PM - 12:00 AM",0,0,0,2,84,3,2,9,10,19
1193,218,0,218,0,37,"ACT","Urban","6:00 AM - 12:00 PM",0,1,0,1,108,1,1,9,7,16
392,1488,1256,232,1,31,"QLD","Regional","6:00 PM - 12:00 AM",1,1,0,2,138,1,5,10,9,19
1866,3541,2038,1503,1,44,"QLD","Urban","6:00 PM - 12:00 AM",0,0,1,3,102,4,2,7,8,15
714,1392,0,1392,0,36,"QLD","Regional","6:00 PM - 12:00 AM",0,0,1,3,24,1,3,1,1,2
1148,307,0,307,0,20,"NSW","Remote","6:00 AM - 12:00 PM",0,1,0,1,180,2,3,0,3,3
1324,3528,2009,1519,0,56,"NT","Urban","12:00 PM - 6:00 PM",1,0,0,3,60,3,4,8,8,16
1946,207,0,207,0,20,"QLD","Urban","12:00 PM - 6:00 PM",1,1,0,3,90,1,2,5,6,11
2,1469,0,1469,1,39,"VIC","Urban","12:00 PM - 6:00 PM",1,1,1,3,24,1,3,6,2,8
1277,3056,1652,1404,1,52,"TAS","Regional","6:00 AM - 12:00 PM",1,0,0,3,120,1,2,7,5,12
117,3071,1802,1269,1,58,"NSW","Urban","12:00 AM - 6:00 AM",0,1,1,3,174,2,3,1,1,2
1808,3850,2067,1783,0,52,"VIC","Remote","6:00 PM - 12:00 AM",0,0,0,2,60,1,2,7,10,17
1041,153,0,153,1,29,"VIC","Regional","6:00 AM - 12:00 PM",1,1,0,3,42,1,2,4,3,7
960,279,0,279,1,23,"VIC","Urban","6:00 AM - 12:00 PM",1,1,0,3,12,1,3,0,0,0
354,1814,1488,326,1,27,"ACT","Urban","6:00 PM - 12:00 AM",1,1,1,3,102,1,3,10,10,20
679,3598,1872,1726,0,60,"WA","Urban","6:00 PM - 12:00 AM",1,0,0,2,42,2,1,1,1,2
1362,219,0,219,0,39,"NSW","Urban","6:00 AM - 12:00 PM",0,1,0,3,126,1,4,10,10,20
1984,2822,1487,1335,1,36,"NSW","Urban","6:00 PM - 12:00 AM",0,1,0,3,138,2,2,10,7,17
368,458,0,458,0,28,"ACT","Urban","6:00 PM - 12:00 AM",1,1,1,2,120,1,3,8,8,16
1514,669,0,669,0,27,"TAS","Remote","6:00 AM - 12:00 PM",1,1,1,3,12,1,2,6,2,8
629,247,0,247,0,49,"ACT","Urban","6:00 PM - 12:00 AM",0,1,0,2,84,1,3,8,8,16
1936,396,0,396,0,22,"NSW","Urban","6:00 PM - 12:00 AM",1,0,0,2,78,2,3,6,2,8
1969,380,0,380,1,23,"QLD","Urban","6:00 PM - 12:00 AM",1,1,1,2,60,1,4,7,7,14
818,1278,0,1278,0,35,"NSW","Urban","6:00 PM - 12:00 AM",1,1,1,3,36,1,2,0,0,0
1517,284,0,284,0,54,"VIC","Urban","6:00 AM - 12:00 PM",1,0,1,3,54,1,3,10,5,15
317,900,0,900,1,25,"VIC","Regional","6:00 PM - 12:00 AM",1,1,0,3,150,1,1,8,5,13
680,4355,2561,1794,0,50,"ACT","Remote","12:00 PM - 6:00 PM",1,0,0,2,96,1,3,8,9,17
729,4214,2619,1595,0,59,"SA","Urban","6:00 PM - 12:00 AM",1,0,1,2,90,3,4,8,10,18
1936,396,0,396,0,22,"NSW","Urban","6:00 PM - 12:00 AM",1,0,0,2,78,2,3,6,2,8
1468,3626,2010,1616,0,56,"NT","Remote","6:00 AM - 12:00 PM",0,0,0,3,78,4,3,9,4,13
1197,242,0,242,1,23,"ACT","Urban","6:00 AM - 12:00 PM",1,1,1,2,60,1,4,6,5,11
1677,4823,2792,2031,0,59,"WA","Urban","6:00 PM - 12:00 AM",0,0,1,2,66,2,2,7,6,13
556,1563,1250,313,1,33,"NSW","Urban","6:00 PM - 12:00 AM",1,1,1,3,120,2,3,10,9,19
41,1987,1773,214,0,43,"WA","Urban","12:00 AM - 6:00 AM",1,1,1,1,174,1,3,0,0,0
1157,3078,1913,1165,1,54,"NSW","Urban","6:00 AM - 12:00 PM",0,0,0,3,48,4,4,6,6,12
1625,1226,0,1226,0,54,"VIC","Regional","6:00 PM - 12:00 AM",0,0,1,1,78,2,2,6,4,10
632,3984,2165,1819,1,52,"WA","Urban","6:00 PM - 12:00 AM",0,0,0,3,54,1,3,10,10,20
1987,2459,1419,1040,1,33,"SA","Urban","6:00 PM - 12:00 AM",1,1,0,3,90,1,2,7,10,17
1068,3857,1989,1868,1,53,"VIC","Remote","12:00 PM - 6:00 PM",0,0,1,1,42,4,4,3,5,8
553,856,0,856,0,27,"ACT","Regional","6:00 PM - 12:00 AM",1,1,0,1,72,1,3,5,6,11
1270,4187,2300,1887,1,51,"NSW","Regional","6:00 AM - 12:00 PM",1,0,1,1,138,2,3,9,4,13
1755,4229,1953,2276,0,58,"SA","Urban","6:00 PM - 12:00 AM",1,0,0,2,54,1,4,6,10,16
1885,4236,2084,2152,0,46,"VIC","Urban","6:00 PM - 12:00 AM",1,0,0,3,162,2,4,2,0,2
978,1610,1331,279,1,39,"SA","Remote","6:00 AM - 12:00 PM",1,1,0,3,114,1,1,6,6,12
1882,1110,0,1110,0,31,"NSW","Urban","6:00 PM - 12:00 AM",0,0,1,3,42,2,3,4,4,8
1217,751,0,751,0,37,"QLD","Urban","6:00 AM - 12:00 PM",1,1,1,1,126,1,4,5,5,10
181,3958,2064,1894,1,57,"ACT","Regional","12:00 AM - 6:00 AM",0,0,1,3,36,1,1,2,3,5
1952,1044,0,1044,1,38,"NSW","Urban","6:00 PM - 12:00 AM",1,0,0,3,90,2,4,8,10,18
244,1562,1383,179,0,28,"NSW","Urban","12:00 AM - 6:00 AM",1,0,0,3,54,2,2,2,2,4
1434,4346,1914,2432,0,55,"TAS","Urban","6:00 AM - 12:00 PM",0,1,0,3,30,4,2,6,3,9
1589,3323,1873,1450,1,44,"NSW","Remote","6:00 AM - 12:00 PM",0,1,1,2,24,3,2,0,4,4
845,1623,1208,415,1,37,"VIC","Urban","6:00 PM - 12:00 AM",1,0,0,3,48,1,5,8,8,16
331,284,0,284,1,24,"QLD","Urban","6:00 PM - 12:00 AM",1,1,0,1,156,2,2,5,4,9
38,209,0,209,1,48,"TAS","Urban","12:00 AM - 6:00 AM",0,1,0,1,150,1,3,8,8,16
582,1819,1598,221,0,40,"WA","Urban","6:00 PM - 12:00 AM",1,1,0,1,36,1,2,0,2,2
1538,4222,2311,1911,1,47,"NSW","Regional","6:00 AM - 12:00 PM",0,0,1,2,54,2,3,5,5,10
718,1929,1685,244,0,31,"WA","Regional","6:00 PM - 12:00 AM",0,1,1,2,90,1,3,7,7,14
254,3023,1714,1309,0,41,"NSW","Urban","12:00 AM - 6:00 AM",0,0,0,3,66,1,5,8,7,15
416,1302,0,1302,1,40,"ACT","Urban","6:00 PM - 12:00 AM",0,1,1,3,42,1,4,10,6,16
458,4534,2616,1918,1,54,"NSW","Urban","12:00 PM - 6:00 PM",0,0,0,3,132,2,2,4,6,10
230,444,0,444,1,28,"VIC","Urban","12:00 AM - 6:00 AM",1,0,1,3,120,1,3,1,5,6
479,178,0,178,1,44,"NSW","Urban","6:00 PM - 12:00 AM",1,1,1,2,162,1,2,3,2,5
1633,749,0,749,1,35,"VIC","Urban","6:00 PM - 12:00 AM",1,1,0,3,54,2,3,3,3,6
424,612,0,612,0,38,"SA","Urban","12:00 PM - 6:00 PM",1,1,1,3,162,1,4,3,3,6
477,266,0,266,1,24,"NSW","Regional","6:00 PM - 12:00 AM",0,1,1,1,126,1,3,10,10,20
179,150,0,150,1,21,"WA","Urban","12:00 AM - 6:00 AM",1,1,0,2,102,1,3,10,10,20
1251,487,0,487,0,36,"QLD","Urban","6:00 AM - 12:00 PM",0,1,1,3,60,2,4,2,6,8
222,284,0,284,0,24,"NSW","Urban","12:00 AM - 6:00 AM",1,0,1,1,90,1,3,10,10,20
37,3373,1260,2113,1,57,"VIC","Urban","12:00 AM - 6:00 AM",1,0,1,2,126,3,4,9,10,19
529,691,0,691,1,39,"VIC","Regional","6:00 PM - 12:00 AM",0,1,0,3,36,1,4,1,2,3
1396,765,0,765,1,27,"TAS","Urban","6:00 AM - 12:00 PM",0,1,0,3,156,1,3,3,3,6
1531,3732,2175,1557,0,42,"TAS","Regional","6:00 AM - 12:00 PM",0,0,0,3,24,4,1,5,4,9
756,2110,1884,226,0,36,"TAS","Urban","6:00 PM - 12:00 AM",1,1,1,3,180,2,2,2,1,3
335,2160,1944,216,1,48,"NT","Urban","12:00 PM - 6:00 PM",0,0,0,3,138,2,4,8,10,18
1683,1242,0,1242,0,36,"NSW","Urban","6:00 PM - 12:00 AM",1,1,1,3,96,1,2,4,6,10
498,4850,2447,2403,0,48,"VIC","Urban","6:00 PM - 12:00 AM",1,0,0,3,126,3,3,2,6,8
1179,359,0,359,1,26,"NSW","Urban","6:00 AM - 12:00 PM",1,1,1,1,144,1,1,4,3,7
1125,401,0,401,1,29,"VIC","Remote","12:00 PM - 6:00 PM",1,1,1,3,54,2,2,10,9,19
468,330,0,330,1,23,"QLD","Urban","6:00 PM - 12:00 AM",0,1,1,3,156,1,3,6,6,12
1824,3735,2055,1680,1,52,"QLD","Urban","12:00 PM - 6:00 PM",1,0,1,3,126,4,3,8,10,18
1511,4308,2268,2040,0,53,"NSW","Urban","6:00 AM - 12:00 PM",0,0,0,3,18,1,2,6,5,11
256,1968,1692,276,1,39,"NSW","Urban","12:00 AM - 6:00 AM",1,1,1,3,42,1,4,9,7,16
1073,310,0,310,0,20,"SA","Remote","6:00 AM - 12:00 PM",1,1,0,3,84,1,5,7,4,11
1713,481,0,481,1,37,"SA","Urban","12:00 PM - 6:00 PM",1,1,1,3,54,1,2,6,3,9
1431,2492,1519,973,1,35,"VIC","Urban","6:00 AM - 12:00 PM",1,0,0,3,168,2,3,2,5,7
338,1408,1059,349,1,24,"VIC","Regional","6:00 PM - 12:00 AM",1,1,1,2,120,2,4,10,10,20
153,3414,1763,1651,0,49,"NSW","Urban","12:00 AM - 6:00 AM",0,0,0,3,120,1,1,10,10,20
1301,3579,1751,1828,1,58,"NSW","Urban","6:00 AM - 12:00 PM",0,0,0,3,138,2,3,6,3,9
961,1516,1206,310,1,42,"VIC","Regional","6:00 AM - 12:00 PM",1,1,0,3,138,2,2,9,8,17
917,1317,0,1317,1,47,"VIC","Urban","6:00 AM - 12:00 PM",0,0,1,3,174,2,4,7,4,11
635,400,0,400,1,28,"NSW","Regional","12:00 PM - 6:00 PM",0,1,0,3,162,2,3,0,0,0
842,410,0,410,0,22,"VIC","Urban","6:00 PM - 12:00 AM",1,0,1,1,156,2,2,4,3,7
1067,1295,0,1295,1,54,"VIC","Urban","6:00 AM - 12:00 PM",1,1,1,3,174,1,2,1,0,1
1747,4358,2345,2013,0,60,"QLD","Urban","6:00 PM - 12:00 AM",1,0,1,3,78,4,3,10,10,20
1342,281,0,281,1,24,"TAS","Regional","6:00 AM - 12:00 PM",1,1,0,3,168,1,5,4,2,6
1823,4196,2353,1843,0,59,"VIC","Urban","6:00 PM - 12:00 AM",0,0,1,3,96,2,3,10,10,20
836,150,0,150,0,20,"NSW","Urban","6:00 PM - 12:00 AM",1,0,0,1,24,1,2,7,4,11
1409,386,0,386,0,20,"NSW","Urban","6:00 AM - 12:00 PM",0,1,0,3,144,2,4,10,10,20
347,2026,1806,220,0,41,"NSW","Urban","12:00 PM - 6:00 PM",1,1,1,2,132,1,4,9,10,19
1825,4672,2246,2426,0,58,"QLD","Urban","6:00 PM - 12:00 AM",0,0,0,3,174,1,3,4,6,10
887,2209,1785,424,0,36,"VIC","Urban","6:00 AM - 12:00 PM",0,0,0,1,66,2,4,7,7,14
329,195,0,195,0,20,"VIC","Urban","6:00 PM - 12:00 AM",1,1,1,2,174,1,3,0,1,1
1297,294,0,294,1,23,"NSW","Urban","6:00 AM - 12:00 PM",0,1,0,1,12,1,1,0,0,0
1958,3695,1802,1893,1,42,"VIC","Urban","6:00 PM - 12:00 AM",0,1,0,3,54,3,2,2,5,7
1853,2927,1543,1384,1,40,"NSW","Regional","6:00 PM - 12:00 AM",1,1,1,3,126,3,5,8,8,16
724,355,0,355,1,29,"NSW","Regional","12:00 PM - 6:00 PM",0,1,0,3,120,2,3,7,7,14
972,2309,1490,819,0,49,"VIC","Regional","6:00 AM - 12:00 PM",0,0,0,3,18,1,2,6,4,10
1004,2243,1265,978,0,52,"VIC","Urban","6:00 AM - 12:00 PM",1,1,0,2,144,2,4,10,9,19
1304,475,0,475,0,30,"NSW","Regional","6:00 AM - 12:00 PM",0,1,0,2,48,2,3,4,3,7
274,545,0,545,0,21,"NSW","Remote","12:00 AM - 6:00 AM",1,1,1,2,36,2,3,3,7,10
1083,1430,1260,170,0,27,"NT","Regional","6:00 AM - 12:00 PM",1,1,1,3,72,1,2,7,5,12
345,2653,1259,1394,0,37,"QLD","Urban","6:00 PM - 12:00 AM",1,1,0,3,120,3,5,6,5,11
1190,452,0,452,0,26,"NSW","Urban","6:00 AM - 12:00 PM",0,1,1,3,102,1,3,6,9,15
276,1917,1486,431,1,39,"SA","Urban","12:00 AM - 6:00 AM",1,0,0,2,108,2,4,10,7,17
217,1439,1125,314,1,24,"NSW","Regional","12:00 AM - 6:00 AM",1,1,0,3,150,2,4,8,10,18
1375,326,0,326,1,25,"NT","Regional","6:00 AM - 12:00 PM",0,1,0,3,72,1,4,4,4,8
386,848,0,848,0,44,"WA","Urban","6:00 PM - 12:00 AM",1,1,0,3,156,1,2,4,5,9
1619,174,0,174,1,37,"VIC","Urban","6:00 PM - 12:00 AM",1,1,1,3,30,1,2,1,0,1
1486,4426,2185,2241,1,43,"SA","Urban","6:00 AM - 12:00 PM",0,0,0,3,30,4,2,6,1,7
1508,2996,1820,1176,1,42,"NSW","Urban","6:00 AM - 12:00 PM",0,0,0,2,108,1,4,10,7,17
1752,4253,2184,2069,0,52,"NSW","Urban","6:00 PM - 12:00 AM",0,0,1,3,72,1,3,6,8,14
454,4403,2335,2068,0,49,"NSW","Regional","6:00 PM - 12:00 AM",1,0,1,3,102,1,3,8,8,16
630,1257,0,1257,1,42,"NSW","Urban","6:00 PM - 12:00 AM",0,1,0,3,90,1,3,2,5,7
588,1082,0,1082,1,35,"WA","Urban","6:00 PM - 12:00 AM",1,1,1,3,174,2,2,0,0,0
1521,1578,1431,147,0,28,"VIC","Urban","6:00 AM - 12:00 PM",1,1,0,3,162,1,2,2,6,8
1793,1654,1447,207,1,33,"NSW","Remote","6:00 PM - 12:00 AM",0,1,1,3,54,2,3,10,10,20
153,3414,1763,1651,0,49,"NSW","Urban","12:00 AM - 6:00 AM",0,0,0,3,120,1,1,10,10,20
1296,691,0,691,0,24,"NSW","Urban","6:00 AM - 12:00 PM",0,1,0,2,72,1,1,7,6,13
153,3414,1763,1651,0,49,"NSW","Urban","12:00 AM - 6:00 AM",0,0,0,3,120,1,1,10,10,20
239,1485,1348,137,1,26,"WA","Urban","12:00 AM - 6:00 AM",1,0,0,2,144,2,3,5,5,10
232,1236,1020,216,1,22,"SA","Remote","12:00 AM - 6:00 AM",1,0,1,2,168,2,4,4,4,8
571,199,0,199,1,20,"NSW","Urban","6:00 PM - 12:00 AM",1,1,0,1,114,1,5,9,10,19
890,390,0,390,1,22,"VIC","Urban","12:00 PM - 6:00 PM",1,1,1,3,126,1,3,8,5,13
29,3636,2163,1473,0,46,"NSW","Regional","12:00 AM - 6:00 AM",0,0,1,3,54,4,2,8,7,15
1607,2743,1843,900,1,49,"NSW","Remote","6:00 AM - 12:00 PM",0,1,1,3,36,4,2,1,5,6
1994,3336,1798,1538,1,40,"NSW","Urban","6:00 PM - 12:00 AM",0,1,1,2,102,3,3,8,4,12
438,4102,2131,1971,1,56,"NSW","Urban","6:00 PM - 12:00 AM",1,0,1,3,90,2,2,10,9,19
1630,3830,1978,1852,1,55,"NT","Urban","6:00 PM - 12:00 AM",0,0,0,3,156,3,3,5,5,10
1713,481,0,481,1,37,"SA","Urban","12:00 PM - 6:00 PM",1,1,1,3,54,1,2,6,3,9
995,350,0,350,1,22,"VIC","Urban","6:00 AM - 12:00 PM",1,1,1,3,30,2,4,6,8,14
1739,365,0,365,1,29,"WA","Regional","6:00 PM - 12:00 AM",0,1,0,3,168,2,3,6,6,12
968,436,0,436,0,27,"VIC","Regional","12:00 PM - 6:00 PM",1,1,1,2,84,2,3,4,3,7
1212,217,0,217,0,56,"NSW","Remote","6:00 AM - 12:00 PM",1,1,0,3,102,1,2,6,6,12
619,2003,1673,330,1,44,"VIC","Regional","6:00 PM - 12:00 AM",1,1,0,3,138,2,3,6,2,8
1197,242,0,242,1,23,"ACT","Urban","6:00 AM - 12:00 PM",1,1,1,2,60,1,4,6,5,11
1604,180,0,180,1,38,"VIC","Regional","6:00 AM - 12:00 PM",1,0,0,3,90,1,5,9,10,19
234,201,0,201,0,35,"NT","Urban","12:00 AM - 6:00 AM",1,0,0,2,90,1,2,4,8,12
1092,3004,1760,1244,1,40,"NSW","Urban","6:00 AM - 12:00 PM",0,1,1,2,168,3,4,4,1,5
788,460,0,460,1,25,"VIC","Urban","6:00 PM - 12:00 AM",1,1,0,3,36,1,4,7,6,13
1610,2131,1667,464,0,33,"NSW","Urban","6:00 AM - 12:00 PM",1,0,1,1,156,2,2,5,5,10
1415,3168,1786,1382,0,42,"VIC","Urban","6:00 AM - 12:00 PM",1,0,1,2,162,1,2,8,6,14
233,2915,1953,962,1,55,"VIC","Urban","12:00 AM - 6:00 AM",0,0,0,3,24,3,2,5,8,13
1493,610,0,610,1,26,"NSW","Urban","6:00 AM - 12:00 PM",1,1,1,1,126,2,2,7,7,14
1293,267,0,267,1,25,"NT","Urban","6:00 AM - 12:00 PM",0,1,0,2,144,1,3,2,2,4
976,1262,0,1262,0,47,"NT","Urban","6:00 AM - 12:00 PM",0,1,1,2,78,2,2,4,4,8
23,3153,1905,1248,1,59,"NSW","Urban","12:00 AM - 6:00 AM",0,0,1,1,174,3,3,3,3,6
884,1847,1441,406,0,27,"VIC","Urban","6:00 AM - 12:00 PM",0,1,0,3,72,1,3,4,3,7
1376,786,0,786,1,35,"WA","Urban","6:00 AM - 12:00 PM",0,1,1,3,72,1,2,6,5,11
925,1007,0,1007,0,42,"VIC","Remote","6:00 AM - 12:00 PM",1,1,0,3,66,2,2,10,5,15
1343,1394,1092,302,1,37,"NT","Urban","6:00 AM - 12:00 PM",1,1,0,2,84,1,4,7,3,10
1002,965,0,965,0,39,"WA","Urban","12:00 PM - 6:00 PM",0,1,0,3,24,1,3,0,1,1
1284,601,0,601,1,35,"NSW","Urban","6:00 AM - 12:00 PM",1,1,1,3,66,1,4,6,10,16
1463,3110,1698,1412,1,59,"SA","Regional","6:00 AM - 12:00 PM",0,0,0,3,138,3,3,10,6,16
570,4367,2174,2193,1,48,"VIC","Urban","6:00 PM - 12:00 AM",0,0,0,3,30,2,3,6,7,13
1369,3552,1808,1744,0,50,"VIC","Urban","12:00 PM - 6:00 PM",0,0,0,1,84,3,2,8,8,16
1173,519,0,519,1,28,"TAS","Urban","6:00 AM - 12:00 PM",1,1,1,3,162,2,2,0,2,2
19,3387,2250,1137,0,58,"NSW","Urban","12:00 AM - 6:00 AM",1,0,0,1,60,4,3,4,5,9
1390,628,0,628,1,39,"NSW","Urban","6:00 AM - 12:00 PM",1,1,1,3,48,2,2,2,3,5
31,1354,0,1354,0,44,"NSW","Regional","12:00 AM - 6:00 AM",0,1,1,3,54,2,2,8,10,18
738,3174,1675,1499,1,60,"SA","Urban","6:00 PM - 12:00 AM",1,0,0,2,84,4,3,10,7,17
1157,3078,1913,1165,1,54,"NSW","Urban","6:00 AM - 12:00 PM",0,0,0,3,48,4,4,6,6,12
64,130,0,130,1,22,"VIC","Urban","12:00 AM - 6:00 AM",0,1,0,3,174,1,2,2,1,3
1793,1654,1447,207,1,33,"NSW","Remote","6:00 PM - 12:00 AM",0,1,1,3,54,2,3,10,10,20
1050,661,0,661,1,41,"VIC","Urban","6:00 AM - 12:00 PM",1,1,0,3,30,1,4,5,4,9
1533,1606,1305,301,0,26,"NSW","Remote","6:00 AM - 12:00 PM",1,1,0,3,48,2,3,5,4,9
1844,212,0,212,0,41,"QLD","Remote","6:00 PM - 12:00 AM",1,1,0,2,72,1,2,4,1,5
1596,679,0,679,0,22,"ACT","Regional","6:00 AM - 12:00 PM",1,0,1,3,150,2,5,10,10,20
1328,405,0,405,1,24,"NSW","Urban","6:00 AM - 12:00 PM",0,1,0,3,18,2,3,2,2,4
1058,1655,0,1655,1,59,"VIC","Urban","6:00 AM - 12:00 PM",0,1,1,3,144,2,3,6,5,11
1082,3690,1952,1738,0,52,"NSW","Regional","6:00 AM - 12:00 PM",0,0,1,3,132,2,2,5,5,10
1725,1134,0,1134,0,41,"VIC","Urban","6:00 PM - 12:00 AM",0,1,1,3,66,1,3,3,3,6
1343,1394,1092,302,1,37,"NT","Urban","6:00 AM - 12:00 PM",1,1,0,2,84,1,4,7,3,10
1548,4025,1950,2075,1,49,"NSW","Urban","6:00 AM - 12:00 PM",0,0,0,3,72,2,2,10,10,20
1694,915,0,915,1,36,"NSW","Urban","6:00 PM - 12:00 AM",1,1,0,2,84,2,3,8,10,18
1294,3328,2004,1324,1,49,"TAS","Urban","6:00 AM - 12:00 PM",0,0,0,3,114,1,4,8,8,16
1443,3538,1991,1547,1,57,"VIC","Urban","6:00 AM - 12:00 PM",1,0,0,3,60,4,4,4,2,6
1902,3620,2080,1540,1,52,"NSW","Regional","12:00 PM - 6:00 PM",1,0,1,3,102,2,3,7,7,14
462,699,0,699,0,30,"ACT","Urban","6:00 PM - 12:00 AM",1,1,0,3,24,1,3,3,3,6
1206,1454,1269,185,1,35,"NT","Urban","6:00 AM - 12:00 PM",1,1,1,3,156,2,4,10,10,20
1747,4358,2345,2013,0,60,"QLD","Urban","6:00 PM - 12:00 AM",1,0,1,3,78,4,3,10,10,20
1909,1049,0,1049,0,37,"NSW","Regional","6:00 PM - 12:00 AM",1,0,0,1,24,1,3,7,5,12
1421,4233,2521,1712,0,41,"NT","Urban","6:00 AM - 12:00 PM",1,0,1,3,36,1,3,4,3,7
1572,257,0,257,1,53,"SA","Urban","6:00 AM - 12:00 PM",1,0,0,1,150,1,3,4,4,8
1810,1423,0,1423,0,41,"ACT","Urban","6:00 PM - 12:00 AM",0,1,1,3,30,2,4,6,10,16
611,252,0,252,0,21,"ACT","Urban","6:00 PM - 12:00 AM",0,1,1,3,84,1,4,9,8,17
390,4291,2165,2126,0,55,"TAS","Regional","6:00 PM - 12:00 AM",0,0,1,2,168,3,2,8,5,13
153,3414,1763,1651,0,49,"NSW","Urban","12:00 AM - 6:00 AM",0,0,0,3,120,1,1,10,10,20
1757,271,0,271,1,23,"SA","Regional","12:00 PM - 6:00 PM",0,1,1,3,132,1,3,10,9,19
377,3167,1792,1375,0,58,"VIC","Urban","6:00 PM - 12:00 AM",0,1,0,1,132,3,3,4,4,8
659,3274,1692,1582,1,47,"VIC","Remote","6:00 PM - 12:00 AM",0,1,0,3,174,4,3,5,4,9
53,466,0,466,1,29,"WA","Urban","12:00 AM - 6:00 AM",1,1,1,3,138,1,3,10,9,19
607,248,0,248,1,60,"NT","Urban","6:00 PM - 12:00 AM",0,1,0,3,150,1,3,5,7,12
1859,4495,2611,1884,0,48,"SA","Urban","6:00 PM - 12:00 AM",0,0,1,2,120,1,3,9,8,17
1616,150,0,150,0,42,"WA","Regional","6:00 PM - 12:00 AM",1,1,0,3,12,1,4,1,4,5
1292,4068,2311,1757,0,46,"NSW","Urban","6:00 AM - 12:00 PM",0,0,0,3,54,2,3,4,3,7
1981,4142,1920,2222,1,56,"QLD","Urban","6:00 PM - 12:00 AM",0,0,1,1,24,3,1,8,4,12
1796,4034,2045,1989,1,60,"VIC","Remote","6:00 PM - 12:00 AM",0,0,0,2,36,3,3,5,1,6
828,1619,1302,317,0,38,"NSW","Remote","6:00 PM - 12:00 AM",1,1,0,3,72,1,3,4,4,8
1358,313,0,313,0,22,"ACT","Regional","12:00 PM - 6:00 PM",1,1,0,3,114,2,3,7,6,13
299,2361,1362,999,1,40,"ACT","Regional","12:00 AM - 6:00 AM",1,0,0,2,72,2,4,4,4,8
713,4085,2318,1767,0,57,"NSW","Regional","12:00 PM - 6:00 PM",1,0,0,3,54,2,2,1,1,2
803,178,0,178,1,40,"VIC","Regional","6:00 PM - 12:00 AM",1,1,0,3,138,1,3,5,5,10
1483,358,0,358,1,22,"NSW","Urban","6:00 AM - 12:00 PM",1,0,0,3,66,2,4,4,4,8
118,178,0,178,0,21,"VIC","Urban","12:00 AM - 6:00 AM",0,0,0,3,36,1,3,8,8,16
807,421,0,421,0,24,"NSW","Regional","6:00 PM - 12:00 AM",1,1,1,2,156,2,1,10,6,16
683,4119,2222,1897,0,56,"QLD","Regional","6:00 PM - 12:00 AM",0,0,1,1,156,4,1,8,7,15
296,3996,2074,1922,0,42,"ACT","Regional","12:00 AM - 6:00 AM",0,1,1,3,54,3,2,3,4,7
1446,198,0,198,0,21,"VIC","Regional","12:00 PM - 6:00 PM",1,1,1,3,168,1,3,3,6,9
1175,3715,1779,1936,0,55,"VIC","Urban","6:00 AM - 12:00 PM",1,0,1,3,30,1,4,5,4,9
1928,3472,2062,1410,0,46,"NSW","Urban","6:00 PM - 12:00 AM",0,0,1,3,84,4,2,5,4,9
1897,218,0,218,0,55,"SA","Urban","6:00 PM - 12:00 AM",0,0,0,1,120,1,3,10,10,20
169,501,0,501,1,34,"NSW","Urban","12:00 PM - 6:00 PM",1,1,0,3,120,1,3,9,8,17
1380,3361,1875,1486,1,52,"VIC","Urban","12:00 PM - 6:00 PM",0,0,1,1,156,3,2,8,7,15
355,3412,1973,1439,1,60,"VIC","Regional","6:00 PM - 12:00 AM",0,0,1,1,102,4,2,7,4,11
309,647,0,647,1,45,"VIC","Urban","6:00 PM - 12:00 AM",1,1,1,3,138,1,4,6,5,11
1666,281,0,281,0,23,"NSW","Regional","6:00 PM - 12:00 AM",1,1,1,3,36,1,2,8,8,16
1779,343,0,343,0,34,"VIC","Urban","12:00 PM - 6:00 PM",1,1,1,3,174,2,4,6,6,12
1806,222,0,222,1,23,"NSW","Urban","6:00 PM - 12:00 AM",0,1,0,3,66,1,3,7,4,11
543,424,0,424,1,27,"NSW","Urban","6:00 PM - 12:00 AM",1,1,0,2,138,1,2,9,8,17
1154,267,0,267,0,23,"TAS","Regional","6:00 AM - 12:00 PM",1,1,0,2,90,1,4,10,10,20
1934,3513,2005,1508,0,44,"VIC","Regional","6:00 PM - 12:00 AM",0,0,0,3,150,3,3,7,7,14
1069,2095,1792,303,0,52,"NSW","Remote","6:00 AM - 12:00 PM",0,0,0,3,108,1,1,10,9,19
627,732,0,732,0,34,"NSW","Urban","6:00 PM - 12:00 AM",1,1,0,2,162,2,3,6,6,12
1525,3042,1690,1352,0,46,"NSW","Regional","6:00 AM - 12:00 PM",0,0,0,1,114,4,2,8,10,18
1672,479,0,479,0,27,"NSW","Urban","6:00 PM - 12:00 AM",1,1,1,3,60,2,3,9,10,19
1065,1836,1600,236,1,50,"VIC","Urban","6:00 AM - 12:00 PM",0,0,0,1,126,1,2,7,9,16
1607,2743,1843,900,1,49,"NSW","Remote","6:00 AM - 12:00 PM",0,1,1,3,36,4,2,1,5,6
1297,294,0,294,1,23,"NSW","Urban","6:00 AM - 12:00 PM",0,1,0,1,12,1,1,0,0,0
275,1495,1326,169,1,27,"TAS","Urban","12:00 AM - 6:00 AM",1,0,0,1,138,2,3,7,4,11
750,3100,1948,1152,1,44,"VIC","Remote","6:00 PM - 12:00 AM",0,0,0,2,126,4,4,9,10,19
692,465,0,465,0,20,"WA","Remote","6:00 PM - 12:00 AM",1,0,1,1,36,1,3,5,5,10
372,380,0,380,1,26,"NSW","Remote","6:00 PM - 12:00 AM",1,1,1,3,42,1,3,8,8,16
301,1698,1441,257,0,31,"QLD","Urban","12:00 AM - 6:00 AM",1,1,1,3,138,2,4,7,6,13
133,219,0,219,0,52,"SA","Regional","12:00 AM - 6:00 AM",0,0,1,3,42,1,1,8,8,16
885,1295,0,1295,1,57,"QLD","Urban","6:00 AM - 12:00 PM",0,0,0,3,90,1,2,8,9,17
411,796,0,796,1,26,"NSW","Regional","6:00 PM - 12:00 AM",1,1,1,1,150,1,4,6,5,11
1036,188,0,188,1,54,"WA","Urban","6:00 AM - 12:00 PM",1,1,0,3,156,1,3,3,7,10
1207,837,0,837,0,31,"NT","Urban","6:00 AM - 12:00 PM",0,1,0,3,60,1,3,3,7,10
523,328,0,328,0,29,"NSW","Urban","6:00 PM - 12:00 AM",1,1,0,3,162,2,2,3,6,9
1503,3335,1732,1603,0,45,"WA","Urban","6:00 AM - 12:00 PM",0,0,0,2,12,1,2,0,0,0
1820,1197,0,1197,1,43,"NSW","Urban","6:00 PM - 12:00 AM",0,1,0,3,96,1,3,6,8,14
1196,206,0,206,0,60,"NSW","Urban","6:00 AM - 12:00 PM",1,1,1,2,96,1,3,5,5,10
1675,854,0,854,1,39,"NSW","Urban","6:00 PM - 12:00 AM",1,1,1,1,168,2,3,2,5,7
1995,2916,1731,1185,1,59,"NSW","Remote","6:00 PM - 12:00 AM",0,0,0,1,96,1,3,10,10,20
1893,2005,1558,447,0,38,"NSW","Regional","6:00 PM - 12:00 AM",0,0,0,1,102,1,3,10,10,20
1898,192,0,192,0,47,"NT","Urban","6:00 PM - 12:00 AM",0,0,0,1,78,1,3,10,10,20
435,1552,1244,308,1,39,"NSW","Urban","12:00 PM - 6:00 PM",1,1,1,2,138,2,3,7,7,14
298,194,0,194,1,34,"NSW","Urban","12:00 AM - 6:00 AM",1,0,0,2,66,1,3,5,4,9
1825,4672,2246,2426,0,58,"QLD","Urban","6:00 PM - 12:00 AM",0,0,0,3,174,1,3,4,6,10
1518,292,0,292,1,46,"WA","Urban","6:00 AM - 12:00 PM",1,0,0,2,96,1,2,6,6,12
60,237,0,237,1,54,"VIC","Urban","12:00 AM - 6:00 AM",1,1,1,1,156,1,3,3,2,5
10,3292,1786,1506,0,58,"WA","Urban","12:00 AM - 6:00 AM",1,0,0,3,48,3,2,8,4,12
1916,3536,1833,1703,1,54,"NT","Urban","6:00 PM - 12:00 AM",0,1,0,3,24,1,2,4,8,12
206,4426,2547,1879,1,43,"QLD","Urban","12:00 AM - 6:00 AM",0,0,1,3,78,4,4,9,9,18
1252,4312,2383,1929,0,55,"NSW","Urban","6:00 AM - 12:00 PM",0,0,0,1,102,4,5,9,8,17
773,2068,1748,320,1,35,"NT","Urban","6:00 PM - 12:00 AM",1,1,1,3,150,1,3,10,6,16
548,285,0,285,1,24,"ACT","Urban","6:00 PM - 12:00 AM",1,1,0,2,30,2,3,0,0,0
1333,249,0,249,1,22,"NSW","Urban","6:00 AM - 12:00 PM",1,1,0,2,48,2,1,2,1,3
929,259,0,259,1,38,"VIC","Urban","6:00 AM - 12:00 PM",1,1,1,2,72,1,5,3,6,9
636,1276,0,1276,0,43,"TAS","Urban","6:00 PM - 12:00 AM",1,1,1,2,48,2,4,7,8,15
13,407,0,407,0,21,"SA","Urban","12:00 AM - 6:00 AM",1,1,0,2,120,1,4,8,7,15
882,383,0,383,0,24,"QLD","Urban","6:00 AM - 12:00 PM",1,1,0,3,144,1,4,3,5,8
1943,991,0,991,1,35,"NSW","Urban","6:00 PM - 12:00 AM",0,0,0,3,48,2,3,9,9,18
1429,2087,1621,466,0,38,"NSW","Regional","6:00 AM - 12:00 PM",0,0,0,1,18,1,4,8,7,15
1526,4519,2492,2027,1,53,"WA","Regional","6:00 AM - 12:00 PM",0,0,0,3,30,4,3,5,0,5
372,380,0,380,1,26,"NSW","Remote","6:00 PM - 12:00 AM",1,1,1,3,42,1,3,8,8,16
257,2223,1807,416,1,39,"NT","Urban","12:00 AM - 6:00 AM",1,0,0,3,108,1,3,8,8,16
1402,533,0,533,1,39,"NSW","Urban","12:00 PM - 6:00 PM",0,1,0,3,66,1,5,7,10,17
948,290,0,290,0,25,"VIC","Regional","6:00 AM - 12:00 PM",1,1,1,3,84,1,5,10,10,20
519,3346,1905,1441,0,53,"QLD","Urban","6:00 PM - 12:00 AM",0,0,1,3,132,2,5,9,5,14
393,1518,0,1518,0,41,"SA","Remote","6:00 PM - 12:00 AM",1,1,1,3,168,1,4,8,7,15
1418,4224,1990,2234,0,49,"SA","Urban","6:00 AM - 12:00 PM",0,0,0,3,180,3,4,6,6,12
494,3251,1831,1420,0,49,"NSW","Regional","6:00 PM - 12:00 AM",0,0,0,2,138,4,2,10,10,20
1093,3602,1983,1619,1,56,"NSW","Urban","6:00 AM - 12:00 PM",0,0,0,3,12,4,3,0,0,0
1069,2095,1792,303,0,52,"NSW","Remote","6:00 AM - 12:00 PM",0,0,0,3,108,1,1,10,9,19
234,201,0,201,0,35,"NT","Urban","12:00 AM - 6:00 AM",1,0,0,2,90,1,2,4,8,12
1309,4065,2303,1762,1,52,"NSW","Urban","6:00 AM - 12:00 PM",0,0,1,1,150,3,4,6,3,9
137,198,0,198,1,59,"NSW","Urban","12:00 AM - 6:00 AM",0,1,0,3,42,1,3,10,5,15
163,1712,1325,387,0,26,"TAS","Regional","12:00 AM - 6:00 AM",1,1,0,2,132,2,4,8,5,13
489,4007,2348,1659,0,53,"QLD","Regional","6:00 PM - 12:00 AM",1,0,0,3,84,4,4,9,10,19
8,3363,1917,1446,1,48,"NSW","Urban","12:00 AM - 6:00 AM",1,0,1,2,42,3,3,5,4,9
846,1269,0,1269,0,36,"VIC","Urban","12:00 PM - 6:00 PM",1,1,1,3,156,1,2,2,3,5
559,216,0,216,1,20,"NSW","Urban","6:00 PM - 12:00 AM",0,1,0,3,162,1,2,8,8,16
1983,195,0,195,1,24,"NSW","Urban","6:00 PM - 12:00 AM",1,1,1,3,66,1,4,6,6,12
964,431,0,431,1,39,"WA","Remote","6:00 AM - 12:00 PM",1,1,0,3,84,2,4,10,7,17
787,4517,2383,2134,1,43,"NSW","Urban","6:00 PM - 12:00 AM",0,0,0,2,150,3,2,4,3,7
578,413,0,413,1,29,"NSW","Urban","6:00 PM - 12:00 AM",1,1,1,2,156,1,2,9,4,13
1565,4008,2323,1685,1,45,"NSW","Urban","6:00 AM - 12:00 PM",0,1,0,2,96,4,2,10,10,20
292,498,0,498,1,24,"NT","Urban","12:00 AM - 6:00 AM",1,0,0,3,36,1,4,4,6,10
499,319,0,319,0,24,"VIC","Urban","6:00 PM - 12:00 AM",0,1,1,3,36,1,3,6,9,15
569,3527,2169,1358,1,50,"NSW","Regional","12:00 PM - 6:00 PM",0,0,1,2,126,1,4,10,10,20
72,383,0,383,1,24,"QLD","Urban","12:00 AM - 6:00 AM",1,1,0,3,60,1,3,0,4,4
229,1751,1450,301,1,31,"NSW","Remote","12:00 AM - 6:00 AM",1,0,0,2,132,2,4,9,8,17
1231,3191,1833,1358,0,48,"NSW","Urban","6:00 AM - 12:00 PM",1,0,0,3,180,2,4,4,4,8
1369,3552,1808,1744,0,50,"VIC","Urban","12:00 PM - 6:00 PM",0,0,0,1,84,3,2,8,8,16
1225,641,0,641,0,37,"WA","Urban","12:00 PM - 6:00 PM",1,1,1,1,108,1,4,4,7,11
1888,4166,2218,1948,0,54,"QLD","Regional","6:00 PM - 12:00 AM",1,0,0,3,42,3,3,1,5,6
421,282,0,282,0,20,"NSW","Remote","6:00 PM - 12:00 AM",1,1,1,3,168,1,4,2,3,5
98,448,0,448,1,21,"NSW","Urban","12:00 AM - 6:00 AM",0,0,0,3,132,1,3,10,10,20
791,507,0,507,0,33,"VIC","Urban","12:00 PM - 6:00 PM",0,1,0,2,36,1,4,4,3,7
1126,375,0,375,1,24,"TAS","Urban","6:00 AM - 12:00 PM",1,1,0,3,78,1,4,9,7,16
1413,4830,2684,2146,1,52,"NSW","Regional","12:00 PM - 6:00 PM",1,0,0,1,78,1,3,10,7,17
447,4481,1939,2542,0,55,"VIC","Regional","12:00 PM - 6:00 PM",0,0,0,3,108,3,3,8,10,18
305,3536,1852,1684,0,59,"WA","Urban","6:00 PM - 12:00 AM",0,0,0,3,48,3,1,5,3,8
589,371,0,371,1,24,"QLD","Remote","6:00 PM - 12:00 AM",1,1,1,3,156,1,2,1,1,2
608,343,0,343,0,24,"VIC","Urban","6:00 PM - 12:00 AM",1,1,0,1,144,2,1,8,8,16
747,194,0,194,1,24,"TAS","Regional","6:00 PM - 12:00 AM",1,0,1,3,36,1,5,9,9,18
1219,271,0,271,1,21,"NSW","Urban","6:00 AM - 12:00 PM",0,1,0,3,78,2,2,10,10,20
692,465,0,465,0,20,"WA","Remote","6:00 PM - 12:00 AM",1,0,1,1,36,1,3,5,5,10
292,498,0,498,1,24,"NT","Urban","12:00 AM - 6:00 AM",1,0,0,3,36,1,4,4,6,10
268,228,0,228,1,40,"NSW","Urban","12:00 AM - 6:00 AM",1,0,1,1,36,1,4,8,9,17
1446,198,0,198,0,21,"VIC","Regional","12:00 PM - 6:00 PM",1,1,1,3,168,1,3,3,6,9
1684,3121,1780,1341,0,56,"NSW","Urban","6:00 PM - 12:00 AM",0,0,1,3,114,4,4,8,10,18
394,4428,2437,1991,1,58,"VIC","Regional","6:00 PM - 12:00 AM",0,0,0,3,132,2,2,9,9,18
971,231,0,231,0,24,"VIC","Urban","6:00 AM - 12:00 PM",1,1,0,3,180,1,2,5,2,7
506,262,0,262,0,24,"NSW","Urban","6:00 PM - 12:00 AM",1,1,0,3,114,1,4,10,10,20
1514,669,0,669,0,27,"TAS","Remote","6:00 AM - 12:00 PM",1,1,1,3,12,1,2,6,2,8
357,3602,1853,1749,0,60,"SA","Urban","6:00 PM - 12:00 AM",0,0,0,3,30,1,2,5,7,12
51,3574,2148,1426,1,49,"QLD","Urban","12:00 AM - 6:00 AM",1,0,0,3,30,3,2,2,1,3
1186,3527,2010,1517,0,48,"VIC","Urban","6:00 AM - 12:00 PM",0,0,1,1,156,1,3,7,4,11
372,380,0,380,1,26,"NSW","Remote","6:00 PM - 12:00 AM",1,1,1,3,42,1,3,8,8,16
1309,4065,2303,1762,1,52,"NSW","Urban","6:00 AM - 12:00 PM",0,0,1,1,150,3,4,6,3,9
943,667,0,667,1,34,"VIC","Urban","6:00 AM - 12:00 PM",1,1,0,3,90,1,3,10,10,20
1517,284,0,284,0,54,"VIC","Urban","6:00 AM - 12:00 PM",1,0,1,3,54,1,3,10,5,15
281,4281,2293,1988,1,49,"NSW","Urban","12:00 AM - 6:00 AM",0,0,0,1,180,3,5,7,5,12
1619,174,0,174,1,37,"VIC","Urban","6:00 PM - 12:00 AM",1,1,1,3,30,1,2,1,0,1
1616,150,0,150,0,42,"WA","Regional","6:00 PM - 12:00 AM",1,1,0,3,12,1,4,1,4,5
401,3479,1683,1796,1,47,"NSW","Urban","6:00 PM - 12:00 AM",0,0,1,3,72,1,3,10,10,20
731,3649,1754,1895,0,41,"TAS","Urban","6:00 PM - 12:00 AM",0,0,0,3,72,4,2,9,10,19
1221,314,0,314,1,22,"WA","Urban","6:00 AM - 12:00 PM",0,1,0,3,36,2,1,7,3,10
771,3996,2015,1981,1,47,"ACT","Urban","6:00 PM - 12:00 AM",0,0,1,2,66,4,3,10,9,19
1473,4592,2290,2302,0,56,"TAS","Urban","6:00 AM - 12:00 PM",1,0,1,3,78,3,3,9,8,17
1134,142,0,142,1,26,"TAS","Remote","6:00 AM - 12:00 PM",1,1,0,2,180,1,2,3,6,9
271,474,0,474,1,24,"NSW","Regional","12:00 AM - 6:00 AM",1,0,1,3,54,2,4,4,7,11
1099,1016,0,1016,0,36,"WA","Remote","6:00 AM - 12:00 PM",1,1,0,3,168,1,5,7,7,14
268,228,0,228,1,40,"NSW","Urban","12:00 AM - 6:00 AM",1,0,1,1,36,1,4,8,9,17
1844,212,0,212,0,41,"QLD","Remote","6:00 PM - 12:00 AM",1,1,0,2,72,1,2,4,1,5
790,1128,0,1128,0,33,"VIC","Urban","6:00 PM - 12:00 AM",1,1,0,2,96,2,4,8,8,16
887,2209,1785,424,0,36,"VIC","Urban","6:00 AM - 12:00 PM",0,0,0,1,66,2,4,7,7,14
40,1365,0,1365,0,41,"ACT","Urban","12:00 AM - 6:00 AM",0,1,0,3,168,2,2,7,6,13
687,349,0,349,0,25,"NSW","Regional","6:00 PM - 12:00 AM",1,0,1,1,108,1,5,6,6,12
419,169,0,169,1,26,"SA","Remote","6:00 PM - 12:00 AM",1,1,1,3,90,1,2,10,10,20
1328,405,0,405,1,24,"NSW","Urban","6:00 AM - 12:00 PM",0,1,0,3,18,2,3,2,2,4
512,184,0,184,1,58,"ACT","Urban","6:00 PM - 12:00 AM",0,1,0,1,168,1,4,2,2,4
606,3778,1859,1919,1,55,"QLD","Regional","6:00 PM - 12:00 AM",0,0,0,1,84,4,2,10,10,20
8,3363,1917,1446,1,48,"NSW","Urban","12:00 AM - 6:00 AM",1,0,1,2,42,3,3,5,4,9
1192,436,0,436,1,24,"NSW","Regional","6:00 AM - 12:00 PM",1,1,0,3,150,1,3,3,0,3
1034,489,0,489,0,37,"VIC","Urban","6:00 AM - 12:00 PM",1,1,0,2,30,2,2,7,5,12
1714,3763,2199,1564,0,52,"NSW","Regional","6:00 PM - 12:00 AM",1,0,0,3,138,2,2,9,8,17
1494,4909,2478,2431,0,53,"VIC","Regional","6:00 AM - 12:00 PM",0,0,0,3,66,3,2,5,5,10
265,236,0,236,1,59,"TAS","Urban","12:00 AM - 6:00 AM",1,0,0,3,66,1,2,7,7,14
464,3548,1790,1758,1,53,"ACT","Regional","6:00 PM - 12:00 AM",1,0,0,3,132,1,3,5,5,10
632,3984,2165,1819,1,52,"WA","Urban","6:00 PM - 12:00 AM",0,0,0,3,54,1,3,10,10,20
671,205,0,205,1,31,"QLD","Regional","6:00 PM - 12:00 AM",1,0,1,3,126,1,4,4,7,11
1548,4025,1950,2075,1,49,"NSW","Urban","6:00 AM - 12:00 PM",0,0,0,3,72,2,2,10,10,20
1664,1046,0,1046,1,44,"NSW","Urban","6:00 PM - 12:00 AM",1,1,0,3,168,1,3,2,2,4
415,1378,1136,242,0,37,"NSW","Urban","6:00 PM - 12:00 AM",0,1,1,3,114,1,3,8,7,15
600,413,0,413,0,24,"NSW","Remote","6:00 PM - 12:00 AM",0,1,0,3,96,1,2,6,6,12
1538,4222,2311,1911,1,47,"NSW","Regional","6:00 AM - 12:00 PM",0,0,1,2,54,2,3,5,5,10
1084,231,0,231,0,57,"NSW","Urban","6:00 AM - 12:00 PM",1,1,0,3,120,1,3,7,7,14
741,1504,0,1504,0,31,"QLD","Urban","6:00 PM - 12:00 AM",0,0,0,1,60,1,3,9,6,15
1615,227,0,227,1,20,"ACT","Urban","6:00 AM - 12:00 PM",0,0,1,3,42,1,4,10,10,20
1240,1198,0,1198,0,39,"TAS","Urban","6:00 AM - 12:00 PM",0,1,1,3,78,2,3,8,10,18
220,4028,1925,2103,0,50,"QLD","Urban","12:00 AM - 6:00 AM",0,0,1,2,36,2,2,3,3,6
1334,2732,1730,1002,0,42,"NT","Remote","6:00 AM - 12:00 PM",1,1,0,3,24,1,4,4,4,8
26,3813,1933,1880,0,60,"WA","Urban","12:00 AM - 6:00 AM",1,0,0,1,84,1,2,9,5,14
383,4353,2268,2085,0,57,"TAS","Urban","6:00 PM - 12:00 AM",0,0,0,3,96,2,3,7,7,14
710,3315,1806,1509,1,45,"NSW","Regional","6:00 PM - 12:00 AM",1,0,0,3,126,1,1,2,3,5
1751,4594,2309,2285,0,57,"VIC","Regional","6:00 PM - 12:00 AM",1,0,0,2,114,1,4,10,10,20
1003,428,0,428,0,27,"NSW","Urban","6:00 AM - 12:00 PM",1,1,0,3,120,2,4,10,10,20
1166,2910,1494,1416,1,50,"TAS","Urban","6:00 AM - 12:00 PM",1,0,1,3,42,1,2,9,5,14
1225,641,0,641,0,37,"WA","Urban","12:00 PM - 6:00 PM",1,1,1,1,108,1,4,4,7,11
1254,266,0,266,0,24,"NSW","Urban","6:00 AM - 12:00 PM",1,1,0,1,30,1,2,1,2,3
1527,179,0,179,0,60,"NSW","Urban","6:00 AM - 12:00 PM",1,0,0,1,102,1,2,5,1,6
532,268,0,268,1,53,"VIC","Regional","6:00 PM - 12:00 AM",0,1,0,3,174,1,3,0,0,0
985,161,0,161,1,44,"VIC","Urban","6:00 AM - 12:00 PM",1,1,0,2,168,1,4,5,4,9
1692,401,0,401,1,21,"NT","Urban","6:00 PM - 12:00 AM",1,1,0,3,90,2,3,6,5,11
1464,3208,1815,1393,0,53,"VIC","Urban","6:00 AM - 12:00 PM",1,0,0,3,48,2,2,7,8,15
779,1482,1256,226,0,26,"VIC","Urban","12:00 PM - 6:00 PM",1,1,1,1,48,1,3,3,2,5
176,243,0,243,0,31,"VIC","Regional","12:00 AM - 6:00 AM",1,1,0,3,78,1,3,10,10,20
429,465,0,465,1,31,"ACT","Urban","6:00 PM - 12:00 AM",0,1,0,3,60,1,3,10,10,20
1280,1577,1377,200,0,39,"VIC","Regional","12:00 PM - 6:00 PM",1,1,1,3,156,2,3,7,7,14
1521,1578,1431,147,0,28,"VIC","Urban","6:00 AM - 12:00 PM",1,1,0,3,162,1,2,2,6,8
66,906,0,906,1,27,"WA","Urban","12:00 AM - 6:00 AM",1,1,1,3,36,2,2,0,0,0
398,645,0,645,1,45,"SA","Urban","6:00 PM - 12:00 AM",1,1,0,3,72,2,2,4,3,7
477,266,0,266,1,24,"NSW","Regional","6:00 PM - 12:00 AM",0,1,1,1,126,1,3,10,10,20
468,330,0,330,1,23,"QLD","Urban","6:00 PM - 12:00 AM",0,1,1,3,156,1,3,6,6,12
91,522,0,522,0,33,"NSW","Urban","12:00 PM - 6:00 PM",1,1,1,3,24,1,2,1,0,1
1455,3203,1676,1527,0,59,"NSW","Urban","6:00 AM - 12:00 PM",0,1,1,3,180,2,3,5,0,5
527,176,0,176,1,46,"TAS","Remote","6:00 PM - 12:00 AM",0,1,1,2,180,1,3,2,0,2
453,1555,1228,327,0,40,"QLD","Remote","6:00 PM - 12:00 AM",1,1,1,2,144,1,4,10,10,20
833,183,0,183,0,37,"VIC","Urban","6:00 PM - 12:00 AM",1,0,1,2,66,1,3,9,8,17
1168,1401,1121,280,1,31,"QLD","Urban","6:00 AM - 12:00 PM",1,1,1,3,24,2,4,2,0,2
634,3234,1607,1627,1,56,"WA","Urban","6:00 PM - 12:00 AM",0,0,1,3,180,1,4,6,9,15
668,1540,1328,212,0,30,"SA","Urban","12:00 PM - 6:00 PM",1,1,0,3,138,1,2,3,6,9
149,4054,2194,1860,0,58,"NSW","Urban","12:00 AM - 6:00 AM",0,1,0,3,42,1,3,2,3,5
345,2653,1259,1394,0,37,"QLD","Urban","6:00 PM - 12:00 AM",1,1,0,3,120,3,5,6,5,11
1054,319,0,319,1,21,"VIC","Regional","6:00 AM - 12:00 PM",1,1,1,1,66,1,2,7,4,11
842,410,0,410,0,22,"VIC","Urban","6:00 PM - 12:00 AM",1,0,1,1,156,2,2,4,3,7
59,967,0,967,0,45,"WA","Urban","12:00 AM - 6:00 AM",0,1,0,3,72,2,2,7,3,10
1927,1601,1382,219,1,28,"NSW","Urban","6:00 PM - 12:00 AM",0,1,0,1,54,2,4,8,8,16
1906,4768,2673,2095,1,56,"NSW","Remote","6:00 PM - 12:00 AM",1,0,0,3,180,1,4,0,0,0
777,544,0,544,0,26,"NSW","Regional","6:00 PM - 12:00 AM",1,1,1,3,126,1,2,8,5,13
1687,3658,2111,1547,0,57,"NSW","Regional","6:00 PM - 12:00 AM",1,0,0,2,150,3,2,4,4,8
887,2209,1785,424,0,36,"VIC","Urban","6:00 AM - 12:00 PM",0,0,0,1,66,2,4,7,7,14
1996,3285,1968,1317,0,42,"TAS","Urban","6:00 PM - 12:00 AM",0,0,0,1,168,1,3,6,10,16
203,1375,0,1375,1,39,"VIC","Urban","12:00 AM - 6:00 AM",1,1,0,2,30,1,4,1,0,1
1816,3985,2285,1700,1,53,"NT","Urban","6:00 PM - 12:00 AM",0,0,0,1,180,2,4,5,9,14
1634,196,0,196,1,54,"VIC","Urban","6:00 PM - 12:00 AM",1,1,0,3,132,1,4,8,10,18
1951,1437,1110,327,1,26,"NSW","Urban","6:00 PM - 12:00 AM",1,0,1,3,150,1,4,3,6,9
984,271,0,271,0,48,"WA","Urban","6:00 AM - 12:00 PM",1,1,1,3,84,1,2,9,5,14
1857,4604,2344,2260,1,46,"NSW","Urban","12:00 PM - 6:00 PM",1,0,0,2,30,1,3,4,5,9
33,1743,1350,393,1,37,"WA","Urban","12:00 AM - 6:00 AM",0,1,0,3,12,2,4,0,0,0
662,3218,1741,1477,0,52,"NSW","Urban","6:00 PM - 12:00 AM",1,1,0,3,120,3,3,5,4,9
442,1951,1466,485,0,44,"QLD","Urban","6:00 PM - 12:00 AM",1,1,1,3,96,2,2,9,9,18
441,3179,1599,1580,0,52,"NSW","Urban","6:00 PM - 12:00 AM",0,0,1,2,54,2,3,4,4,8
1534,314,0,314,0,22,"NSW","Urban","6:00 AM - 12:00 PM",1,1,1,3,60,2,3,9,8,17
161,926,0,926,0,38,"NSW","Urban","12:00 AM - 6:00 AM",1,1,1,3,18,1,3,4,4,8
1729,493,0,493,1,39,"NSW","Urban","6:00 PM - 12:00 AM",1,1,0,3,48,2,3,5,4,9
1424,906,0,906,0,26,"NSW","Urban","12:00 PM - 6:00 PM",1,1,0,3,18,2,1,2,0,2
1603,200,0,200,1,21,"NSW","Urban","6:00 AM - 12:00 PM",1,0,1,3,144,1,3,9,10,19
375,3373,1774,1599,1,60,"VIC","Regional","6:00 PM - 12:00 AM",0,1,1,3,66,3,4,8,3,11
9,203,0,203,0,21,"NSW","Urban","12:00 AM - 6:00 AM",0,1,0,1,42,1,2,6,9,15
1221,314,0,314,1,22,"WA","Urban","6:00 AM - 12:00 PM",0,1,0,3,36,2,1,7,3,10
1958,3695,1802,1893,1,42,"VIC","Urban","6:00 PM - 12:00 AM",0,1,0,3,54,3,2,2,5,7
1852,501,0,501,1,22,"ACT","Urban","6:00 PM - 12:00 AM",0,1,0,3,162,1,2,3,1,4
11,1875,1606,269,0,44,"NSW","Urban","12:00 AM - 6:00 AM",1,1,1,2,162,1,4,7,10,17
1738,1290,1067,223,1,38,"NSW","Urban","6:00 PM - 12:00 AM",0,1,0,3,66,1,4,10,10,20
699,1597,1380,217,1,29,"SA","Urban","6:00 PM - 12:00 AM",1,0,1,1,42,2,4,4,3,7
542,634,0,634,0,38,"WA","Urban","6:00 PM - 12:00 AM",0,1,0,2,60,2,2,8,8,16
1036,188,0,188,1,54,"WA","Urban","6:00 AM - 12:00 PM",1,1,0,3,156,1,3,3,7,10
1050,661,0,661,1,41,"VIC","Urban","6:00 AM - 12:00 PM",1,1,0,3,30,1,4,5,4,9
1921,4222,2411,1811,1,43,"TAS","Urban","6:00 PM - 12:00 AM",1,1,1,2,150,1,5,10,10,20
350,722,0,722,1,25,"VIC","Urban","6:00 PM - 12:00 AM",1,1,1,1,120,1,3,10,9,19
1550,466,0,466,0,20,"WA","Urban","6:00 AM - 12:00 PM",1,1,0,1,126,1,3,5,3,8
652,4385,2388,1997,0,60,"VIC","Regional","6:00 PM - 12:00 AM",0,0,1,3,180,2,2,4,2,6
208,2841,1685,1156,0,39,"VIC","Urban","12:00 AM - 6:00 AM",0,1,1,3,174,2,4,6,6,12
1191,1266,1114,152,1,21,"SA","Urban","12:00 PM - 6:00 PM",0,1,0,3,12,2,1,2,0,2
1003,428,0,428,0,27,"NSW","Urban","6:00 AM - 12:00 PM",1,1,0,3,120,2,4,10,10,20
1696,3401,2209,1192,0,55,"NT","Urban","6:00 PM - 12:00 AM",0,0,0,3,180,1,2,6,7,13
503,3556,1846,1710,0,55,"VIC","Urban","6:00 PM - 12:00 AM",0,0,0,3,18,4,3,0,0,0
1325,3393,2030,1363,0,57,"NSW","Urban","6:00 AM - 12:00 PM",1,0,0,3,54,1,4,1,4,5
24,244,0,244,1,31,"ACT","Regional","12:00 AM - 6:00 AM",1,1,0,3,54,1,5,9,10,19
874,1835,1656,179,0,39,"NSW","Urban","6:00 PM - 12:00 AM",1,1,0,3,180,2,1,1,0,1
921,1159,0,1159,0,43,"TAS","Regional","6:00 AM - 12:00 PM",1,1,0,2,78,1,1,6,1,7
310,1621,1393,228,0,41,"QLD","Urban","6:00 PM - 12:00 AM",1,1,0,3,30,1,4,8,7,15
1710,2290,1999,291,0,44,"QLD","Regional","6:00 PM - 12:00 AM",0,1,1,3,138,3,3,9,9,18
919,2186,1659,527,0,56,"TAS","Urban","6:00 AM - 12:00 PM",0,0,0,3,138,1,2,8,10,18
301,1698,1441,257,0,31,"QLD","Urban","12:00 AM - 6:00 AM",1,1,1,3,138,2,4,7,6,13
883,1530,1174,356,0,44,"SA","Urban","6:00 AM - 12:00 PM",1,1,1,3,60,1,3,6,10,16
755,1768,1482,286,0,33,"NSW","Urban","6:00 PM - 12:00 AM",1,1,1,3,72,1,3,10,10,20
487,373,0,373,1,28,"VIC","Remote","6:00 PM - 12:00 AM",1,1,1,3,132,2,4,9,9,18
160,3086,1718,1368,0,54,"WA","Urban","12:00 AM - 6:00 AM",0,0,1,3,162,1,2,5,5,10
428,258,0,258,0,45,"VIC","Urban","6:00 PM - 12:00 AM",1,1,0,3,168,1,3,5,4,9
133,219,0,219,0,52,"SA","Regional","12:00 AM - 6:00 AM",0,0,1,3,42,1,1,8,8,16
608,343,0,343,0,24,"VIC","Urban","6:00 PM - 12:00 AM",1,1,0,1,144,2,1,8,8,16
1138,4713,2072,2641,0,46,"ACT","Urban","6:00 AM - 12:00 PM",0,0,0,2,114,3,2,5,5,10
1772,2829,1777,1052,1,47,"VIC","Remote","6:00 PM - 12:00 AM",0,0,0,1,108,3,3,8,8,16
1572,257,0,257,1,53,"SA","Urban","6:00 AM - 12:00 PM",1,0,0,1,150,1,3,4,4,8
347,2026,1806,220,0,41,"NSW","Urban","12:00 PM - 6:00 PM",1,1,1,2,132,1,4,9,10,19
580,1512,0,1512,1,44,"SA","Urban","12:00 PM - 6:00 PM",0,1,0,3,156,2,4,8,9,17
704,929,0,929,0,30,"NSW","Urban","6:00 PM - 12:00 AM",0,0,0,2,156,1,3,8,5,13
681,4192,1949,2243,0,58,"VIC","Urban","6:00 PM - 12:00 AM",1,0,1,3,72,4,3,10,10,20
1930,1779,1560,219,1,33,"NSW","Urban","6:00 PM - 12:00 AM",0,0,1,3,24,2,3,6,5,11
1984,2822,1487,1335,1,36,"NSW","Urban","6:00 PM - 12:00 AM",0,1,0,3,138,2,2,10,7,17
643,4266,2359,1907,0,52,"QLD","Urban","6:00 PM - 12:00 AM",1,0,0,2,24,1,3,4,8,12
767,840,0,840,1,27,"NSW","Urban","6:00 PM - 12:00 AM",1,1,1,3,126,1,3,8,8,16
426,417,0,417,0,26,"NT","Regional","6:00 PM - 12:00 AM",1,1,0,1,156,1,3,6,6,12
1579,1234,0,1234,1,39,"NSW","Regional","6:00 AM - 12:00 PM",1,1,0,2,48,1,2,3,3,6
468,330,0,330,1,23,"QLD","Urban","6:00 PM - 12:00 AM",0,1,1,3,156,1,3,6,6,12
201,4456,2135,2321,1,52,"NSW","Urban","12:00 AM - 6:00 AM",0,0,1,1,174,4,3,8,5,13
868,4795,2624,2171,0,51,"NSW","Urban","12:00 PM - 6:00 PM",1,0,0,3,66,2,3,10,9,19
510,4462,1970,2492,1,52,"ACT","Urban","6:00 PM - 12:00 AM",0,0,0,2,168,4,3,4,7,11
786,2971,1520,1451,0,60,"VIC","Urban","6:00 PM - 12:00 AM",0,0,0,1,150,2,4,6,6,12
755,1768,1482,286,0,33,"NSW","Urban","6:00 PM - 12:00 AM",1,1,1,3,72,1,3,10,10,20
141,384,0,384,0,22,"SA","Urban","12:00 AM - 6:00 AM",1,0,0,3,24,1,3,2,2,4
318,3657,2101,1556,1,47,"SA","Regional","6:00 PM - 12:00 AM",0,0,0,3,132,3,3,10,9,19
1379,1388,1186,202,1,30,"ACT","Urban","6:00 AM - 12:00 PM",0,1,0,2,90,1,3,10,10,20
1519,1741,1574,167,0,27,"QLD","Regional","6:00 AM - 12:00 PM",1,1,0,3,12,2,2,0,0,0
1087,233,0,233,1,44,"NSW","Urban","6:00 AM - 12:00 PM",1,1,0,3,54,1,2,7,8,15
1595,3737,2164,1573,1,53,"TAS","Remote","6:00 AM - 12:00 PM",0,0,0,2,138,2,4,10,7,17
224,262,0,262,0,21,"VIC","Remote","12:00 PM - 6:00 PM",1,1,0,3,174,1,4,1,0,1
1013,286,0,286,0,20,"NSW","Urban","12:00 PM - 6:00 PM",0,1,1,2,54,2,3,6,5,11
468,330,0,330,1,23,"QLD","Urban","6:00 PM - 12:00 AM",0,1,1,3,156,1,3,6,6,12
1605,2956,1694,1262,0,42,"NSW","Regional","6:00 AM - 12:00 PM",0,0,0,2,12,1,5,6,6,12
123,885,0,885,1,29,"NSW","Urban","12:00 AM - 6:00 AM",1,1,1,3,126,2,4,4,8,12
271,474,0,474,1,24,"NSW","Regional","12:00 AM - 6:00 AM",1,0,1,3,54,2,4,4,7,11
1758,483,0,483,1,30,"VIC","Urban","6:00 PM - 12:00 AM",0,1,0,3,30,2,4,3,0,3
541,1689,1492,197,0,31,"VIC","Urban","6:00 PM - 12:00 AM",1,1,1,3,108,2,3,8,8,16
1806,222,0,222,1,23,"NSW","Urban","6:00 PM - 12:00 AM",0,1,0,3,66,1,3,7,4,11
1153,337,0,337,1,21,"WA","Urban","6:00 AM - 12:00 PM",1,1,0,3,96,2,2,9,9,18
1443,3538,1991,1547,1,57,"VIC","Urban","6:00 AM - 12:00 PM",1,0,0,3,60,4,4,4,2,6
354,1814,1488,326,1,27,"ACT","Urban","6:00 PM - 12:00 AM",1,1,1,3,102,1,3,10,10,20
1823,4196,2353,1843,0,59,"VIC","Urban","6:00 PM - 12:00 AM",0,0,1,3,96,2,3,10,10,20
682,4372,2320,2052,1,47,"SA","Urban","6:00 PM - 12:00 AM",0,1,1,3,36,3,2,2,6,8
1831,3675,2170,1505,1,56,"QLD","Urban","6:00 PM - 12:00 AM",1,0,1,2,144,2,3,9,9,18
1873,2667,1718,949,1,33,"WA","Urban","6:00 PM - 12:00 AM",0,0,0,1,132,1,4,10,8,18
1969,380,0,380,1,23,"QLD","Urban","6:00 PM - 12:00 AM",1,1,1,2,60,1,4,7,7,14
588,1082,0,1082,1,35,"WA","Urban","6:00 PM - 12:00 AM",1,1,1,3,174,2,2,0,0,0
510,4462,1970,2492,1,52,"ACT","Urban","6:00 PM - 12:00 AM",0,0,0,2,168,4,3,4,7,11
39,4465,2337,2128,0,55,"NSW","Regional","12:00 AM - 6:00 AM",1,0,0,1,180,3,3,1,2,3
964,431,0,431,1,39,"WA","Remote","6:00 AM - 12:00 PM",1,1,0,3,84,2,4,10,7,17
528,593,0,593,1,34,"NT","Urban","6:00 PM - 12:00 AM",0,1,1,3,42,1,2,10,5,15
293,347,0,347,1,24,"SA","Urban","12:00 AM - 6:00 AM",1,0,0,3,102,1,3,10,10,20
324,1412,1177,235,0,38,"NSW","Urban","12:00 PM - 6:00 PM",1,1,1,2,132,1,3,9,10,19
723,2853,1666,1187,1,49,"QLD","Urban","6:00 PM - 12:00 AM",0,1,0,3,42,3,2,7,3,10
828,1619,1302,317,0,38,"NSW","Remote","6:00 PM - 12:00 AM",1,1,0,3,72,1,3,4,4,8
1174,906,0,906,0,31,"VIC","Regional","6:00 AM - 12:00 PM",1,1,1,3,150,1,2,9,9,18
976,1262,0,1262,0,47,"NT","Urban","6:00 AM - 12:00 PM",0,1,1,2,78,2,2,4,4,8
1550,466,0,466,0,20,"WA","Urban","6:00 AM - 12:00 PM",1,1,0,1,126,1,3,5,3,8
1853,2927,1543,1384,1,40,"NSW","Regional","6:00 PM - 12:00 AM",1,1,1,3,126,3,5,8,8,16
1679,184,0,184,1,30,"ACT","Urban","6:00 PM - 12:00 AM",1,1,1,3,180,1,2,5,6,11
1481,4394,2437,1957,0,58,"TAS","Urban","6:00 AM - 12:00 PM",0,0,1,2,114,1,3,10,10,20
677,1058,0,1058,1,34,"NSW","Regional","6:00 PM - 12:00 AM",1,0,0,2,132,2,1,2,2,4
1417,4582,2076,2506,1,48,"SA","Urban","6:00 AM - 12:00 PM",0,0,1,1,78,4,2,9,10,19
836,150,0,150,0,20,"NSW","Urban","6:00 PM - 12:00 AM",1,0,0,1,24,1,2,7,4,11
1277,3056,1652,1404,1,52,"TAS","Regional","6:00 AM - 12:00 PM",1,0,0,3,120,1,2,7,5,12
868,4795,2624,2171,0,51,"NSW","Urban","12:00 PM - 6:00 PM",1,0,0,3,66,2,3,10,9,19
1218,375,0,375,1,29,"NSW","Regional","6:00 AM - 12:00 PM",1,1,0,3,156,2,2,10,7,17
26,3813,1933,1880,0,60,"WA","Urban","12:00 AM - 6:00 AM",1,0,0,1,84,1,2,9,5,14
283,1468,0,1468,0,35,"QLD","Regional","12:00 AM - 6:00 AM",0,1,0,3,120,1,3,9,9,18
1400,188,0,188,0,42,"NSW","Urban","6:00 AM - 12:00 PM",1,0,0,2,108,1,5,8,5,13
727,4287,2268,2019,1,49,"VIC","Regional","6:00 PM - 12:00 AM",1,0,0,3,72,2,2,10,10,20
1377,742,0,742,1,29,"NSW","Regional","6:00 AM - 12:00 PM",1,1,0,1,126,1,4,4,4,8
415,1378,1136,242,0,37,"NSW","Urban","6:00 PM - 12:00 AM",0,1,1,3,114,1,3,8,7,15
750,3100,1948,1152,1,44,"VIC","Remote","6:00 PM - 12:00 AM",0,0,0,2,126,4,4,9,10,19
79,342,0,342,0,20,"NSW","Urban","12:00 AM - 6:00 AM",0,1,0,2,84,2,5,8,7,15
1456,4153,2187,1966,1,58,"NSW","Urban","6:00 AM - 12:00 PM",0,0,1,3,18,3,3,5,4,9
207,1046,0,1046,1,39,"WA","Urban","12:00 AM - 6:00 AM",1,1,1,3,78,1,5,7,6,13
1444,3032,1745,1287,1,36,"ACT","Remote","6:00 AM - 12:00 PM",1,1,1,2,114,3,4,7,8,15
1101,977,0,977,1,31,"NSW","Regional","12:00 PM - 6:00 PM",1,1,0,3,102,1,3,10,9,19
1355,826,0,826,1,33,"NSW","Urban","6:00 AM - 12:00 PM",1,1,0,2,48,2,4,7,8,15
81,576,0,576,0,21,"QLD","Urban","12:00 AM - 6:00 AM",1,0,1,2,24,2,3,3,0,3
582,1819,1598,221,0,40,"WA","Urban","6:00 PM - 12:00 AM",1,1,0,1,36,1,2,0,2,2
1837,414,0,414,0,20,"NT","Urban","6:00 PM - 12:00 AM",1,1,0,2,18,2,4,4,1,5
1850,4457,2359,2098,0,49,"NSW","Urban","6:00 PM - 12:00 AM",0,0,0,3,12,1,3,5,4,9
117,3071,1802,1269,1,58,"NSW","Urban","12:00 AM - 6:00 AM",0,1,1,3,174,2,3,1,1,2
536,726,0,726,0,33,"QLD","Urban","6:00 PM - 12:00 AM",0,1,0,2,54,1,3,10,8,18
1074,1627,1414,213,1,40,"NT","Urban","6:00 AM - 12:00 PM",1,1,0,3,12,2,3,2,0,2
1234,4086,2260,1826,0,47,"SA","Regional","6:00 AM - 12:00 PM",1,0,0,1,54,4,4,4,3,7
1855,4591,2249,2342,1,51,"NSW","Regional","6:00 PM - 12:00 AM",1,0,0,3,84,4,4,10,10,20
552,829,0,829,1,36,"QLD","Urban","6:00 PM - 12:00 AM",1,1,1,3,102,2,2,9,8,17
108,1020,0,1020,1,33,"NSW","Regional","12:00 AM - 6:00 AM",1,0,0,2,84,1,3,5,7,12
1231,3191,1833,1358,0,48,"NSW","Urban","6:00 AM - 12:00 PM",1,0,0,3,180,2,4,4,4,8
1448,2934,1635,1299,1,49,"WA","Regional","6:00 AM - 12:00 PM",0,0,0,3,42,1,2,7,6,13
160,3086,1718,1368,0,54,"WA","Urban","12:00 AM - 6:00 AM",0,0,1,3,162,1,2,5,5,10
724,355,0,355,1,29,"NSW","Regional","12:00 PM - 6:00 PM",0,1,0,3,120,2,3,7,7,14
1211,744,0,744,0,29,"VIC","Urban","6:00 AM - 12:00 PM",0,1,0,3,84,2,4,10,10,20
865,1897,1602,295,1,31,"NSW","Urban","6:00 PM - 12:00 AM",1,1,0,3,114,1,3,10,9,19
1851,531,0,531,1,31,"NSW","Urban","6:00 PM - 12:00 AM",1,1,0,3,30,2,3,0,0,0
204,1077,0,1077,1,37,"NSW","Remote","12:00 AM - 6:00 AM",1,1,0,3,132,2,5,10,10,20
1817,247,0,247,0,23,"NT","Urban","6:00 PM - 12:00 AM",1,1,0,3,78,1,4,8,10,18
1638,181,0,181,1,41,"VIC","Urban","6:00 PM - 12:00 AM",1,1,1,3,90,1,3,10,10,20
1657,936,0,936,1,39,"NSW","Regional","12:00 PM - 6:00 PM",0,1,0,3,114,1,4,9,10,19
1746,914,0,914,0,28,"QLD","Urban","12:00 PM - 6:00 PM",1,1,1,2,60,1,3,6,2,8
1220,1570,1385,185,1,33,"NSW","Regional","6:00 AM - 12:00 PM",1,1,0,1,120,2,2,10,10,20
608,343,0,343,0,24,"VIC","Urban","6:00 PM - 12:00 AM",1,1,0,1,144,2,1,8,8,16
1244,770,0,770,1,38,"ACT","Urban","6:00 AM - 12:00 PM",1,1,1,1,150,2,3,9,9,18
830,185,0,185,0,33,"VIC","Urban","6:00 PM - 12:00 AM",1,1,0,3,30,1,3,5,4,9
514,3896,2272,1624,0,47,"NSW","Urban","6:00 PM - 12:00 AM",1,0,1,1,60,1,3,5,3,8
691,431,0,431,1,28,"WA","Urban","12:00 PM - 6:00 PM",0,1,0,3,60,2,4,10,10,20
147,165,0,165,0,28,"NSW","Urban","12:00 PM - 6:00 PM",1,1,1,3,12,1,2,0,0,0
154,4206,2017,2189,0,51,"QLD","Urban","12:00 AM - 6:00 AM",0,1,1,3,90,1,4,3,7,10
1135,251,0,251,1,24,"NSW","Urban","6:00 AM - 12:00 PM",1,1,1,3,18,1,2,0,0,0
363,174,0,174,1,33,"VIC","Regional","6:00 PM - 12:00 AM",1,1,0,2,168,1,3,2,1,3
1809,1536,1341,195,0,33,"SA","Urban","6:00 PM - 12:00 AM",0,1,0,3,84,1,2,7,10,17
1162,370,0,370,1,20,"ACT","Regional","6:00 AM - 12:00 PM",1,1,0,2,84,1,2,9,9,18
1726,957,0,957,0,35,"NSW","Urban","6:00 PM - 12:00 AM",0,1,1,1,150,2,3,1,4,5
1450,1856,1654,202,0,38,"NSW","Remote","6:00 AM - 12:00 PM",0,0,0,3,114,2,2,8,10,18
928,138,0,138,1,51,"VIC","Urban","6:00 AM - 12:00 PM",1,1,1,1,78,1,3,5,5,10
1832,435,0,435,1,29,"NSW","Urban","6:00 PM - 12:00 AM",1,1,1,1,138,2,3,8,8,16
910,2141,1363,778,0,59,"WA","Remote","6:00 AM - 12:00 PM",0,0,0,2,30,1,5,7,7,14
1694,915,0,915,1,36,"NSW","Urban","6:00 PM - 12:00 AM",1,1,0,2,84,2,3,8,10,18
792,3251,1891,1360,1,47,"NSW","Urban","6:00 PM - 12:00 AM",0,0,1,3,78,3,5,10,10,20
630,1257,0,1257,1,42,"NSW","Urban","6:00 PM - 12:00 AM",0,1,0,3,90,1,3,2,5,7
758,247,0,247,0,34,"TAS","Urban","6:00 PM - 12:00 AM",1,1,0,2,72,1,2,2,4,6
696,1508,1398,110,0,29,"TAS","Urban","6:00 PM - 12:00 AM",0,1,0,3,132,2,5,10,7,17
989,1565,1284,281,0,35,"VIC","Urban","6:00 AM - 12:00 PM",1,1,1,3,144,1,3,7,7,14
10,3292,1786,1506,0,58,"WA","Urban","12:00 AM - 6:00 AM",1,0,0,3,48,3,2,8,4,12
1366,511,0,511,1,22,"NSW","Urban","6:00 AM - 12:00 PM",0,1,1,3,12,2,1,1,1,2
326,990,0,990,0,44,"QLD","Remote","6:00 PM - 12:00 AM",1,1,0,3,12,1,3,3,2,5
987,1284,0,1284,0,52,"VIC","Urban","6:00 AM - 12:00 PM",0,1,0,3,126,1,4,8,4,12
948,290,0,290,0,25,"VIC","Regional","6:00 AM - 12:00 PM",1,1,1,3,84,1,5,10,10,20
234,201,0,201,0,35,"NT","Urban","12:00 AM - 6:00 AM",1,0,0,2,90,1,2,4,8,12
1807,370,0,370,0,20,"WA","Urban","6:00 PM - 12:00 AM",0,1,0,3,138,1,3,8,10,18
1813,3126,1635,1491,1,48,"NSW","Regional","12:00 PM - 6:00 PM",0,0,0,3,96,2,4,8,4,12
60,237,0,237,1,54,"VIC","Urban","12:00 AM - 6:00 AM",1,1,1,1,156,1,3,3,2,5
540,244,0,244,0,50,"NT","Urban","6:00 PM - 12:00 AM",0,1,0,2,180,1,2,0,0,0
1669,3946,1877,2069,0,55,"NSW","Regional","12:00 PM - 6:00 PM",0,0,0,2,132,2,3,8,6,14
1167,1640,1500,140,1,37,"VIC","Regional","6:00 AM - 12:00 PM",0,1,0,3,36,2,2,4,3,7
905,2415,2013,402,1,57,"TAS","Regional","6:00 AM - 12:00 PM",0,0,1,3,150,2,4,10,10,20
1254,266,0,266,0,24,"NSW","Urban","6:00 AM - 12:00 PM",1,1,0,1,30,1,2,1,2,3
1812,518,0,518,1,28,"TAS","Urban","6:00 PM - 12:00 AM",0,1,0,1,66,2,3,5,4,9
909,1621,1423,198,0,30,"ACT","Urban","6:00 AM - 12:00 PM",1,1,0,1,162,1,2,2,0,2
917,1317,0,1317,1,47,"VIC","Urban","6:00 AM - 12:00 PM",0,0,1,3,174,2,4,7,4,11
1347,4472,2305,2167,0,48,"NSW","Urban","12:00 PM - 6:00 PM",1,0,0,3,114,2,2,6,6,12
1703,3670,1813,1857,0,49,"QLD","Urban","6:00 PM - 12:00 AM",1,0,0,3,150,3,2,8,10,18
472,3459,1933,1526,1,60,"NSW","Urban","6:00 PM - 12:00 AM",0,0,1,2,180,3,1,5,5,10
1310,3529,1617,1912,1,46,"WA","Urban","6:00 AM - 12:00 PM",1,0,1,3,42,1,5,3,0,3
1441,2011,1718,293,0,39,"NSW","Urban","6:00 AM - 12:00 PM",0,0,0,3,180,1,3,7,4,11
496,4352,2570,1782,0,55,"NSW","Urban","6:00 PM - 12:00 AM",0,0,1,1,84,3,3,8,7,15
1121,199,0,199,1,24,"NT","Regional","6:00 AM - 12:00 PM",1,1,0,3,144,1,3,4,4,8
219,3973,1995,1978,1,55,"VIC","Regional","12:00 AM - 6:00 AM",0,0,0,3,12,1,1,1,0,1
1526,4519,2492,2027,1,53,"WA","Regional","6:00 AM - 12:00 PM",0,0,0,3,30,4,3,5,0,5
294,1569,1211,358,0,34,"SA","Urban","12:00 AM - 6:00 AM",1,0,0,3,138,2,3,9,7,16
1047,358,0,358,1,21,"VIC","Urban","6:00 AM - 12:00 PM",1,1,1,3,36,1,4,6,3,9
857,3759,2216,1543,1,53,"QLD","Urban","12:00 PM - 6:00 PM",1,0,1,2,132,3,3,10,9,19
917,1317,0,1317,1,47,"VIC","Urban","6:00 AM - 12:00 PM",0,0,1,3,174,2,4,7,4,11
1891,1344,0,1344,1,44,"NSW","Urban","12:00 PM - 6:00 PM",0,1,0,3,30,2,3,3,5,8
361,1522,1174,348,0,43,"VIC","Urban","6:00 PM - 12:00 AM",1,1,1,3,36,1,3,5,5,10
103,404,0,404,1,21,"NT","Urban","12:00 AM - 6:00 AM",0,1,0,1,180,1,3,0,0,0
668,1540,1328,212,0,30,"SA","Urban","12:00 PM - 6:00 PM",1,1,0,3,138,1,2,3,6,9
380,1380,1216,164,0,30,"SA","Urban","12:00 PM - 6:00 PM",1,1,1,3,84,1,4,7,3,10
426,417,0,417,0,26,"NT","Regional","6:00 PM - 12:00 AM",1,1,0,1,156,1,3,6,6,12
1428,4284,2202,2082,0,53,"NSW","Urban","6:00 AM - 12:00 PM",0,0,1,3,24,4,2,3,0,3
1963,1227,0,1227,1,33,"NSW","Urban","6:00 PM - 12:00 AM",1,1,0,2,84,1,4,7,6,13
53,466,0,466,1,29,"WA","Urban","12:00 AM - 6:00 AM",1,1,1,3,138,1,3,10,9,19
206,4426,2547,1879,1,43,"QLD","Urban","12:00 AM - 6:00 AM",0,0,1,3,78,4,4,9,9,18
1945,4365,2491,1874,0,51,"NSW","Regional","6:00 PM - 12:00 AM",0,0,1,2,138,4,3,9,10,19
805,4487,2791,1696,0,47,"NT","Remote","6:00 PM - 12:00 AM",0,0,0,3,120,3,4,10,10,20
52,296,0,296,0,21,"NT","Regional","12:00 AM - 6:00 AM",1,1,1,1,60,2,2,3,2,5
767,840,0,840,1,27,"NSW","Urban","6:00 PM - 12:00 AM",1,1,1,3,126,1,3,8,8,16
1769,1375,1249,126,0,28,"QLD","Regional","6:00 PM - 12:00 AM",1,1,1,2,60,1,4,4,7,11
1224,833,0,833,1,30,"TAS","Urban","12:00 PM - 6:00 PM",1,1,0,2,66,1,3,5,5,10
1073,310,0,310,0,20,"SA","Remote","6:00 AM - 12:00 PM",1,1,0,3,84,1,5,7,4,11
429,465,0,465,1,31,"ACT","Urban","6:00 PM - 12:00 AM",0,1,0,3,60,1,3,10,10,20
629,247,0,247,0,49,"ACT","Urban","6:00 PM - 12:00 AM",0,1,0,2,84,1,3,8,8,16
1895,3423,2086,1337,1,42,"NSW","Urban","6:00 PM - 12:00 AM",0,1,0,1,42,3,3,4,0,4
1854,4296,2417,1879,0,46,"VIC","Remote","6:00 PM - 12:00 AM",1,0,1,2,150,4,2,9,6,15
824,4159,1829,2330,1,57,"NSW","Urban","12:00 PM - 6:00 PM",1,0,0,1,60,4,4,7,6,13
983,878,0,878,0,35,"VIC","Urban","6:00 AM - 12:00 PM",1,1,1,3,138,1,2,10,10,20
590,4396,2155,2241,1,56,"ACT","Urban","6:00 PM - 12:00 AM",1,0,0,3,150,4,3,5,4,9
190,3779,2016,1763,1,60,"NSW","Regional","12:00 AM - 6:00 AM",0,0,0,3,96,2,3,10,10,20
1253,367,0,367,0,29,"ACT","Remote","6:00 AM - 12:00 PM",1,1,0,3,156,2,4,2,2,4
1216,535,0,535,0,26,"NT","Urban","6:00 AM - 12:00 PM",0,1,0,3,30,2,3,2,2,4
57,1644,0,1644,1,45,"ACT","Urban","12:00 AM - 6:00 AM",0,1,0,1,48,2,3,6,5,11
344,1726,1381,345,0,42,"QLD","Urban","6:00 PM - 12:00 AM",1,1,0,2,60,2,3,5,5,10
918,303,0,303,0,24,"VIC","Urban","6:00 AM - 12:00 PM",1,1,0,3,102,1,4,10,5,15
1221,314,0,314,1,22,"WA","Urban","6:00 AM - 12:00 PM",0,1,0,3,36,2,1,7,3,10
666,2760,1506,1254,1,40,"NSW","Urban","6:00 PM - 12:00 AM",0,1,0,3,84,2,4,7,8,15
1091,989,0,989,0,39,"NSW","Remote","6:00 AM - 12:00 PM",1,1,1,3,138,1,3,9,8,17
598,1883,1502,381,0,42,"WA","Urban","6:00 PM - 12:00 AM",0,1,1,2,108,2,4,10,10,20
1081,458,0,458,0,38,"VIC","Remote","6:00 AM - 12:00 PM",1,1,0,2,78,2,2,8,7,15
1643,200,0,200,0,53,"ACT","Remote","6:00 PM - 12:00 AM",1,1,0,2,126,1,1,9,8,17
947,1407,1106,301,1,39,"SA","Urban","6:00 AM - 12:00 PM",1,1,1,1,48,2,4,6,5,11
96,395,0,395,1,20,"VIC","Regional","12:00 AM - 6:00 AM",0,1,0,2,120,1,3,10,9,19
1,1922,1527,395,0,26,"WA","Urban","12:00 PM - 6:00 PM",1,1,1,3,174,2,3,2,6,8
702,4482,2455,2027,0,59,"TAS","Urban","12:00 PM - 6:00 PM",0,0,0,2,66,4,3,8,7,15
250,1440,1322,118,1,28,"VIC","Regional","12:00 AM - 6:00 AM",1,0,0,3,78,2,2,6,10,16
1589,3323,1873,1450,1,44,"NSW","Remote","6:00 AM - 12:00 PM",0,1,1,2,24,3,2,0,4,4
242,1839,1547,292,1,36,"QLD","Urban","12:00 AM - 6:00 AM",1,0,1,3,162,2,4,10,9,19
1017,2026,1563,463,0,58,"NT","Urban","6:00 AM - 12:00 PM",0,1,0,3,72,1,2,7,7,14
1854,4296,2417,1879,0,46,"VIC","Remote","6:00 PM - 12:00 AM",1,0,1,2,150,4,2,9,6,15
30,1404,1175,229,1,35,"SA","Urban","12:00 AM - 6:00 AM",1,1,0,3,102,2,2,6,10,16
142,1670,1446,224,1,27,"NSW","Urban","12:00 AM - 6:00 AM",1,0,1,3,90,2,1,9,5,14
1531,3732,2175,1557,0,42,"TAS","Regional","6:00 AM - 12:00 PM",0,0,0,3,24,4,1,5,4,9
1071,1674,0,1674,0,51,"WA","Urban","6:00 AM - 12:00 PM",0,1,0,3,24,2,4,3,4,7
1625,1226,0,1226,0,54,"VIC","Regional","6:00 PM - 12:00 AM",0,0,1,1,78,2,2,6,4,10
1274,1523,1396,127,0,28,"VIC","Urban","6:00 AM - 12:00 PM",1,1,0,3,72,2,2,5,5,10
926,1286,0,1286,1,50,"QLD","Urban","6:00 AM - 12:00 PM",0,1,0,1,90,2,2,7,7,14
1400,188,0,188,0,42,"NSW","Urban","6:00 AM - 12:00 PM",1,0,0,2,108,1,5,8,5,13
1413,4830,2684,2146,1,52,"NSW","Regional","12:00 PM - 6:00 PM",1,0,0,1,78,1,3,10,7,17
1361,297,0,297,0,22,"VIC","Regional","6:00 AM - 12:00 PM",0,1,0,2,18,1,4,1,1,2
557,1369,0,1369,0,30,"VIC","Regional","12:00 PM - 6:00 PM",1,1,1,3,24,1,2,3,0,3
1262,905,0,905,1,37,"NSW","Urban","6:00 AM - 12:00 PM",0,1,0,3,144,1,1,7,7,14
1530,2816,1613,1203,0,37,"ACT","Urban","6:00 AM - 12:00 PM",1,1,0,1,102,4,4,9,7,16
1583,408,0,408,1,25,"NSW","Urban","6:00 AM - 12:00 PM",1,1,0,1,168,1,4,8,3,11
1926,2046,1821,225,0,36,"SA","Urban","6:00 PM - 12:00 AM",0,0,0,1,96,1,3,7,6,13
1090,3447,2285,1162,0,56,"VIC","Urban","12:00 PM - 6:00 PM",1,0,1,3,54,3,2,5,3,8
1389,199,0,199,0,34,"VIC","Regional","6:00 AM - 12:00 PM",1,1,0,3,162,1,2,7,6,13
197,446,0,446,0,21,"ACT","Urban","12:00 AM - 6:00 AM",1,1,1,1,126,1,2,5,5,10
1689,2937,1707,1230,1,46,"NSW","Regional","6:00 PM - 12:00 AM",1,0,0,2,18,1,3,0,1,1
1504,3967,2123,1844,1,49,"WA","Remote","6:00 AM - 12:00 PM",0,0,0,2,30,2,4,7,6,13
41,1987,1773,214,0,43,"WA","Urban","12:00 AM - 6:00 AM",1,1,1,1,174,1,3,0,0,0
903,2028,1796,232,0,40,"VIC","Urban","6:00 AM - 12:00 PM",0,1,1,3,126,2,4,6,6,12
478,343,0,343,0,28,"NSW","Urban","6:00 PM - 12:00 AM",0,1,0,3,90,1,4,9,10,19
728,1522,1203,319,1,27,"NT","Regional","6:00 PM - 12:00 AM",0,0,1,3,168,1,2,7,6,13
1613,1613,1280,333,0,35,"TAS","Urban","12:00 PM - 6:00 PM",0,1,0,3,108,2,5,8,8,16
1450,1856,1654,202,0,38,"NSW","Remote","6:00 AM - 12:00 PM",0,0,0,3,114,2,2,8,10,18
745,1039,0,1039,0,29,"NSW","Regional","6:00 PM - 12:00 AM",1,0,0,1,144,2,3,6,5,11
1709,482,0,482,1,28,"NSW","Regional","6:00 PM - 12:00 AM",1,1,1,1,174,1,2,0,3,3
725,3234,1997,1237,0,49,"NSW","Urban","6:00 PM - 12:00 AM",0,0,1,3,12,4,2,0,0,0
1698,3101,1842,1259,0,60,"SA","Urban","6:00 PM - 12:00 AM",0,0,1,3,36,3,2,10,7,17
1925,4776,2970,1806,0,47,"WA","Urban","6:00 PM - 12:00 AM",0,0,0,1,24,2,3,1,4,5
1009,909,0,909,0,45,"VIC","Urban","6:00 AM - 12:00 PM",1,1,0,3,78,2,3,6,5,11
37,3373,1260,2113,1,57,"VIC","Urban","12:00 AM - 6:00 AM",1,0,1,2,126,3,4,9,10,19
1322,245,0,245,0,21,"NSW","Regional","6:00 AM - 12:00 PM",0,1,1,2,30,1,3,0,0,0
1663,4563,2446,2117,1,58,"QLD","Regional","6:00 PM - 12:00 AM",0,0,0,3,90,4,2,10,9,19
582,1819,1598,221,0,40,"WA","Urban","6:00 PM - 12:00 AM",1,1,0,1,36,1,2,0,2,2
1398,3837,2140,1697,0,42,"NSW","Urban","6:00 AM - 12:00 PM",1,0,1,3,102,1,3,4,4,8
874,1835,1656,179,0,39,"NSW","Urban","6:00 PM - 12:00 AM",1,1,0,3,180,2,1,1,0,1
1171,4588,2484,2104,1,53,"QLD","Urban","6:00 AM - 12:00 PM",1,0,0,2,108,2,3,6,7,13
