"ID","TotalSpending","InternationalSpend","DomesticSpend","Female","Age","HomeState","HomeRegion","BookingTime","DeviceTypeMobileTablet","Windows.Android","PromotionsUsed","EaseOfUse","UsageDuration","BookingCount","AvailableFlights","Satisfaction","NetPromoterScore","TotalSatisfaction"
1794,3481,1837,1644,1,56,"TAS","Regional","6:00 PM - 12:00 AM",1,0,0,3,108,1,3,8,9,17
1941,3957,2094,1863,1,47,"NSW","Urban","6:00 PM - 12:00 AM",1,1,0,3,42,2,2,1,0,1
103,404,0,404,1,21,"NT","Urban","12:00 AM - 6:00 AM",0,1,0,1,180,1,3,0,0,0
1596,679,0,679,0,22,"ACT","Regional","6:00 AM - 12:00 PM",1,0,1,3,150,2,5,10,10,20
1927,1601,1382,219,1,28,"NSW","Urban","6:00 PM - 12:00 AM",0,1,0,1,54,2,4,8,8,16
689,4711,2478,2233,1,59,"NSW","Urban","6:00 PM - 12:00 AM",0,0,1,2,18,2,2,0,1,1
1446,198,0,198,0,21,"VIC","Regional","12:00 PM - 6:00 PM",1,1,1,3,168,1,3,3,6,9
1989,447,0,447,1,20,"ACT","Urban","6:00 PM - 12:00 AM",1,1,1,3,126,2,5,6,4,10
1475,4011,2053,1958,0,57,"TAS","Urban","6:00 AM - 12:00 PM",1,0,1,3,84,4,5,10,10,20
337,249,0,249,0,35,"VIC","Regional","6:00 PM - 12:00 AM",1,1,0,3,84,1,3,5,3,8
502,390,0,390,0,24,"NSW","Urban","12:00 PM - 6:00 PM",0,1,0,3,42,1,3,3,0,3
1239,322,0,322,0,23,"SA","Urban","6:00 AM - 12:00 PM",0,1,0,3,138,1,3,7,6,13
1507,4127,2135,1992,0,56,"NSW","Urban","6:00 AM - 12:00 PM",0,0,0,3,174,2,5,7,8,15
1590,3751,2214,1537,1,51,"VIC","Urban","6:00 AM - 12:00 PM",0,0,0,3,108,2,2,9,10,19
1549,489,0,489,0,24,"SA","Urban","6:00 AM - 12:00 PM",1,1,1,1,66,1,4,10,10,20
39,4465,2337,2128,0,55,"NSW","Regional","12:00 AM - 6:00 AM",1,0,0,1,180,3,3,1,2,3
1636,2339,1910,429,0,51,"VIC","Urban","6:00 PM - 12:00 AM",0,0,0,1,66,2,3,6,7,13
1957,1142,0,1142,0,43,"QLD","Remote","12:00 PM - 6:00 PM",0,1,0,3,114,2,3,4,8,12
1768,1625,1267,358,1,42,"SA","Urban","12:00 PM - 6:00 PM",1,1,1,3,138,1,3,4,3,7
597,518,0,518,1,31,"NSW","Urban","6:00 PM - 12:00 AM",0,1,0,3,90,1,2,10,10,20
291,237,0,237,1,21,"VIC","Urban","12:00 PM - 6:00 PM",1,1,0,1,18,1,2,2,0,2
1116,202,0,202,0,42,"VIC","Urban","6:00 AM - 12:00 PM",1,1,0,1,102,1,2,5,4,9
1639,1376,0,1376,0,47,"VIC","Urban","6:00 PM - 12:00 AM",0,0,0,3,54,2,3,7,7,14
1077,465,0,465,1,29,"NSW","Urban","6:00 AM - 12:00 PM",1,1,0,2,60,2,3,6,5,11
777,544,0,544,0,26,"NSW","Regional","6:00 PM - 12:00 AM",1,1,1,3,126,1,2,8,5,13
584,4348,2378,1970,0,57,"ACT","Urban","6:00 PM - 12:00 AM",0,0,1,3,138,1,3,9,6,15
784,2237,1873,364,0,35,"NSW","Urban","6:00 PM - 12:00 AM",1,1,0,3,162,2,3,3,6,9
665,934,0,934,0,24,"NSW","Urban","6:00 PM - 12:00 AM",0,0,1,2,138,2,2,7,9,16
1383,1261,1064,197,1,24,"QLD","Urban","6:00 AM - 12:00 PM",1,1,1,3,102,2,3,8,6,14
1535,4305,2300,2005,0,58,"QLD","Remote","12:00 PM - 6:00 PM",0,0,0,3,90,2,3,5,8,13
327,181,0,181,0,25,"VIC","Urban","6:00 PM - 12:00 AM",1,1,1,2,96,1,2,7,8,15
1992,1988,1804,184,0,38,"SA","Urban","6:00 PM - 12:00 AM",1,1,0,3,156,2,4,5,7,12
1292,4068,2311,1757,0,46,"NSW","Urban","6:00 AM - 12:00 PM",0,0,0,3,54,2,3,4,3,7
1168,1401,1121,280,1,31,"QLD","Urban","6:00 AM - 12:00 PM",1,1,1,3,24,2,4,2,0,2
1756,4141,2183,1958,1,54,"NSW","Urban","6:00 PM - 12:00 AM",1,0,0,3,48,3,3,8,3,11
1854,4296,2417,1879,0,46,"VIC","Remote","6:00 PM - 12:00 AM",1,0,1,2,150,4,2,9,6,15
688,3384,1934,1450,1,55,"SA","Regional","6:00 PM - 12:00 AM",0,0,0,1,120,2,2,8,4,12
1815,446,0,446,0,27,"ACT","Urban","6:00 PM - 12:00 AM",0,1,1,2,132,1,4,10,10,20
644,3804,2217,1587,0,42,"ACT","Regional","6:00 PM - 12:00 AM",0,0,0,2,156,2,3,5,4,9
308,921,0,921,1,40,"TAS","Urban","6:00 PM - 12:00 AM",1,1,1,3,84,2,4,8,8,16
1683,1242,0,1242,0,36,"NSW","Urban","6:00 PM - 12:00 AM",1,1,1,3,96,1,2,4,6,10
1054,319,0,319,1,21,"VIC","Regional","6:00 AM - 12:00 PM",1,1,1,1,66,1,2,7,4,11
240,3127,1987,1140,0,42,"NSW","Urban","12:00 AM - 6:00 AM",0,0,0,3,90,4,3,8,7,15
547,170,0,170,0,33,"NSW","Urban","6:00 PM - 12:00 AM",1,1,1,3,168,1,3,7,7,14
1699,3645,1756,1889,0,49,"NSW","Regional","6:00 PM - 12:00 AM",0,0,1,2,180,2,3,5,9,14
530,725,0,725,1,33,"NSW","Regional","6:00 PM - 12:00 AM",1,1,0,2,48,2,3,6,5,11
585,3519,1850,1669,0,59,"NT","Regional","6:00 PM - 12:00 AM",0,0,0,3,24,3,3,6,7,13
1934,3513,2005,1508,0,44,"VIC","Regional","6:00 PM - 12:00 AM",0,0,0,3,150,3,3,7,7,14
1316,3594,1905,1689,1,50,"TAS","Urban","6:00 AM - 12:00 PM",0,0,1,3,42,3,3,5,9,14
882,383,0,383,0,24,"QLD","Urban","6:00 AM - 12:00 PM",1,1,0,3,144,1,4,3,5,8
1442,4432,2390,2042,0,47,"VIC","Urban","6:00 AM - 12:00 PM",1,0,0,3,48,3,4,0,4,4
1885,4236,2084,2152,0,46,"VIC","Urban","6:00 PM - 12:00 AM",1,0,0,3,162,2,4,2,0,2
826,1814,1505,309,0,38,"QLD","Urban","6:00 PM - 12:00 AM",1,0,0,3,108,2,4,10,10,20
1005,224,0,224,1,35,"VIC","Urban","6:00 AM - 12:00 PM",1,1,0,1,168,1,4,9,4,13
1611,432,0,432,1,26,"NSW","Regional","6:00 AM - 12:00 PM",1,1,1,1,102,1,3,10,10,20
374,1560,1354,206,1,34,"VIC","Urban","6:00 PM - 12:00 AM",1,1,0,2,78,2,2,10,9,19
343,2106,1616,490,0,44,"VIC","Urban","6:00 PM - 12:00 AM",1,1,0,3,180,2,2,2,3,5
65,406,0,406,0,23,"NT","Urban","12:00 AM - 6:00 AM",1,1,0,3,102,2,3,8,5,13
1679,184,0,184,1,30,"ACT","Urban","6:00 PM - 12:00 AM",1,1,1,3,180,1,2,5,6,11
1299,307,0,307,1,22,"NSW","Regional","6:00 AM - 12:00 PM",1,1,0,3,126,1,3,8,8,16
1957,1142,0,1142,0,43,"QLD","Remote","12:00 PM - 6:00 PM",0,1,0,3,114,2,3,4,8,12
306,1799,1430,369,1,31,"WA","Regional","6:00 PM - 12:00 AM",1,1,0,2,66,1,3,7,6,13
1077,465,0,465,1,29,"NSW","Urban","6:00 AM - 12:00 PM",1,1,0,2,60,2,3,6,5,11
1203,351,0,351,0,24,"SA","Regional","6:00 AM - 12:00 PM",0,1,0,3,108,2,5,7,6,13
915,2015,1640,375,0,40,"VIC","Urban","6:00 AM - 12:00 PM",1,1,1,2,156,1,3,9,9,18
173,171,0,171,0,57,"QLD","Remote","12:00 AM - 6:00 AM",1,0,0,3,102,1,3,8,5,13
1441,2011,1718,293,0,39,"NSW","Urban","6:00 AM - 12:00 PM",0,0,0,3,180,1,3,7,4,11
370,158,0,158,0,27,"VIC","Urban","6:00 PM - 12:00 AM",1,1,1,3,90,1,4,4,7,11
638,1801,1561,240,1,45,"SA","Regional","6:00 PM - 12:00 AM",0,1,0,2,60,1,4,6,5,11
1701,1505,1311,194,0,38,"VIC","Urban","6:00 PM - 12:00 AM",1,1,1,3,168,1,4,7,5,12
400,222,0,222,1,21,"NSW","Regional","6:00 PM - 12:00 AM",1,1,0,3,72,1,3,4,5,9
1045,217,0,217,1,38,"VIC","Urban","6:00 AM - 12:00 PM",1,1,0,1,150,1,4,5,4,9
1061,2441,1595,846,1,56,"TAS","Urban","6:00 AM - 12:00 PM",0,1,1,3,174,2,2,3,6,9
619,2003,1673,330,1,44,"VIC","Regional","6:00 PM - 12:00 AM",1,1,0,3,138,2,3,6,2,8
979,718,0,718,0,38,"VIC","Urban","12:00 PM - 6:00 PM",1,1,0,2,42,1,2,3,2,5
1722,1139,0,1139,1,43,"NSW","Remote","6:00 PM - 12:00 AM",1,1,0,1,54,2,4,7,6,13
370,158,0,158,0,27,"VIC","Urban","6:00 PM - 12:00 AM",1,1,1,3,90,1,4,4,7,11
291,237,0,237,1,21,"VIC","Urban","12:00 PM - 6:00 PM",1,1,0,1,18,1,2,2,0,2
39,4465,2337,2128,0,55,"NSW","Regional","12:00 AM - 6:00 AM",1,0,0,1,180,3,3,1,2,3
824,4159,1829,2330,1,57,"NSW","Urban","12:00 PM - 6:00 PM",1,0,0,1,60,4,4,7,6,13
1430,2017,1501,516,1,33,"VIC","Regional","6:00 AM - 12:00 PM",1,1,0,1,18,1,3,0,0,0
82,469,0,469,0,24,"QLD","Urban","12:00 AM - 6:00 AM",0,0,0,3,108,1,1,8,5,13
698,293,0,293,0,35,"ACT","Regional","6:00 PM - 12:00 AM",0,0,0,2,36,1,3,2,2,4
154,4206,2017,2189,0,51,"QLD","Urban","12:00 AM - 6:00 AM",0,1,1,3,90,1,4,3,7,10
1029,776,0,776,0,34,"VIC","Remote","6:00 AM - 12:00 PM",1,1,0,2,72,1,3,7,6,13
141,384,0,384,0,22,"SA","Urban","12:00 AM - 6:00 AM",1,0,0,3,24,1,3,2,2,4
1982,687,0,687,1,25,"NSW","Urban","6:00 PM - 12:00 AM",1,1,0,3,120,1,2,7,4,11
839,2826,1687,1139,1,60,"SA","Regional","6:00 PM - 12:00 AM",0,1,0,3,168,4,2,0,0,0
643,4266,2359,1907,0,52,"QLD","Urban","6:00 PM - 12:00 AM",1,0,0,2,24,1,3,4,8,12
1590,3751,2214,1537,1,51,"VIC","Urban","6:00 AM - 12:00 PM",0,0,0,3,108,2,2,9,10,19
1538,4222,2311,1911,1,47,"NSW","Regional","6:00 AM - 12:00 PM",0,0,1,2,54,2,3,5,5,10
1863,659,0,659,1,34,"NSW","Urban","6:00 PM - 12:00 AM",0,1,1,1,120,2,3,8,8,16
1158,2052,1840,212,0,45,"QLD","Regional","12:00 PM - 6:00 PM",1,1,0,3,60,1,3,9,9,18
1096,2905,1592,1313,0,54,"NSW","Urban","6:00 AM - 12:00 PM",0,0,0,3,108,2,3,10,9,19
164,1332,0,1332,0,38,"NSW","Urban","12:00 AM - 6:00 AM",1,1,0,2,174,2,3,0,0,0
1727,3813,1790,2023,1,54,"TAS","Urban","6:00 PM - 12:00 AM",1,0,0,3,90,2,2,4,3,7
33,1743,1350,393,1,37,"WA","Urban","12:00 AM - 6:00 AM",0,1,0,3,12,2,4,0,0,0
568,3383,1926,1457,0,53,"VIC","Regional","6:00 PM - 12:00 AM",1,0,0,2,30,2,3,4,5,9
1276,344,0,344,1,23,"SA","Urban","6:00 AM - 12:00 PM",0,1,1,3,138,1,4,9,10,19
187,3816,2198,1618,0,44,"NT","Urban","12:00 AM - 6:00 AM",0,0,0,3,120,1,1,4,4,8
1246,323,0,323,0,20,"WA","Urban","6:00 AM - 12:00 PM",0,1,1,1,12,1,1,2,0,2
181,3958,2064,1894,1,57,"ACT","Regional","12:00 AM - 6:00 AM",0,0,1,3,36,1,1,2,3,5
1997,1023,0,1023,1,30,"VIC","Regional","6:00 PM - 12:00 AM",1,1,1,3,60,2,2,5,4,9
866,814,0,814,1,24,"NSW","Urban","6:00 PM - 12:00 AM",1,0,0,3,126,2,2,5,5,10
197,446,0,446,0,21,"ACT","Urban","12:00 AM - 6:00 AM",1,1,1,1,126,1,2,5,5,10
635,400,0,400,1,28,"NSW","Regional","12:00 PM - 6:00 PM",0,1,0,3,162,2,3,0,0,0
930,414,0,414,0,21,"TAS","Urban","6:00 AM - 12:00 PM",1,1,1,1,180,2,3,2,0,2
867,2624,1453,1171,1,45,"TAS","Urban","6:00 PM - 12:00 AM",0,0,1,3,138,1,4,4,7,11
235,1709,1490,219,0,34,"NT","Urban","12:00 AM - 6:00 AM",1,0,0,3,24,2,2,5,5,10
1662,1113,0,1113,0,41,"VIC","Urban","6:00 PM - 12:00 AM",1,1,1,3,102,1,2,9,9,18
722,200,0,200,1,41,"ACT","Regional","6:00 PM - 12:00 AM",0,0,0,1,48,1,4,4,4,8
673,182,0,182,0,31,"NT","Urban","6:00 PM - 12:00 AM",0,1,0,3,48,1,3,4,3,7
612,301,0,301,1,20,"WA","Urban","6:00 PM - 12:00 AM",0,1,0,1,60,2,3,5,8,13
1090,3447,2285,1162,0,56,"VIC","Urban","12:00 PM - 6:00 PM",1,0,1,3,54,3,2,5,3,8
13,407,0,407,0,21,"SA","Urban","12:00 AM - 6:00 AM",1,1,0,2,120,1,4,8,7,15
651,3687,1928,1759,0,53,"NSW","Urban","6:00 PM - 12:00 AM",0,0,1,3,78,2,2,8,8,16
473,628,0,628,1,36,"VIC","Urban","6:00 PM - 12:00 AM",0,1,0,2,66,2,4,10,10,20
1921,4222,2411,1811,1,43,"TAS","Urban","6:00 PM - 12:00 AM",1,1,1,2,150,1,5,10,10,20
940,163,0,163,0,51,"VIC","Regional","6:00 AM - 12:00 PM",1,1,0,3,54,1,5,2,6,8
420,1327,1072,255,1,26,"TAS","Urban","6:00 PM - 12:00 AM",0,1,1,1,42,2,2,4,1,5
215,1455,1455,0,1,29,"NSW","Urban","12:00 AM - 6:00 AM",1,1,1,1,120,2,4,10,10,20
1158,2052,1840,212,0,45,"QLD","Regional","12:00 PM - 6:00 PM",1,1,0,3,60,1,3,9,9,18
1307,294,0,294,0,24,"NT","Urban","6:00 AM - 12:00 PM",1,1,1,1,66,2,3,6,6,12
242,1839,1547,292,1,36,"QLD","Urban","12:00 AM - 6:00 AM",1,0,1,3,162,2,4,10,9,19
631,3121,1762,1359,0,56,"WA","Urban","6:00 PM - 12:00 AM",1,0,0,3,144,2,2,2,2,4
618,213,0,213,0,60,"SA","Urban","6:00 PM - 12:00 AM",1,1,0,3,114,1,3,7,2,9
1728,181,0,181,1,52,"SA","Urban","6:00 PM - 12:00 AM",1,1,1,3,138,1,2,7,6,13
1901,3094,1664,1430,0,47,"ACT","Urban","6:00 PM - 12:00 AM",1,0,1,1,168,4,4,8,7,15
1718,3886,1992,1894,0,58,"NSW","Urban","6:00 PM - 12:00 AM",0,0,0,1,48,1,3,3,3,6
1754,143,0,143,1,59,"QLD","Urban","6:00 PM - 12:00 AM",0,1,0,2,66,1,3,8,10,18
1047,358,0,358,1,21,"VIC","Urban","6:00 AM - 12:00 PM",1,1,1,3,36,1,4,6,3,9
99,1654,1333,321,0,27,"WA","Urban","12:00 AM - 6:00 AM",1,0,0,1,138,1,3,1,3,4
1262,905,0,905,1,37,"NSW","Urban","6:00 AM - 12:00 PM",0,1,0,3,144,1,1,7,7,14
522,3113,1708,1405,1,48,"QLD","Urban","6:00 PM - 12:00 AM",1,0,0,3,60,2,3,3,2,5
121,1345,0,1345,0,39,"VIC","Urban","12:00 AM - 6:00 AM",0,0,0,2,72,1,3,9,9,18
1985,1048,0,1048,0,39,"NSW","Urban","6:00 PM - 12:00 AM",1,1,1,3,48,2,2,4,4,8
1267,284,0,284,0,22,"SA","Regional","6:00 AM - 12:00 PM",0,1,0,3,168,2,2,4,5,9
1073,310,0,310,0,20,"SA","Remote","6:00 AM - 12:00 PM",1,1,0,3,84,1,5,7,4,11
1884,4592,2287,2305,1,48,"WA","Urban","6:00 PM - 12:00 AM",0,1,1,3,18,4,2,0,0,0
1856,1971,1467,504,1,40,"NSW","Urban","6:00 PM - 12:00 AM",0,1,1,3,162,2,3,1,0,1
1922,606,0,606,1,24,"NSW","Urban","6:00 PM - 12:00 AM",0,1,1,2,18,1,3,1,1,2
96,395,0,395,1,20,"VIC","Regional","12:00 AM - 6:00 AM",0,1,0,2,120,1,3,10,9,19
118,178,0,178,0,21,"VIC","Urban","12:00 AM - 6:00 AM",0,0,0,3,36,1,3,8,8,16
32,395,0,395,1,24,"NT","Urban","12:00 AM - 6:00 AM",0,1,1,2,30,2,3,0,0,0
1020,250,0,250,1,53,"VIC","Urban","6:00 AM - 12:00 PM",1,1,0,3,30,1,2,6,1,7
226,1855,1547,308,1,31,"NSW","Urban","12:00 AM - 6:00 AM",1,0,1,3,30,1,1,9,5,14
1774,1612,1366,246,0,45,"NSW","Urban","6:00 PM - 12:00 AM",1,1,0,1,84,2,2,9,10,19
1631,379,0,379,0,28,"VIC","Urban","6:00 PM - 12:00 AM",1,1,0,2,54,1,2,3,2,5
1784,423,0,423,1,26,"NSW","Remote","6:00 PM - 12:00 AM",0,1,1,3,66,1,3,10,10,20
922,555,0,555,0,22,"WA","Urban","6:00 AM - 12:00 PM",0,0,1,3,36,1,3,8,9,17
391,4015,2283,1732,0,49,"WA","Urban","12:00 PM - 6:00 PM",0,0,1,2,84,2,3,10,10,20
1137,4229,1957,2272,1,46,"VIC","Regional","6:00 AM - 12:00 PM",1,0,0,3,54,4,3,10,9,19
569,3527,2169,1358,1,50,"NSW","Regional","12:00 PM - 6:00 PM",0,0,1,2,126,1,4,10,10,20
1890,1454,1305,149,0,26,"VIC","Urban","12:00 PM - 6:00 PM",1,1,1,3,108,1,4,10,7,17
1850,4457,2359,2098,0,49,"NSW","Urban","6:00 PM - 12:00 AM",0,0,0,3,12,1,3,5,4,9
687,349,0,349,0,25,"NSW","Regional","6:00 PM - 12:00 AM",1,0,1,1,108,1,5,6,6,12
1366,511,0,511,1,22,"NSW","Urban","6:00 AM - 12:00 PM",0,1,1,3,12,2,1,1,1,2
1178,510,0,510,0,34,"VIC","Urban","6:00 AM - 12:00 PM",0,1,1,3,90,1,3,4,7,11
423,381,0,381,1,26,"VIC","Urban","6:00 PM - 12:00 AM",0,1,0,1,48,1,2,3,3,6
1155,1720,1304,416,0,44,"NT","Urban","6:00 AM - 12:00 PM",0,1,1,2,30,2,2,6,3,9
102,715,0,715,1,39,"VIC","Urban","12:00 PM - 6:00 PM",1,1,1,3,144,2,3,5,6,11
1865,210,0,210,0,40,"WA","Urban","6:00 PM - 12:00 AM",0,1,1,3,90,1,3,6,2,8
252,3073,1705,1368,1,48,"NT","Regional","12:00 AM - 6:00 AM",0,0,0,3,42,2,3,8,8,16
1047,358,0,358,1,21,"VIC","Urban","6:00 AM - 12:00 PM",1,1,1,3,36,1,4,6,3,9
1716,1328,0,1328,1,41,"NSW","Urban","6:00 PM - 12:00 AM",0,1,0,3,90,1,2,10,10,20
285,2987,1491,1496,1,48,"VIC","Regional","12:00 AM - 6:00 AM",0,0,0,3,54,3,4,7,6,13
1399,3516,1929,1587,1,47,"QLD","Urban","6:00 AM - 12:00 PM",0,1,0,3,78,2,2,6,3,9
1025,2404,1450,954,1,55,"VIC","Regional","6:00 AM - 12:00 PM",0,1,1,2,108,3,2,5,9,14
709,4213,2043,2170,0,50,"NSW","Urban","6:00 PM - 12:00 AM",0,1,0,3,84,2,2,8,8,16
711,187,0,187,1,47,"WA","Urban","6:00 PM - 12:00 AM",0,0,0,3,30,1,4,6,6,12
299,2361,1362,999,1,40,"ACT","Regional","12:00 AM - 6:00 AM",1,0,0,2,72,2,4,4,4,8
1320,2926,1708,1218,1,48,"VIC","Regional","6:00 AM - 12:00 PM",1,0,0,2,144,2,3,10,9,19
1175,3715,1779,1936,0,55,"VIC","Urban","6:00 AM - 12:00 PM",1,0,1,3,30,1,4,5,4,9
1805,234,0,234,0,35,"NSW","Urban","6:00 PM - 12:00 AM",1,1,1,3,24,1,4,4,0,4
463,1192,0,1192,0,37,"NSW","Urban","6:00 PM - 12:00 AM",0,1,1,2,102,2,4,8,10,18
395,1446,1241,205,0,34,"NSW","Remote","6:00 PM - 12:00 AM",1,1,0,2,72,2,2,1,4,5
997,283,0,283,0,25,"VIC","Regional","6:00 AM - 12:00 PM",1,1,0,3,42,2,3,4,3,7
1727,3813,1790,2023,1,54,"TAS","Urban","6:00 PM - 12:00 AM",1,0,0,3,90,2,2,4,3,7
1193,218,0,218,0,37,"ACT","Urban","6:00 AM - 12:00 PM",0,1,0,1,108,1,1,9,7,16
1601,1710,1437,273,1,37,"TAS","Urban","6:00 AM - 12:00 PM",1,0,0,3,174,1,2,5,2,7
1490,841,0,841,0,28,"VIC","Remote","6:00 AM - 12:00 PM",1,1,0,3,174,2,4,5,3,8
140,203,0,203,0,47,"SA","Urban","12:00 AM - 6:00 AM",0,1,0,1,42,1,3,5,0,5
1443,3538,1991,1547,1,57,"VIC","Urban","6:00 AM - 12:00 PM",1,0,0,3,60,4,4,4,2,6
1475,4011,2053,1958,0,57,"TAS","Urban","6:00 AM - 12:00 PM",1,0,1,3,84,4,5,10,10,20
1335,2227,1798,429,0,59,"VIC","Urban","12:00 PM - 6:00 PM",1,1,1,3,18,1,4,4,5,9
447,4481,1939,2542,0,55,"VIC","Regional","12:00 PM - 6:00 PM",0,0,0,3,108,3,3,8,10,18
268,228,0,228,1,40,"NSW","Urban","12:00 AM - 6:00 AM",1,0,1,1,36,1,4,8,9,17
870,3238,1933,1305,0,41,"NSW","Urban","6:00 PM - 12:00 AM",0,0,1,3,144,1,2,10,10,20
212,3015,1694,1321,0,42,"WA","Urban","12:00 AM - 6:00 AM",0,0,1,3,66,2,4,10,10,20
1893,2005,1558,447,0,38,"NSW","Regional","6:00 PM - 12:00 AM",0,0,0,1,102,1,3,10,10,20
1104,941,0,941,0,30,"TAS","Regional","6:00 AM - 12:00 PM",1,1,0,3,120,1,3,3,3,6
168,2934,1892,1042,0,47,"NSW","Urban","12:00 AM - 6:00 AM",0,0,1,3,138,3,2,6,1,7
1627,245,0,245,0,24,"QLD","Urban","6:00 PM - 12:00 AM",1,1,1,2,96,1,5,7,7,14
1104,941,0,941,0,30,"TAS","Regional","6:00 AM - 12:00 PM",1,1,0,3,120,1,3,3,3,6
336,335,0,335,1,20,"WA","Urban","12:00 PM - 6:00 PM",1,1,0,3,138,1,2,7,6,13
314,1433,1233,200,0,24,"VIC","Urban","6:00 PM - 12:00 AM",1,1,0,1,78,1,2,6,7,13
269,184,0,184,1,21,"NT","Urban","12:00 PM - 6:00 PM",1,1,0,1,72,1,3,3,2,5
1150,1745,1494,251,0,42,"QLD","Urban","6:00 AM - 12:00 PM",1,1,1,3,162,1,4,2,1,3
969,1817,0,1817,0,56,"VIC","Urban","6:00 AM - 12:00 PM",0,1,0,3,66,1,4,10,10,20
519,3346,1905,1441,0,53,"QLD","Urban","6:00 PM - 12:00 AM",0,0,1,3,132,2,5,9,5,14
1913,4063,2265,1798,0,60,"NSW","Urban","12:00 PM - 6:00 PM",1,0,0,1,162,4,3,0,4,4
526,3834,2029,1805,0,46,"ACT","Urban","6:00 PM - 12:00 AM",1,0,1,3,180,3,5,4,0,4
636,1276,0,1276,0,43,"TAS","Urban","6:00 PM - 12:00 AM",1,1,1,2,48,2,4,7,8,15
423,381,0,381,1,26,"VIC","Urban","6:00 PM - 12:00 AM",0,1,0,1,48,1,2,3,3,6
772,3290,1788,1502,0,44,"ACT","Urban","6:00 PM - 12:00 AM",0,0,0,3,30,3,3,4,3,7
1591,1064,0,1064,1,36,"NSW","Regional","12:00 PM - 6:00 PM",1,1,0,3,24,1,3,8,3,11
1004,2243,1265,978,0,52,"VIC","Urban","6:00 AM - 12:00 PM",1,1,0,2,144,2,4,10,9,19
87,268,0,268,1,28,"VIC","Regional","12:00 AM - 6:00 AM",1,0,1,3,72,1,4,7,7,14
1349,224,0,224,1,25,"NSW","Urban","6:00 AM - 12:00 PM",0,1,0,2,90,2,4,8,7,15
656,3923,2098,1825,1,56,"NSW","Urban","6:00 PM - 12:00 AM",1,0,0,3,156,1,4,2,1,3
745,1039,0,1039,0,29,"NSW","Regional","6:00 PM - 12:00 AM",1,0,0,1,144,2,3,6,5,11
1012,1491,1249,242,0,41,"ACT","Urban","6:00 AM - 12:00 PM",1,1,1,3,162,1,2,5,4,9
1610,2131,1667,464,0,33,"NSW","Urban","6:00 AM - 12:00 PM",1,0,1,1,156,2,2,5,5,10
1559,297,0,297,1,22,"ACT","Urban","6:00 AM - 12:00 PM",1,1,0,3,30,2,4,4,0,4
1069,2095,1792,303,0,52,"NSW","Remote","6:00 AM - 12:00 PM",0,0,0,3,108,1,1,10,9,19
1713,481,0,481,1,37,"SA","Urban","12:00 PM - 6:00 PM",1,1,1,3,54,1,2,6,3,9
41,1987,1773,214,0,43,"WA","Urban","12:00 AM - 6:00 AM",1,1,1,1,174,1,3,0,0,0
1396,765,0,765,1,27,"TAS","Urban","6:00 AM - 12:00 PM",0,1,0,3,156,1,3,3,3,6
447,4481,1939,2542,0,55,"VIC","Regional","12:00 PM - 6:00 PM",0,0,0,3,108,3,3,8,10,18
1249,158,0,158,0,60,"NSW","Urban","6:00 AM - 12:00 PM",1,1,1,2,156,1,2,4,4,8
186,2968,1748,1220,1,43,"SA","Urban","12:00 AM - 6:00 AM",0,0,1,3,168,4,5,5,5,10
1472,2497,1510,987,1,40,"NSW","Urban","6:00 AM - 12:00 PM",1,1,1,3,90,4,5,8,8,16
1698,3101,1842,1259,0,60,"SA","Urban","6:00 PM - 12:00 AM",0,0,1,3,36,3,2,10,7,17
585,3519,1850,1669,0,59,"NT","Regional","6:00 PM - 12:00 AM",0,0,0,3,24,3,3,6,7,13
1678,3788,2127,1661,1,49,"NSW","Regional","6:00 PM - 12:00 AM",0,0,0,3,96,3,3,8,10,18
1284,601,0,601,1,35,"NSW","Urban","6:00 AM - 12:00 PM",1,1,1,3,66,1,4,6,10,16
630,1257,0,1257,1,42,"NSW","Urban","6:00 PM - 12:00 AM",0,1,0,3,90,1,3,2,5,7
372,380,0,380,1,26,"NSW","Remote","6:00 PM - 12:00 AM",1,1,1,3,42,1,3,8,8,16
1366,511,0,511,1,22,"NSW","Urban","6:00 AM - 12:00 PM",0,1,1,3,12,2,1,1,1,2
1626,220,0,220,0,41,"ACT","Regional","6:00 PM - 12:00 AM",1,1,1,3,54,1,2,5,6,11
1549,489,0,489,0,24,"SA","Urban","6:00 AM - 12:00 PM",1,1,1,1,66,1,4,10,10,20
1308,3631,1931,1700,1,53,"NSW","Regional","6:00 AM - 12:00 PM",0,0,1,1,120,3,2,8,10,18
202,283,0,283,0,20,"TAS","Urban","12:00 PM - 6:00 PM",1,1,0,3,84,1,3,3,3,6
309,647,0,647,1,45,"VIC","Urban","6:00 PM - 12:00 AM",1,1,1,3,138,1,4,6,5,11
781,277,0,277,1,50,"NSW","Urban","6:00 PM - 12:00 AM",1,0,0,3,72,1,3,6,7,13
93,1757,1492,265,1,27,"VIC","Urban","12:00 AM - 6:00 AM",0,1,0,3,54,2,2,5,4,9
1537,221,0,221,1,56,"NSW","Urban","6:00 AM - 12:00 PM",1,0,0,3,162,1,4,4,4,8
357,3602,1853,1749,0,60,"SA","Urban","6:00 PM - 12:00 AM",0,0,0,3,30,1,2,5,7,12
773,2068,1748,320,1,35,"NT","Urban","6:00 PM - 12:00 AM",1,1,1,3,150,1,3,10,6,16
960,279,0,279,1,23,"VIC","Urban","6:00 AM - 12:00 PM",1,1,0,3,12,1,3,0,0,0
1627,245,0,245,0,24,"QLD","Urban","6:00 PM - 12:00 AM",1,1,1,2,96,1,5,7,7,14
1986,403,0,403,0,20,"ACT","Regional","6:00 PM - 12:00 AM",1,1,1,3,12,2,2,0,0,0
387,3624,2071,1553,0,49,"NSW","Urban","6:00 PM - 12:00 AM",0,0,0,3,36,1,4,8,9,17
1100,1784,1304,480,1,45,"NSW","Urban","6:00 AM - 12:00 PM",1,1,1,3,54,1,4,8,7,15
1463,3110,1698,1412,1,59,"SA","Regional","6:00 AM - 12:00 PM",0,0,0,3,138,3,3,10,6,16
267,3018,1557,1461,0,57,"VIC","Regional","12:00 AM - 6:00 AM",0,0,1,1,54,4,2,4,6,10
1819,1419,1302,117,1,37,"NSW","Urban","6:00 PM - 12:00 AM",1,1,0,1,84,2,3,10,9,19
1054,319,0,319,1,21,"VIC","Regional","6:00 AM - 12:00 PM",1,1,1,1,66,1,2,7,4,11
1718,3886,1992,1894,0,58,"NSW","Urban","6:00 PM - 12:00 AM",0,0,0,1,48,1,3,3,3,6
823,2662,1653,1009,0,47,"VIC","Urban","6:00 PM - 12:00 AM",0,0,0,3,24,3,3,6,5,11
1184,327,0,327,1,24,"NSW","Urban","6:00 AM - 12:00 PM",0,1,1,3,24,2,2,1,3,4
349,3163,1722,1441,1,57,"VIC","Regional","6:00 PM - 12:00 AM",0,0,1,3,90,2,2,6,7,13
169,501,0,501,1,34,"NSW","Urban","12:00 PM - 6:00 PM",1,1,0,3,120,1,3,9,8,17
491,1618,0,1618,0,43,"VIC","Remote","12:00 PM - 6:00 PM",0,1,0,3,90,2,3,8,8,16
591,1521,1279,242,0,38,"SA","Urban","12:00 PM - 6:00 PM",0,1,1,3,96,2,4,10,10,20
366,1455,1318,137,1,27,"VIC","Remote","6:00 PM - 12:00 AM",1,1,0,2,150,1,2,7,8,15
632,3984,2165,1819,1,52,"WA","Urban","6:00 PM - 12:00 AM",0,0,0,3,54,1,3,10,10,20
942,2076,1525,551,0,49,"VIC","Regional","6:00 AM - 12:00 PM",1,1,0,3,90,1,3,6,6,12
593,3291,1937,1354,1,58,"NSW","Remote","6:00 PM - 12:00 AM",0,0,0,1,114,4,1,6,2,8
1224,833,0,833,1,30,"TAS","Urban","12:00 PM - 6:00 PM",1,1,0,2,66,1,3,5,5,10
1723,206,0,206,1,31,"NSW","Urban","6:00 PM - 12:00 AM",1,1,1,3,150,1,3,4,6,10
492,4040,2204,1836,1,59,"NT","Remote","6:00 PM - 12:00 AM",0,0,1,3,144,4,2,7,9,16
1293,267,0,267,1,25,"NT","Urban","6:00 AM - 12:00 PM",0,1,0,2,144,1,3,2,2,4
880,214,0,214,1,47,"ACT","Urban","6:00 PM - 12:00 AM",1,0,0,3,162,1,4,6,6,12
909,1621,1423,198,0,30,"ACT","Urban","6:00 AM - 12:00 PM",1,1,0,1,162,1,2,2,0,2
1502,2977,1909,1068,0,60,"SA","Urban","12:00 PM - 6:00 PM",0,0,0,3,18,3,2,6,1,7
553,856,0,856,0,27,"ACT","Regional","6:00 PM - 12:00 AM",1,1,0,1,72,1,3,5,6,11
1134,142,0,142,1,26,"TAS","Remote","6:00 AM - 12:00 PM",1,1,0,2,180,1,2,3,6,9
444,4263,2393,1870,0,53,"NSW","Urban","6:00 PM - 12:00 AM",1,0,0,1,132,4,2,9,9,18
1795,944,0,944,1,38,"VIC","Urban","6:00 PM - 12:00 AM",1,1,1,1,60,2,3,7,5,12
1468,3626,2010,1616,0,56,"NT","Remote","6:00 AM - 12:00 PM",0,0,0,3,78,4,3,9,4,13
1604,180,0,180,1,38,"VIC","Regional","6:00 AM - 12:00 PM",1,0,0,3,90,1,5,9,10,19
286,1012,0,1012,0,30,"WA","Urban","12:00 AM - 6:00 AM",1,0,0,3,60,1,4,10,9,19
38,209,0,209,1,48,"TAS","Urban","12:00 AM - 6:00 AM",0,1,0,1,150,1,3,8,8,16
748,1535,0,1535,1,31,"NT","Regional","6:00 PM - 12:00 AM",1,1,1,3,24,1,4,3,2,5
802,353,0,353,0,24,"TAS","Urban","12:00 PM - 6:00 PM",0,1,0,3,90,2,4,5,4,9
98,448,0,448,1,21,"NSW","Urban","12:00 AM - 6:00 AM",0,0,0,3,132,1,3,10,10,20
1801,3276,1859,1417,0,55,"NSW","Urban","6:00 PM - 12:00 AM",1,0,0,3,156,3,3,6,10,16
502,390,0,390,0,24,"NSW","Urban","12:00 PM - 6:00 PM",0,1,0,3,42,1,3,3,0,3
544,3925,1813,2112,1,56,"NSW","Regional","6:00 PM - 12:00 AM",0,0,0,3,162,4,1,4,1,5
809,2735,1581,1154,1,44,"WA","Urban","6:00 PM - 12:00 AM",0,0,1,3,54,4,4,7,10,17
1108,3335,1846,1489,0,57,"NSW","Urban","6:00 AM - 12:00 PM",0,0,0,2,72,3,3,7,9,16
1144,431,0,431,1,30,"NT","Regional","6:00 AM - 12:00 PM",0,1,0,2,132,2,4,9,10,19
1391,241,0,241,0,22,"VIC","Urban","12:00 PM - 6:00 PM",1,1,0,2,126,1,5,8,8,16
1672,479,0,479,0,27,"NSW","Urban","6:00 PM - 12:00 AM",1,1,1,3,60,2,3,9,10,19
738,3174,1675,1499,1,60,"SA","Urban","6:00 PM - 12:00 AM",1,0,0,2,84,4,3,10,7,17
1113,2419,1238,1181,0,54,"WA","Regional","12:00 PM - 6:00 PM",1,1,0,3,72,1,2,9,8,17
291,237,0,237,1,21,"VIC","Urban","12:00 PM - 6:00 PM",1,1,0,1,18,1,2,2,0,2
496,4352,2570,1782,0,55,"NSW","Urban","6:00 PM - 12:00 AM",0,0,1,1,84,3,3,8,7,15
1788,3757,2137,1620,1,50,"NT","Remote","6:00 PM - 12:00 AM",1,0,1,3,54,4,3,8,10,18
1339,689,0,689,0,31,"NT","Urban","6:00 AM - 12:00 PM",1,1,0,1,90,2,3,5,8,13
843,1317,1160,157,0,28,"NSW","Urban","6:00 PM - 12:00 AM",1,1,0,3,150,2,4,8,8,16
1389,199,0,199,0,34,"VIC","Regional","6:00 AM - 12:00 PM",1,1,0,3,162,1,2,7,6,13
629,247,0,247,0,49,"ACT","Urban","6:00 PM - 12:00 AM",0,1,0,2,84,1,3,8,8,16
675,4223,2058,2165,1,55,"SA","Urban","6:00 PM - 12:00 AM",0,0,1,1,126,3,3,8,7,15
13,407,0,407,0,21,"SA","Urban","12:00 AM - 6:00 AM",1,1,0,2,120,1,4,8,7,15
1311,428,0,428,1,28,"NT","Urban","6:00 AM - 12:00 PM",1,1,0,2,138,1,2,3,5,8
1286,816,0,816,0,38,"NT","Urban","6:00 AM - 12:00 PM",0,1,0,3,120,1,3,4,4,8
1503,3335,1732,1603,0,45,"WA","Urban","6:00 AM - 12:00 PM",0,0,0,2,12,1,2,0,0,0
1809,1536,1341,195,0,33,"SA","Urban","6:00 PM - 12:00 AM",0,1,0,3,84,1,2,7,10,17
1478,3236,1554,1682,1,54,"VIC","Urban","6:00 AM - 12:00 PM",0,0,0,1,108,1,5,5,6,11
1479,2573,1536,1037,0,38,"VIC","Regional","6:00 AM - 12:00 PM",1,0,0,3,66,2,3,5,2,7
279,4347,1858,2489,1,51,"NSW","Regional","12:00 AM - 6:00 AM",0,1,0,3,60,3,2,8,8,16
616,3631,1962,1669,1,54,"NSW","Urban","6:00 PM - 12:00 AM",1,0,1,2,114,1,2,10,10,20
855,1820,1493,327,0,26,"QLD","Regional","6:00 PM - 12:00 AM",1,0,0,2,78,1,1,10,10,20
1889,2188,0,2188,1,53,"WA","Regional","6:00 PM - 12:00 AM",1,1,1,2,96,3,3,8,3,11
1665,329,0,329,0,23,"ACT","Urban","6:00 PM - 12:00 AM",1,1,0,3,126,2,4,6,8,14
1498,3366,1551,1815,0,49,"TAS","Remote","6:00 AM - 12:00 PM",0,0,0,3,126,2,4,10,9,19
1284,601,0,601,1,35,"NSW","Urban","6:00 AM - 12:00 PM",1,1,1,3,66,1,4,6,10,16
1647,1415,0,1415,1,49,"VIC","Urban","6:00 PM - 12:00 AM",0,1,1,1,156,2,3,2,1,3
1011,1422,0,1422,0,58,"NT","Urban","6:00 AM - 12:00 PM",0,1,1,3,24,1,3,5,8,13
398,645,0,645,1,45,"SA","Urban","6:00 PM - 12:00 AM",1,1,0,3,72,2,2,4,3,7
724,355,0,355,1,29,"NSW","Regional","12:00 PM - 6:00 PM",0,1,0,3,120,2,3,7,7,14
413,4344,2448,1896,1,57,"VIC","Regional","12:00 PM - 6:00 PM",0,0,0,2,84,2,4,10,10,20
1934,3513,2005,1508,0,44,"VIC","Regional","6:00 PM - 12:00 AM",0,0,0,3,150,3,3,7,7,14
539,3902,1871,2031,0,46,"WA","Urban","6:00 PM - 12:00 AM",1,0,0,3,30,4,4,5,5,10
162,4392,2426,1966,0,44,"NSW","Urban","12:00 AM - 6:00 AM",0,0,0,1,36,2,3,7,10,17
872,3381,1813,1568,1,43,"QLD","Urban","6:00 PM - 12:00 AM",0,0,0,3,180,3,3,4,5,9
309,647,0,647,1,45,"VIC","Urban","6:00 PM - 12:00 AM",1,1,1,3,138,1,4,6,5,11
609,4369,2127,2242,0,58,"TAS","Regional","6:00 PM - 12:00 AM",0,0,0,3,84,1,5,10,10,20
1200,4647,2638,2009,0,52,"NT","Urban","6:00 AM - 12:00 PM",0,0,1,3,24,1,4,9,8,17
309,647,0,647,1,45,"VIC","Urban","6:00 PM - 12:00 AM",1,1,1,3,138,1,4,6,5,11
959,2828,1675,1153,1,59,"VIC","Urban","6:00 AM - 12:00 PM",1,1,1,1,36,2,3,6,4,10
414,1330,1183,147,0,37,"NSW","Urban","6:00 PM - 12:00 AM",0,1,0,3,150,1,3,8,5,13
1003,428,0,428,0,27,"NSW","Urban","6:00 AM - 12:00 PM",1,1,0,3,120,2,4,10,10,20
1270,4187,2300,1887,1,51,"NSW","Regional","6:00 AM - 12:00 PM",1,0,1,1,138,2,3,9,4,13
1017,2026,1563,463,0,58,"NT","Urban","6:00 AM - 12:00 PM",0,1,0,3,72,1,2,7,7,14
1331,984,0,984,0,37,"VIC","Urban","6:00 AM - 12:00 PM",0,1,0,3,150,1,2,10,8,18
1629,1409,0,1409,0,53,"ACT","Urban","6:00 PM - 12:00 AM",1,1,1,3,96,2,1,7,8,15
1486,4426,2185,2241,1,43,"SA","Urban","6:00 AM - 12:00 PM",0,0,0,3,30,4,2,6,1,7
1238,1129,0,1129,0,43,"NSW","Regional","6:00 AM - 12:00 PM",1,1,0,1,36,2,2,8,5,13
495,247,0,247,0,41,"NSW","Urban","6:00 PM - 12:00 AM",0,1,0,3,156,1,2,7,7,14
824,4159,1829,2330,1,57,"NSW","Urban","12:00 PM - 6:00 PM",1,0,0,1,60,4,4,7,6,13
1068,3857,1989,1868,1,53,"VIC","Remote","12:00 PM - 6:00 PM",0,0,1,1,42,4,4,3,5,8
1723,206,0,206,1,31,"NSW","Urban","6:00 PM - 12:00 AM",1,1,1,3,150,1,3,4,6,10
672,1818,1501,317,0,31,"NSW","Regional","6:00 PM - 12:00 AM",1,0,1,3,24,2,3,0,2,2
1898,192,0,192,0,47,"NT","Urban","6:00 PM - 12:00 AM",0,0,0,1,78,1,3,10,10,20
1509,3499,1971,1528,0,52,"VIC","Urban","6:00 AM - 12:00 PM",0,0,0,3,72,2,4,6,5,11
244,1562,1383,179,0,28,"NSW","Urban","12:00 AM - 6:00 AM",1,0,0,3,54,2,2,2,2,4
1955,4314,2260,2054,1,43,"NSW","Regional","6:00 PM - 12:00 AM",0,0,0,2,84,3,2,9,10,19
506,262,0,262,0,24,"NSW","Urban","6:00 PM - 12:00 AM",1,1,0,3,114,1,4,10,10,20
1047,358,0,358,1,21,"VIC","Urban","6:00 AM - 12:00 PM",1,1,1,3,36,1,4,6,3,9
1058,1655,0,1655,1,59,"VIC","Urban","6:00 AM - 12:00 PM",0,1,1,3,144,2,3,6,5,11
1482,1557,0,1557,0,31,"QLD","Regional","6:00 AM - 12:00 PM",1,0,0,3,96,2,2,7,2,9
307,1337,1166,171,1,25,"QLD","Regional","6:00 PM - 12:00 AM",1,1,1,3,168,1,3,0,3,3
1687,3658,2111,1547,0,57,"NSW","Regional","6:00 PM - 12:00 AM",1,0,0,2,150,3,2,4,4,8
1476,1241,0,1241,0,33,"NSW","Regional","6:00 AM - 12:00 PM",1,0,1,3,150,1,2,9,8,17
1343,1394,1092,302,1,37,"NT","Urban","6:00 AM - 12:00 PM",1,1,0,2,84,1,4,7,3,10
1481,4394,2437,1957,0,58,"TAS","Urban","6:00 AM - 12:00 PM",0,0,1,2,114,1,3,10,10,20
1836,328,0,328,1,24,"NSW","Urban","6:00 PM - 12:00 AM",1,1,1,3,18,1,4,1,0,1
74,453,0,453,0,22,"VIC","Urban","12:00 AM - 6:00 AM",0,1,1,2,156,1,5,10,9,19
1441,2011,1718,293,0,39,"NSW","Urban","6:00 AM - 12:00 PM",0,0,0,3,180,1,3,7,4,11
1408,1540,1234,306,1,27,"ACT","Regional","6:00 AM - 12:00 PM",1,0,0,3,84,2,4,3,5,8
90,396,0,396,1,23,"SA","Urban","12:00 AM - 6:00 AM",0,0,0,3,132,1,4,8,8,16
459,4704,2548,2156,0,46,"NSW","Regional","6:00 PM - 12:00 AM",1,0,0,3,90,3,2,5,8,13
210,4214,2285,1929,0,52,"NSW","Regional","12:00 AM - 6:00 AM",0,0,0,3,150,4,3,9,8,17
1622,1441,0,1441,0,48,"VIC","Urban","6:00 PM - 12:00 AM",0,0,0,3,66,1,3,10,10,20
519,3346,1905,1441,0,53,"QLD","Urban","6:00 PM - 12:00 AM",0,0,1,3,132,2,5,9,5,14
662,3218,1741,1477,0,52,"NSW","Urban","6:00 PM - 12:00 AM",1,1,0,3,120,3,3,5,4,9
843,1317,1160,157,0,28,"NSW","Urban","6:00 PM - 12:00 AM",1,1,0,3,150,2,4,8,8,16
1869,2602,1503,1099,0,45,"NSW","Regional","6:00 PM - 12:00 AM",0,1,0,2,120,3,3,10,8,18
1403,490,0,490,0,23,"NT","Urban","6:00 AM - 12:00 PM",1,0,1,3,30,1,5,2,2,4
19,3387,2250,1137,0,58,"NSW","Urban","12:00 AM - 6:00 AM",1,0,0,1,60,4,3,4,5,9
737,3426,1670,1756,0,49,"NSW","Regional","6:00 PM - 12:00 AM",0,1,1,3,102,3,4,7,9,16
1084,231,0,231,0,57,"NSW","Urban","6:00 AM - 12:00 PM",1,1,0,3,120,1,3,7,7,14
1361,297,0,297,0,22,"VIC","Regional","6:00 AM - 12:00 PM",0,1,0,2,18,1,4,1,1,2
1584,3932,2046,1886,0,57,"TAS","Urban","6:00 AM - 12:00 PM",0,1,0,2,90,3,4,9,8,17
335,2160,1944,216,1,48,"NT","Urban","12:00 PM - 6:00 PM",0,0,0,3,138,2,4,8,10,18
787,4517,2383,2134,1,43,"NSW","Urban","6:00 PM - 12:00 AM",0,0,0,2,150,3,2,4,3,7
1214,264,0,264,0,24,"VIC","Urban","6:00 AM - 12:00 PM",0,1,1,2,66,1,3,6,5,11
682,4372,2320,2052,1,47,"SA","Urban","6:00 PM - 12:00 AM",0,1,1,3,36,3,2,2,6,8
1285,1124,0,1124,1,44,"VIC","Urban","6:00 AM - 12:00 PM",1,1,0,3,24,2,3,4,4,8
1280,1577,1377,200,0,39,"VIC","Regional","12:00 PM - 6:00 PM",1,1,1,3,156,2,3,7,7,14
878,2957,1748,1209,0,47,"NSW","Urban","6:00 PM - 12:00 AM",0,0,0,3,132,3,4,7,7,14
508,1594,1300,294,1,31,"TAS","Urban","6:00 PM - 12:00 AM",0,1,0,1,12,2,4,4,1,5
320,3354,1954,1400,1,53,"VIC","Urban","6:00 PM - 12:00 AM",0,0,1,3,162,1,3,8,10,18
489,4007,2348,1659,0,53,"QLD","Regional","6:00 PM - 12:00 AM",1,0,0,3,84,4,4,9,10,19
1104,941,0,941,0,30,"TAS","Regional","6:00 AM - 12:00 PM",1,1,0,3,120,1,3,3,3,6
76,603,0,603,1,26,"NSW","Regional","12:00 AM - 6:00 AM",0,1,1,1,12,1,3,0,0,0
1627,245,0,245,0,24,"QLD","Urban","6:00 PM - 12:00 AM",1,1,1,2,96,1,5,7,7,14
1917,425,0,425,0,25,"NSW","Remote","6:00 PM - 12:00 AM",0,1,1,3,138,1,4,10,9,19
1680,948,0,948,1,30,"QLD","Urban","12:00 PM - 6:00 PM",0,1,1,3,174,2,2,4,2,6
1026,196,0,196,0,59,"VIC","Urban","6:00 AM - 12:00 PM",1,1,0,3,108,1,3,10,9,19
1025,2404,1450,954,1,55,"VIC","Regional","6:00 AM - 12:00 PM",0,1,1,2,108,3,2,5,9,14
58,368,0,368,1,25,"NT","Regional","12:00 PM - 6:00 PM",1,1,1,3,138,2,3,8,10,18
1696,3401,2209,1192,0,55,"NT","Urban","6:00 PM - 12:00 AM",0,0,0,3,180,1,2,6,7,13
931,1729,1454,275,1,40,"VIC","Urban","6:00 AM - 12:00 PM",1,1,1,3,90,1,3,10,10,20
81,576,0,576,0,21,"QLD","Urban","12:00 AM - 6:00 AM",1,0,1,2,24,2,3,3,0,3
226,1855,1547,308,1,31,"NSW","Urban","12:00 AM - 6:00 AM",1,0,1,3,30,1,1,9,5,14
1305,4264,2092,2172,1,51,"SA","Regional","6:00 AM - 12:00 PM",1,0,0,1,126,3,2,4,2,6
1260,3003,1676,1327,0,56,"QLD","Urban","6:00 AM - 12:00 PM",1,0,0,1,114,2,1,8,6,14
847,2179,1923,256,1,38,"NSW","Urban","6:00 PM - 12:00 AM",1,1,1,3,36,2,3,10,6,16
685,3879,1994,1885,0,49,"NSW","Urban","6:00 PM - 12:00 AM",1,1,1,1,24,1,3,5,1,6
1474,446,0,446,1,24,"NSW","Urban","6:00 AM - 12:00 PM",1,0,0,2,120,1,3,7,8,15
1689,2937,1707,1230,1,46,"NSW","Regional","6:00 PM - 12:00 AM",1,0,0,2,18,1,3,0,1,1
864,4434,2090,2344,0,48,"QLD","Urban","6:00 PM - 12:00 AM",0,1,0,3,162,4,3,4,8,12
470,4393,2168,2225,0,50,"QLD","Remote","6:00 PM - 12:00 AM",1,0,0,3,66,3,4,10,10,20
13,407,0,407,0,21,"SA","Urban","12:00 AM - 6:00 AM",1,1,0,2,120,1,4,8,7,15
1980,4520,2643,1877,0,57,"SA","Urban","6:00 PM - 12:00 AM",0,0,0,2,30,4,2,4,4,8
1985,1048,0,1048,0,39,"NSW","Urban","6:00 PM - 12:00 AM",1,1,1,3,48,2,2,4,4,8
1909,1049,0,1049,0,37,"NSW","Regional","6:00 PM - 12:00 AM",1,0,0,1,24,1,3,7,5,12
328,465,0,465,0,34,"VIC","Urban","6:00 PM - 12:00 AM",1,1,1,3,180,2,3,3,2,5
214,4080,2520,1560,0,48,"VIC","Urban","12:00 AM - 6:00 AM",0,0,0,3,144,1,4,8,10,18
668,1540,1328,212,0,30,"SA","Urban","12:00 PM - 6:00 PM",1,1,0,3,138,1,2,3,6,9
6,500,0,500,0,33,"SA","Urban","12:00 AM - 6:00 AM",1,1,0,3,150,1,3,2,5,7
179,150,0,150,1,21,"WA","Urban","12:00 AM - 6:00 AM",1,1,0,2,102,1,3,10,10,20
974,2457,2183,274,0,58,"ACT","Remote","6:00 AM - 12:00 PM",0,0,0,1,12,4,3,4,7,11
640,4160,2216,1944,0,45,"NSW","Urban","6:00 PM - 12:00 AM",0,0,0,3,36,4,4,8,7,15
186,2968,1748,1220,1,43,"SA","Urban","12:00 AM - 6:00 AM",0,0,1,3,168,4,5,5,5,10
597,518,0,518,1,31,"NSW","Urban","6:00 PM - 12:00 AM",0,1,0,3,90,1,2,10,10,20
1510,4274,2427,1847,1,52,"NSW","Urban","6:00 AM - 12:00 PM",0,0,0,3,42,2,4,9,8,17
349,3163,1722,1441,1,57,"VIC","Regional","6:00 PM - 12:00 AM",0,0,1,3,90,2,2,6,7,13
1041,153,0,153,1,29,"VIC","Regional","6:00 AM - 12:00 PM",1,1,0,3,42,1,2,4,3,7
1566,3982,2027,1955,0,58,"NSW","Regional","6:00 AM - 12:00 PM",0,0,0,2,12,1,3,2,0,2
1583,408,0,408,1,25,"NSW","Urban","6:00 AM - 12:00 PM",1,1,0,1,168,1,4,8,3,11
1418,4224,1990,2234,0,49,"SA","Urban","6:00 AM - 12:00 PM",0,0,0,3,180,3,4,6,6,12
822,868,0,868,1,29,"NSW","Regional","6:00 PM - 12:00 AM",1,1,0,3,108,2,3,7,2,9
820,3293,1633,1660,1,50,"NSW","Regional","6:00 PM - 12:00 AM",0,0,1,3,96,3,3,9,9,18
730,226,0,226,0,46,"NSW","Regional","6:00 PM - 12:00 AM",1,1,0,2,150,1,3,8,7,15
936,1738,1364,374,1,41,"WA","Urban","6:00 AM - 12:00 PM",1,1,0,3,168,1,2,7,7,14
810,4277,2357,1920,0,46,"NT","Regional","6:00 PM - 12:00 AM",0,0,0,3,174,2,3,7,6,13
1807,370,0,370,0,20,"WA","Urban","6:00 PM - 12:00 AM",0,1,0,3,138,1,3,8,10,18
44,367,0,367,1,26,"NSW","Urban","12:00 AM - 6:00 AM",0,1,1,3,96,1,4,10,10,20
1931,1815,1575,240,0,36,"WA","Urban","6:00 PM - 12:00 AM",1,0,0,3,18,2,4,0,0,0
1641,1774,0,1774,1,51,"VIC","Regional","6:00 PM - 12:00 AM",1,1,1,3,90,3,3,10,9,19
681,4192,1949,2243,0,58,"VIC","Urban","6:00 PM - 12:00 AM",1,0,1,3,72,4,3,10,10,20
1755,4229,1953,2276,0,58,"SA","Urban","6:00 PM - 12:00 AM",1,0,0,2,54,1,4,6,10,16
1965,1187,0,1187,0,30,"NT","Regional","6:00 PM - 12:00 AM",1,1,0,2,138,2,2,6,5,11
598,1883,1502,381,0,42,"WA","Urban","6:00 PM - 12:00 AM",0,1,1,2,108,2,4,10,10,20
1859,4495,2611,1884,0,48,"SA","Urban","6:00 PM - 12:00 AM",0,0,1,2,120,1,3,9,8,17
1194,4267,2263,2004,0,51,"NSW","Urban","6:00 AM - 12:00 PM",0,0,0,3,102,3,3,7,7,14
560,3066,1659,1407,0,49,"SA","Urban","6:00 PM - 12:00 AM",1,0,0,2,138,3,5,8,4,12
1925,4776,2970,1806,0,47,"WA","Urban","6:00 PM - 12:00 AM",0,0,0,1,24,2,3,1,4,5
1377,742,0,742,1,29,"NSW","Regional","6:00 AM - 12:00 PM",1,1,0,1,126,1,4,4,4,8
1462,2339,1507,832,1,31,"SA","Urban","6:00 AM - 12:00 PM",1,0,0,3,24,1,5,0,1,1
1116,202,0,202,0,42,"VIC","Urban","6:00 AM - 12:00 PM",1,1,0,1,102,1,2,5,4,9
284,3464,1887,1577,1,51,"NT","Remote","12:00 AM - 6:00 AM",0,0,1,3,150,3,3,4,2,6
1911,2160,1633,527,1,37,"NSW","Urban","6:00 PM - 12:00 AM",1,1,0,1,114,1,2,8,10,18
928,138,0,138,1,51,"VIC","Urban","6:00 AM - 12:00 PM",1,1,1,1,78,1,3,5,5,10
1967,3158,1979,1179,1,54,"NSW","Urban","6:00 PM - 12:00 AM",0,0,1,3,120,3,3,5,3,8
47,1030,0,1030,1,31,"VIC","Urban","12:00 PM - 6:00 PM",1,1,0,2,162,2,2,4,7,11
690,4283,1978,2305,1,47,"SA","Urban","6:00 PM - 12:00 AM",0,1,0,3,150,4,3,7,7,14
433,1095,0,1095,1,38,"NSW","Remote","6:00 PM - 12:00 AM",0,1,0,1,90,2,3,5,4,9
272,4199,2172,2027,0,47,"NSW","Urban","12:00 AM - 6:00 AM",0,1,0,3,174,3,2,0,0,0
1143,151,0,151,0,25,"NSW","Urban","6:00 AM - 12:00 PM",0,1,1,2,174,1,3,5,8,13
1264,424,0,424,0,33,"VIC","Urban","6:00 AM - 12:00 PM",0,1,0,3,18,2,3,3,2,5
1165,1349,0,1349,1,41,"NSW","Urban","6:00 AM - 12:00 PM",0,1,1,3,78,2,3,10,9,19
96,395,0,395,1,20,"VIC","Regional","12:00 AM - 6:00 AM",0,1,0,2,120,1,3,10,9,19
936,1738,1364,374,1,41,"WA","Urban","6:00 AM - 12:00 PM",1,1,0,3,168,1,2,7,7,14
1281,479,0,479,1,28,"NSW","Remote","6:00 AM - 12:00 PM",0,1,1,1,126,2,3,10,10,20
166,4337,2095,2242,0,53,"WA","Regional","12:00 AM - 6:00 AM",0,0,1,3,168,4,3,4,4,8
421,282,0,282,0,20,"NSW","Remote","6:00 PM - 12:00 AM",1,1,1,3,168,1,4,2,3,5
1614,1221,1042,179,1,26,"QLD","Urban","6:00 AM - 12:00 PM",1,0,1,1,54,1,2,3,4,7
1027,580,0,580,0,33,"VIC","Regional","6:00 AM - 12:00 PM",1,1,1,1,60,2,4,9,9,18
746,4795,2651,2144,1,52,"ACT","Urban","12:00 PM - 6:00 PM",1,0,1,3,120,3,4,8,8,16
743,1103,0,1103,0,36,"NSW","Remote","6:00 PM - 12:00 AM",1,0,0,3,60,1,3,5,0,5
1004,2243,1265,978,0,52,"VIC","Urban","6:00 AM - 12:00 PM",1,1,0,2,144,2,4,10,9,19
96,395,0,395,1,20,"VIC","Regional","12:00 AM - 6:00 AM",0,1,0,2,120,1,3,10,9,19
1061,2441,1595,846,1,56,"TAS","Urban","6:00 AM - 12:00 PM",0,1,1,3,174,2,2,3,6,9
1187,3998,2232,1766,0,53,"TAS","Urban","6:00 AM - 12:00 PM",0,0,0,3,102,4,4,10,10,20
1071,1674,0,1674,0,51,"WA","Urban","6:00 AM - 12:00 PM",0,1,0,3,24,2,4,3,4,7
1407,1752,1406,346,0,26,"WA","Regional","6:00 AM - 12:00 PM",0,1,1,2,48,1,3,7,6,13
276,1917,1486,431,1,39,"SA","Urban","12:00 AM - 6:00 AM",1,0,0,2,108,2,4,10,7,17
730,226,0,226,0,46,"NSW","Regional","6:00 PM - 12:00 AM",1,1,0,2,150,1,3,8,7,15
1980,4520,2643,1877,0,57,"SA","Urban","6:00 PM - 12:00 AM",0,0,0,2,30,4,2,4,4,8
154,4206,2017,2189,0,51,"QLD","Urban","12:00 AM - 6:00 AM",0,1,1,3,90,1,4,3,7,10
1773,1458,1272,186,1,38,"VIC","Urban","6:00 PM - 12:00 AM",1,1,0,1,18,1,3,0,0,0
969,1817,0,1817,0,56,"VIC","Urban","6:00 AM - 12:00 PM",0,1,0,3,66,1,4,10,10,20
1815,446,0,446,0,27,"ACT","Urban","6:00 PM - 12:00 AM",0,1,1,2,132,1,4,10,10,20
1012,1491,1249,242,0,41,"ACT","Urban","6:00 AM - 12:00 PM",1,1,1,3,162,1,2,5,4,9
1368,229,0,229,1,24,"WA","Urban","6:00 AM - 12:00 PM",1,1,1,3,42,1,4,8,10,18
1264,424,0,424,0,33,"VIC","Urban","6:00 AM - 12:00 PM",0,1,0,3,18,2,3,3,2,5
1413,4830,2684,2146,1,52,"NSW","Regional","12:00 PM - 6:00 PM",1,0,0,1,78,1,3,10,7,17
1300,473,0,473,0,28,"NSW","Urban","6:00 AM - 12:00 PM",1,1,1,3,84,2,3,10,10,20
481,277,0,277,1,21,"NSW","Urban","6:00 PM - 12:00 AM",0,1,0,3,132,2,4,7,4,11
1368,229,0,229,1,24,"WA","Urban","6:00 AM - 12:00 PM",1,1,1,3,42,1,4,8,10,18
141,384,0,384,0,22,"SA","Urban","12:00 AM - 6:00 AM",1,0,0,3,24,1,3,2,2,4
1537,221,0,221,1,56,"NSW","Urban","6:00 AM - 12:00 PM",1,0,0,3,162,1,4,4,4,8
909,1621,1423,198,0,30,"ACT","Urban","6:00 AM - 12:00 PM",1,1,0,1,162,1,2,2,0,2
1825,4672,2246,2426,0,58,"QLD","Urban","6:00 PM - 12:00 AM",0,0,0,3,174,1,3,4,6,10
1941,3957,2094,1863,1,47,"NSW","Urban","6:00 PM - 12:00 AM",1,1,0,3,42,2,2,1,0,1
1728,181,0,181,1,52,"SA","Urban","6:00 PM - 12:00 AM",1,1,1,3,138,1,2,7,6,13
820,3293,1633,1660,1,50,"NSW","Regional","6:00 PM - 12:00 AM",0,0,1,3,96,3,3,9,9,18
105,1502,1160,342,1,27,"WA","Urban","12:00 AM - 6:00 AM",0,1,0,2,36,1,3,9,5,14
1123,4148,2211,1937,1,57,"NSW","Regional","6:00 AM - 12:00 PM",0,0,1,3,126,1,4,10,10,20
1606,1913,1645,268,1,37,"VIC","Urban","6:00 AM - 12:00 PM",1,1,1,3,96,2,2,6,7,13
979,718,0,718,0,38,"VIC","Urban","12:00 PM - 6:00 PM",1,1,0,2,42,1,2,3,2,5
350,722,0,722,1,25,"VIC","Urban","6:00 PM - 12:00 AM",1,1,1,1,120,1,3,10,9,19
445,3920,1950,1970,1,46,"SA","Regional","6:00 PM - 12:00 AM",1,0,0,2,162,2,3,2,6,8
912,2140,1655,485,0,60,"VIC","Urban","6:00 AM - 12:00 PM",0,0,0,3,96,1,3,6,6,12
365,1458,1314,144,1,38,"VIC","Urban","6:00 PM - 12:00 AM",1,1,0,3,84,1,2,4,5,9
53,466,0,466,1,29,"WA","Urban","12:00 AM - 6:00 AM",1,1,1,3,138,1,3,10,9,19
1174,906,0,906,0,31,"VIC","Regional","6:00 AM - 12:00 PM",1,1,1,3,150,1,2,9,9,18
1746,914,0,914,0,28,"QLD","Urban","12:00 PM - 6:00 PM",1,1,1,2,60,1,3,6,2,8
731,3649,1754,1895,0,41,"TAS","Urban","6:00 PM - 12:00 AM",0,0,0,3,72,4,2,9,10,19
609,4369,2127,2242,0,58,"TAS","Regional","6:00 PM - 12:00 AM",0,0,0,3,84,1,5,10,10,20
1703,3670,1813,1857,0,49,"QLD","Urban","6:00 PM - 12:00 AM",1,0,0,3,150,3,2,8,10,18
268,228,0,228,1,40,"NSW","Urban","12:00 AM - 6:00 AM",1,0,1,1,36,1,4,8,9,17
1750,4200,2103,2097,0,59,"NSW","Remote","6:00 PM - 12:00 AM",1,0,0,3,168,1,4,5,6,11
696,1508,1398,110,0,29,"TAS","Urban","6:00 PM - 12:00 AM",0,1,0,3,132,2,5,10,7,17
958,364,0,364,0,22,"SA","Remote","6:00 AM - 12:00 PM",1,1,1,2,126,1,2,6,5,11
1990,346,0,346,0,21,"WA","Urban","12:00 PM - 6:00 PM",0,1,1,3,84,1,4,8,10,18
683,4119,2222,1897,0,56,"QLD","Regional","6:00 PM - 12:00 AM",0,0,1,1,156,4,1,8,7,15
1681,3455,1843,1612,1,50,"NSW","Urban","6:00 PM - 12:00 AM",0,0,0,3,120,4,4,8,6,14
586,479,0,479,0,35,"NSW","Urban","6:00 PM - 12:00 AM",1,1,0,3,66,2,2,3,2,5
1000,245,0,245,0,24,"VIC","Urban","6:00 AM - 12:00 PM",1,1,1,3,180,1,4,6,6,12
802,353,0,353,0,24,"TAS","Urban","12:00 PM - 6:00 PM",0,1,0,3,90,2,4,5,4,9
1028,1859,1664,195,0,51,"WA","Urban","6:00 AM - 12:00 PM",0,1,0,3,18,1,1,5,5,10
1992,1988,1804,184,0,38,"SA","Urban","6:00 PM - 12:00 AM",1,1,0,3,156,2,4,5,7,12
7,3886,2152,1734,0,50,"SA","Urban","12:00 AM - 6:00 AM",1,0,1,3,120,3,3,4,3,7
1490,841,0,841,0,28,"VIC","Remote","6:00 AM - 12:00 PM",1,1,0,3,174,2,4,5,3,8
530,725,0,725,1,33,"NSW","Regional","6:00 PM - 12:00 AM",1,1,0,2,48,2,3,6,5,11
584,4348,2378,1970,0,57,"ACT","Urban","6:00 PM - 12:00 AM",0,0,1,3,138,1,3,9,6,15
1968,353,0,353,1,24,"VIC","Regional","12:00 PM - 6:00 PM",0,1,1,3,144,1,3,3,2,5
1299,307,0,307,1,22,"NSW","Regional","6:00 AM - 12:00 PM",1,1,0,3,126,1,3,8,8,16
284,3464,1887,1577,1,51,"NT","Remote","12:00 AM - 6:00 AM",0,0,1,3,150,3,3,4,2,6
656,3923,2098,1825,1,56,"NSW","Urban","6:00 PM - 12:00 AM",1,0,0,3,156,1,4,2,1,3
523,328,0,328,0,29,"NSW","Urban","6:00 PM - 12:00 AM",1,1,0,3,162,2,2,3,6,9
522,3113,1708,1405,1,48,"QLD","Urban","6:00 PM - 12:00 AM",1,0,0,3,60,2,3,3,2,5
1161,3747,2147,1600,0,46,"NT","Urban","6:00 AM - 12:00 PM",0,0,0,3,54,3,3,5,0,5
806,1910,1724,186,1,34,"NSW","Urban","6:00 PM - 12:00 AM",1,1,0,3,138,1,4,8,10,18
985,161,0,161,1,44,"VIC","Urban","6:00 AM - 12:00 PM",1,1,0,2,168,1,4,5,4,9
847,2179,1923,256,1,38,"NSW","Urban","6:00 PM - 12:00 AM",1,1,1,3,36,2,3,10,6,16
489,4007,2348,1659,0,53,"QLD","Regional","6:00 PM - 12:00 AM",1,0,0,3,84,4,4,9,10,19
1733,3360,1800,1560,0,54,"NT","Urban","6:00 PM - 12:00 AM",0,0,1,3,60,2,3,8,7,15
1611,432,0,432,1,26,"NSW","Regional","6:00 AM - 12:00 PM",1,1,1,1,102,1,3,10,10,20
1101,977,0,977,1,31,"NSW","Regional","12:00 PM - 6:00 PM",1,1,0,3,102,1,3,10,9,19
321,1935,1650,285,0,37,"QLD","Urban","6:00 PM - 12:00 AM",1,1,1,3,72,1,2,4,1,5
1524,973,0,973,1,26,"NSW","Urban","12:00 PM - 6:00 PM",1,1,0,2,96,2,4,8,10,18
1758,483,0,483,1,30,"VIC","Urban","6:00 PM - 12:00 AM",0,1,0,3,30,2,4,3,0,3
159,3191,1643,1548,1,44,"NSW","Urban","12:00 AM - 6:00 AM",0,0,1,1,102,3,2,10,9,19
815,1076,0,1076,0,33,"ACT","Regional","6:00 PM - 12:00 AM",1,0,0,3,72,1,3,5,5,10
1305,4264,2092,2172,1,51,"SA","Regional","6:00 AM - 12:00 PM",1,0,0,1,126,3,2,4,2,6
1609,230,0,230,0,46,"NSW","Regional","6:00 AM - 12:00 PM",1,1,0,3,36,1,2,7,3,10
1315,4408,2264,2144,0,46,"NSW","Urban","6:00 AM - 12:00 PM",0,0,1,2,114,2,3,5,5,10
1002,965,0,965,0,39,"WA","Urban","12:00 PM - 6:00 PM",0,1,0,3,24,1,3,0,1,1
760,170,0,170,1,38,"TAS","Urban","6:00 PM - 12:00 AM",1,1,1,3,120,1,4,8,7,15
34,1859,1464,395,0,45,"TAS","Urban","12:00 AM - 6:00 AM",1,1,0,1,60,1,2,2,1,3
59,967,0,967,0,45,"WA","Urban","12:00 AM - 6:00 AM",0,1,0,3,72,2,2,7,3,10
1794,3481,1837,1644,1,56,"TAS","Regional","6:00 PM - 12:00 AM",1,0,0,3,108,1,3,8,9,17
154,4206,2017,2189,0,51,"QLD","Urban","12:00 AM - 6:00 AM",0,1,1,3,90,1,4,3,7,10
1188,4319,2352,1967,1,58,"NSW","Remote","6:00 AM - 12:00 PM",0,0,1,3,114,4,3,5,8,13
1245,1010,0,1010,1,42,"QLD","Urban","6:00 AM - 12:00 PM",0,1,0,3,108,2,3,4,3,7
102,715,0,715,1,39,"VIC","Urban","12:00 PM - 6:00 PM",1,1,1,3,144,2,3,5,6,11
1949,3045,1540,1505,0,45,"VIC","Urban","6:00 PM - 12:00 AM",0,1,0,1,42,4,4,7,5,12
304,1268,0,1268,1,25,"WA","Urban","6:00 PM - 12:00 AM",0,0,1,3,96,1,3,7,10,17
1997,1023,0,1023,1,30,"VIC","Regional","6:00 PM - 12:00 AM",1,1,1,3,60,2,2,5,4,9
1718,3886,1992,1894,0,58,"NSW","Urban","6:00 PM - 12:00 AM",0,0,0,1,48,1,3,3,3,6
1932,4102,2313,1789,0,55,"NSW","Urban","6:00 PM - 12:00 AM",0,0,1,3,72,3,3,10,9,19
1039,1456,0,1456,0,48,"ACT","Urban","6:00 AM - 12:00 PM",0,1,1,3,18,1,4,0,4,4
925,1007,0,1007,0,42,"VIC","Remote","6:00 AM - 12:00 PM",1,1,0,3,66,2,2,10,5,15
1231,3191,1833,1358,0,48,"NSW","Urban","6:00 AM - 12:00 PM",1,0,0,3,180,2,4,4,4,8
746,4795,2651,2144,1,52,"ACT","Urban","12:00 PM - 6:00 PM",1,0,1,3,120,3,4,8,8,16
1161,3747,2147,1600,0,46,"NT","Urban","6:00 AM - 12:00 PM",0,0,0,3,54,3,3,5,0,5
706,3357,1946,1411,0,59,"NSW","Remote","6:00 PM - 12:00 AM",0,0,0,3,162,2,2,2,2,4
1345,298,0,298,0,25,"NSW","Urban","6:00 AM - 12:00 PM",1,1,0,3,150,1,3,7,5,12
659,3274,1692,1582,1,47,"VIC","Remote","6:00 PM - 12:00 AM",0,1,0,3,174,4,3,5,4,9
1278,3421,1946,1475,1,46,"NSW","Urban","6:00 AM - 12:00 PM",0,0,0,3,12,2,3,0,4,4
1894,4322,2512,1810,0,53,"NSW","Urban","6:00 PM - 12:00 AM",1,1,0,2,162,2,3,4,3,7
552,829,0,829,1,36,"QLD","Urban","6:00 PM - 12:00 AM",1,1,1,3,102,2,2,9,8,17
835,223,0,223,1,30,"TAS","Urban","12:00 PM - 6:00 PM",0,1,0,1,12,1,3,1,5,6
1759,3831,2066,1765,0,60,"VIC","Urban","6:00 PM - 12:00 AM",1,0,0,2,168,1,3,5,9,14
1208,4243,2253,1990,0,56,"NSW","Urban","6:00 AM - 12:00 PM",1,0,1,3,162,1,3,2,1,3
571,199,0,199,1,20,"NSW","Urban","6:00 PM - 12:00 AM",1,1,0,1,114,1,5,9,10,19
1201,285,0,285,1,21,"QLD","Regional","6:00 AM - 12:00 PM",1,1,0,1,78,2,3,4,3,7
1779,343,0,343,0,34,"VIC","Urban","12:00 PM - 6:00 PM",1,1,1,3,174,2,4,6,6,12
767,840,0,840,1,27,"NSW","Urban","6:00 PM - 12:00 AM",1,1,1,3,126,1,3,8,8,16
392,1488,1256,232,1,31,"QLD","Regional","6:00 PM - 12:00 AM",1,1,0,2,138,1,5,10,9,19
1577,3470,2007,1463,1,57,"NSW","Urban","6:00 AM - 12:00 PM",0,0,1,1,84,4,3,10,9,19
1574,358,0,358,1,22,"NSW","Regional","6:00 AM - 12:00 PM",1,0,0,3,150,2,3,3,2,5
1240,1198,0,1198,0,39,"TAS","Urban","6:00 AM - 12:00 PM",0,1,1,3,78,2,3,8,10,18
1927,1601,1382,219,1,28,"NSW","Urban","6:00 PM - 12:00 AM",0,1,0,1,54,2,4,8,8,16
1947,177,0,177,1,21,"NSW","Urban","6:00 PM - 12:00 AM",1,1,1,3,180,1,4,0,2,2
795,214,0,214,1,40,"TAS","Urban","6:00 PM - 12:00 AM",1,1,0,2,48,1,5,4,7,11
481,277,0,277,1,21,"NSW","Urban","6:00 PM - 12:00 AM",0,1,0,3,132,2,4,7,4,11
1400,188,0,188,0,42,"NSW","Urban","6:00 AM - 12:00 PM",1,0,0,2,108,1,5,8,5,13
667,3150,1867,1283,0,52,"ACT","Urban","6:00 PM - 12:00 AM",0,0,1,3,18,1,2,5,5,10
692,465,0,465,0,20,"WA","Remote","6:00 PM - 12:00 AM",1,0,1,1,36,1,3,5,5,10
403,3159,1678,1481,0,57,"VIC","Urban","6:00 PM - 12:00 AM",0,1,0,2,120,2,1,10,10,20
1508,2996,1820,1176,1,42,"NSW","Urban","6:00 AM - 12:00 PM",0,0,0,2,108,1,4,10,7,17
532,268,0,268,1,53,"VIC","Regional","6:00 PM - 12:00 AM",0,1,0,3,174,1,3,0,0,0
1077,465,0,465,1,29,"NSW","Urban","6:00 AM - 12:00 PM",1,1,0,2,60,2,3,6,5,11
204,1077,0,1077,1,37,"NSW","Remote","12:00 AM - 6:00 AM",1,1,0,3,132,2,5,10,10,20
721,4354,2408,1946,1,46,"ACT","Regional","6:00 PM - 12:00 AM",0,0,1,1,42,1,4,4,3,7
503,3556,1846,1710,0,55,"VIC","Urban","6:00 PM - 12:00 AM",0,0,0,3,18,4,3,0,0,0
989,1565,1284,281,0,35,"VIC","Urban","6:00 AM - 12:00 PM",1,1,1,3,144,1,3,7,7,14
316,1266,0,1266,1,42,"ACT","Urban","6:00 PM - 12:00 AM",1,1,1,3,150,2,4,10,8,18
947,1407,1106,301,1,39,"SA","Urban","6:00 AM - 12:00 PM",1,1,1,1,48,2,4,6,5,11
948,290,0,290,0,25,"VIC","Regional","6:00 AM - 12:00 PM",1,1,1,3,84,1,5,10,10,20
352,3223,2019,1204,0,59,"VIC","Remote","6:00 PM - 12:00 AM",0,0,1,1,138,1,3,6,7,13
1241,382,0,382,1,24,"WA","Regional","6:00 AM - 12:00 PM",0,1,0,1,132,2,3,6,1,7
337,249,0,249,0,35,"VIC","Regional","6:00 PM - 12:00 AM",1,1,0,3,84,1,3,5,3,8
1277,3056,1652,1404,1,52,"TAS","Regional","6:00 AM - 12:00 PM",1,0,0,3,120,1,2,7,5,12
1028,1859,1664,195,0,51,"WA","Urban","6:00 AM - 12:00 PM",0,1,0,3,18,1,1,5,5,10
752,1409,0,1409,1,35,"VIC","Regional","6:00 PM - 12:00 AM",1,1,1,2,66,1,4,5,9,14
417,1937,1595,342,1,42,"VIC","Urban","6:00 PM - 12:00 AM",0,1,0,2,162,2,3,3,7,10
983,878,0,878,0,35,"VIC","Urban","6:00 AM - 12:00 PM",1,1,1,3,138,1,2,10,10,20
1949,3045,1540,1505,0,45,"VIC","Urban","6:00 PM - 12:00 AM",0,1,0,1,42,4,4,7,5,12
1921,4222,2411,1811,1,43,"TAS","Urban","6:00 PM - 12:00 AM",1,1,1,2,150,1,5,10,10,20
124,811,0,811,1,29,"SA","Urban","12:00 AM - 6:00 AM",1,0,0,3,156,1,4,7,6,13
120,694,0,694,1,22,"VIC","Regional","12:00 AM - 6:00 AM",0,0,0,3,18,1,2,0,2,2
277,508,0,508,0,21,"NSW","Urban","12:00 AM - 6:00 AM",1,1,1,3,48,2,3,8,7,15
893,1465,0,1465,1,43,"QLD","Urban","6:00 AM - 12:00 PM",1,1,0,1,126,4,2,6,4,10
1550,466,0,466,0,20,"WA","Urban","6:00 AM - 12:00 PM",1,1,0,1,126,1,3,5,3,8
655,175,0,175,1,56,"ACT","Urban","6:00 PM - 12:00 AM",0,1,1,2,42,1,3,2,1,3
481,277,0,277,1,21,"NSW","Urban","6:00 PM - 12:00 AM",0,1,0,3,132,2,4,7,4,11
717,440,0,440,0,20,"NSW","Regional","6:00 PM - 12:00 AM",0,0,1,2,72,1,3,10,8,18
502,390,0,390,0,24,"NSW","Urban","12:00 PM - 6:00 PM",0,1,0,3,42,1,3,3,0,3
287,217,0,217,1,29,"NSW","Regional","12:00 AM - 6:00 AM",1,0,1,1,102,1,3,10,5,15
351,1339,1064,275,0,42,"WA","Urban","6:00 PM - 12:00 AM",1,1,0,1,90,1,2,3,3,6
191,1413,1217,196,1,30,"NT","Urban","12:00 PM - 6:00 PM",1,1,0,3,84,2,2,8,3,11
1671,4215,2317,1898,1,57,"ACT","Urban","6:00 PM - 12:00 AM",0,0,0,3,42,2,4,6,6,12
580,1512,0,1512,1,44,"SA","Urban","12:00 PM - 6:00 PM",0,1,0,3,156,2,4,8,9,17
70,425,0,425,1,23,"VIC","Urban","12:00 AM - 6:00 AM",0,1,1,2,132,1,3,5,9,14
605,4436,2231,2205,1,54,"QLD","Urban","6:00 PM - 12:00 AM",0,0,0,3,78,2,2,9,10,19
1265,975,0,975,0,39,"NSW","Remote","6:00 AM - 12:00 PM",0,1,0,2,132,2,2,4,2,6
867,2624,1453,1171,1,45,"TAS","Urban","6:00 PM - 12:00 AM",0,0,1,3,138,1,4,4,7,11
730,226,0,226,0,46,"NSW","Regional","6:00 PM - 12:00 AM",1,1,0,2,150,1,3,8,7,15
918,303,0,303,0,24,"VIC","Urban","6:00 AM - 12:00 PM",1,1,0,3,102,1,4,10,5,15
1022,504,0,504,1,34,"VIC","Remote","6:00 AM - 12:00 PM",1,1,1,3,18,2,3,0,0,0
381,547,0,547,0,45,"VIC","Urban","6:00 PM - 12:00 AM",1,1,0,3,84,1,3,6,4,10
955,306,0,306,1,22,"NSW","Regional","6:00 AM - 12:00 PM",1,1,1,3,66,1,2,5,9,14
1855,4591,2249,2342,1,51,"NSW","Regional","6:00 PM - 12:00 AM",1,0,0,3,84,4,4,10,10,20
765,3680,2009,1671,1,59,"NSW","Urban","6:00 PM - 12:00 AM",0,0,0,2,54,1,1,10,10,20
300,177,0,177,1,53,"NSW","Regional","12:00 AM - 6:00 AM",1,0,0,3,42,1,4,3,3,6
1445,1865,1760,105,1,28,"ACT","Urban","6:00 AM - 12:00 PM",0,1,1,1,156,1,4,4,3,7
597,518,0,518,1,31,"NSW","Urban","6:00 PM - 12:00 AM",0,1,0,3,90,1,2,10,10,20
1282,1370,1233,137,1,31,"TAS","Remote","6:00 AM - 12:00 PM",1,1,0,1,144,1,3,4,8,12
200,246,0,246,1,48,"NSW","Regional","12:00 AM - 6:00 AM",1,0,1,3,108,1,5,8,4,12
375,3373,1774,1599,1,60,"VIC","Regional","6:00 PM - 12:00 AM",0,1,1,3,66,3,4,8,3,11
1116,202,0,202,0,42,"VIC","Urban","6:00 AM - 12:00 PM",1,1,0,1,102,1,2,5,4,9
1377,742,0,742,1,29,"NSW","Regional","6:00 AM - 12:00 PM",1,1,0,1,126,1,4,4,4,8
1295,3517,1883,1634,1,47,"SA","Urban","6:00 AM - 12:00 PM",1,0,1,2,72,4,4,6,4,10
384,4208,2092,2116,1,55,"NSW","Urban","6:00 PM - 12:00 AM",0,0,0,2,132,2,2,6,5,11
1375,326,0,326,1,25,"NT","Regional","6:00 AM - 12:00 PM",0,1,0,3,72,1,4,4,4,8
1535,4305,2300,2005,0,58,"QLD","Remote","12:00 PM - 6:00 PM",0,0,0,3,90,2,3,5,8,13
1668,2197,1228,969,0,50,"VIC","Regional","12:00 PM - 6:00 PM",0,0,1,2,120,2,3,10,8,18
442,1951,1466,485,0,44,"QLD","Urban","6:00 PM - 12:00 AM",1,1,1,3,96,2,2,9,9,18
339,1542,1430,112,1,24,"ACT","Regional","6:00 PM - 12:00 AM",1,1,0,3,54,1,3,2,2,4
1299,307,0,307,1,22,"NSW","Regional","6:00 AM - 12:00 PM",1,1,0,3,126,1,3,8,8,16
1847,634,0,634,1,34,"TAS","Urban","6:00 PM - 12:00 AM",0,1,1,3,96,1,3,8,8,16
662,3218,1741,1477,0,52,"NSW","Urban","6:00 PM - 12:00 AM",1,1,0,3,120,3,3,5,4,9
683,4119,2222,1897,0,56,"QLD","Regional","6:00 PM - 12:00 AM",0,0,1,1,156,4,1,8,7,15
307,1337,1166,171,1,25,"QLD","Regional","6:00 PM - 12:00 AM",1,1,1,3,168,1,3,0,3,3
431,1020,0,1020,1,40,"NT","Urban","6:00 PM - 12:00 AM",1,1,0,3,72,1,3,7,7,14
168,2934,1892,1042,0,47,"NSW","Urban","12:00 AM - 6:00 AM",0,0,1,3,138,3,2,6,1,7
1201,285,0,285,1,21,"QLD","Regional","6:00 AM - 12:00 PM",1,1,0,1,78,2,3,4,3,7
82,469,0,469,0,24,"QLD","Urban","12:00 AM - 6:00 AM",0,0,0,3,108,1,1,8,5,13
248,1030,0,1030,1,31,"QLD","Regional","12:00 AM - 6:00 AM",1,0,0,3,66,1,2,7,6,13
1749,1716,1372,344,1,34,"NSW","Urban","6:00 PM - 12:00 AM",1,1,1,1,54,2,4,9,5,14
1546,653,0,653,0,31,"SA","Urban","12:00 PM - 6:00 PM",1,1,1,2,84,2,4,5,5,10
1390,628,0,628,1,39,"NSW","Urban","6:00 AM - 12:00 PM",1,1,1,3,48,2,2,2,3,5
1134,142,0,142,1,26,"TAS","Remote","6:00 AM - 12:00 PM",1,1,0,2,180,1,2,3,6,9
506,262,0,262,0,24,"NSW","Urban","6:00 PM - 12:00 AM",1,1,0,3,114,1,4,10,10,20
1800,416,0,416,0,29,"VIC","Regional","6:00 PM - 12:00 AM",1,1,1,2,42,1,4,3,3,6
365,1458,1314,144,1,38,"VIC","Urban","6:00 PM - 12:00 AM",1,1,0,3,84,1,2,4,5,9
74,453,0,453,0,22,"VIC","Urban","12:00 AM - 6:00 AM",0,1,1,2,156,1,5,10,9,19
405,224,0,224,1,36,"NSW","Remote","6:00 PM - 12:00 AM",1,1,0,3,162,1,2,4,7,11
1518,292,0,292,1,46,"WA","Urban","6:00 AM - 12:00 PM",1,0,0,2,96,1,2,6,6,12
1089,3767,1908,1859,0,47,"ACT","Urban","6:00 AM - 12:00 PM",0,0,0,3,132,3,4,6,5,11
527,176,0,176,1,46,"TAS","Remote","6:00 PM - 12:00 AM",0,1,1,2,180,1,3,2,0,2
1684,3121,1780,1341,0,56,"NSW","Urban","6:00 PM - 12:00 AM",0,0,1,3,114,4,4,8,10,18
1141,304,0,304,1,24,"NSW","Remote","6:00 AM - 12:00 PM",0,1,1,3,96,1,2,6,5,11
857,3759,2216,1543,1,53,"QLD","Urban","12:00 PM - 6:00 PM",1,0,1,2,132,3,3,10,9,19
1456,4153,2187,1966,1,58,"NSW","Urban","6:00 AM - 12:00 PM",0,0,1,3,18,3,3,5,4,9
1878,3734,2082,1652,1,41,"VIC","Remote","6:00 PM - 12:00 AM",0,1,1,3,138,4,3,8,4,12
1059,1609,0,1609,0,60,"QLD","Urban","6:00 AM - 12:00 PM",1,1,1,3,132,1,2,6,1,7
1704,294,0,294,0,23,"NSW","Urban","6:00 PM - 12:00 AM",0,1,1,3,102,1,2,4,5,9
369,4152,2281,1871,1,60,"QLD","Urban","12:00 PM - 6:00 PM",0,0,0,2,36,1,3,3,3,6
1631,379,0,379,0,28,"VIC","Urban","6:00 PM - 12:00 AM",1,1,0,2,54,1,2,3,2,5
852,2218,1706,512,1,40,"NSW","Urban","6:00 PM - 12:00 AM",1,1,1,3,102,2,3,10,10,20
1843,3349,1739,1610,1,56,"NSW","Urban","6:00 PM - 12:00 AM",0,0,1,2,120,1,3,10,10,20
526,3834,2029,1805,0,46,"ACT","Urban","6:00 PM - 12:00 AM",1,0,1,3,180,3,5,4,0,4
1053,1411,1258,153,1,45,"VIC","Regional","6:00 AM - 12:00 PM",1,1,1,1,150,1,3,5,1,6
771,3996,2015,1981,1,47,"ACT","Urban","6:00 PM - 12:00 AM",0,0,1,2,66,4,3,10,9,19
956,486,0,486,1,37,"NT","Remote","6:00 AM - 12:00 PM",1,1,1,3,114,1,3,10,10,20
26,3813,1933,1880,0,60,"WA","Urban","12:00 AM - 6:00 AM",1,0,0,1,84,1,2,9,5,14
1427,2901,1617,1284,1,55,"NSW","Regional","6:00 AM - 12:00 PM",0,1,1,3,162,4,2,5,4,9
319,214,0,214,1,23,"TAS","Urban","6:00 PM - 12:00 AM",1,1,1,3,36,1,3,5,5,10
1211,744,0,744,0,29,"VIC","Urban","6:00 AM - 12:00 PM",0,1,0,3,84,2,4,10,10,20
474,216,0,216,1,29,"NSW","Remote","6:00 PM - 12:00 AM",1,1,0,3,156,1,2,3,2,5
992,1434,0,1434,0,51,"VIC","Regional","6:00 AM - 12:00 PM",0,1,1,3,84,4,2,9,8,17
1621,3444,1772,1672,1,54,"VIC","Urban","6:00 PM - 12:00 AM",0,0,1,3,132,3,3,7,7,14
1019,622,0,622,0,38,"VIC","Regional","6:00 AM - 12:00 PM",1,1,0,3,66,1,4,10,10,20
286,1012,0,1012,0,30,"WA","Urban","12:00 AM - 6:00 AM",1,0,0,3,60,1,4,10,9,19
1930,1779,1560,219,1,33,"NSW","Urban","6:00 PM - 12:00 AM",0,0,1,3,24,2,3,6,5,11
1701,1505,1311,194,0,38,"VIC","Urban","6:00 PM - 12:00 AM",1,1,1,3,168,1,4,7,5,12
1458,4443,2230,2213,0,51,"SA","Urban","12:00 PM - 6:00 PM",1,0,0,1,60,4,3,10,5,15
1025,2404,1450,954,1,55,"VIC","Regional","6:00 AM - 12:00 PM",0,1,1,2,108,3,2,5,9,14
374,1560,1354,206,1,34,"VIC","Urban","6:00 PM - 12:00 AM",1,1,0,2,78,2,2,10,9,19
1958,3695,1802,1893,1,42,"VIC","Urban","6:00 PM - 12:00 AM",0,1,0,3,54,3,2,2,5,7
1233,3724,1951,1773,1,55,"VIC","Remote","6:00 AM - 12:00 PM",1,0,0,3,174,4,4,5,1,6
1766,1722,1468,254,1,41,"NSW","Urban","6:00 PM - 12:00 AM",1,1,1,3,174,2,2,4,0,4
1962,4349,2397,1952,1,42,"NSW","Regional","6:00 PM - 12:00 AM",0,0,0,3,168,1,3,4,0,4
1672,479,0,479,0,27,"NSW","Urban","6:00 PM - 12:00 AM",1,1,1,3,60,2,3,9,10,19
1786,4822,2593,2229,0,52,"SA","Urban","6:00 PM - 12:00 AM",1,0,0,3,108,1,3,10,10,20
1506,3230,1966,1264,1,59,"ACT","Regional","6:00 AM - 12:00 PM",0,0,1,3,138,3,2,8,6,14
826,1814,1505,309,0,38,"QLD","Urban","6:00 PM - 12:00 AM",1,0,0,3,108,2,4,10,10,20
346,172,0,172,1,26,"VIC","Regional","6:00 PM - 12:00 AM",1,1,0,3,84,1,2,4,4,8
349,3163,1722,1441,1,57,"VIC","Regional","6:00 PM - 12:00 AM",0,0,1,3,90,2,2,6,7,13
94,815,0,815,1,24,"VIC","Urban","12:00 AM - 6:00 AM",0,1,1,2,42,2,3,9,8,17
1596,679,0,679,0,22,"ACT","Regional","6:00 AM - 12:00 PM",1,0,1,3,150,2,5,10,10,20
1506,3230,1966,1264,1,59,"ACT","Regional","6:00 AM - 12:00 PM",0,0,1,3,138,3,2,8,6,14
147,165,0,165,0,28,"NSW","Urban","12:00 PM - 6:00 PM",1,1,1,3,12,1,2,0,0,0
1091,989,0,989,0,39,"NSW","Remote","6:00 AM - 12:00 PM",1,1,1,3,138,1,3,9,8,17
1470,3229,1715,1514,1,53,"NSW","Regional","6:00 AM - 12:00 PM",0,0,0,2,60,4,3,10,7,17
992,1434,0,1434,0,51,"VIC","Regional","6:00 AM - 12:00 PM",0,1,1,3,84,4,2,9,8,17
1434,4346,1914,2432,0,55,"TAS","Urban","6:00 AM - 12:00 PM",0,1,0,3,30,4,2,6,3,9
1365,177,0,177,0,24,"TAS","Regional","6:00 AM - 12:00 PM",0,1,1,1,108,1,2,10,10,20
1619,174,0,174,1,37,"VIC","Urban","6:00 PM - 12:00 AM",1,1,1,3,30,1,2,1,0,1
692,465,0,465,0,20,"WA","Remote","6:00 PM - 12:00 AM",1,0,1,1,36,1,3,5,5,10
493,1197,0,1197,0,45,"NSW","Regional","6:00 PM - 12:00 AM",0,1,1,3,174,2,2,6,5,11
132,2096,1730,366,1,30,"VIC","Urban","12:00 AM - 6:00 AM",1,0,0,1,48,1,3,5,3,8
448,3772,2042,1730,1,58,"NT","Urban","6:00 PM - 12:00 AM",0,0,0,3,24,1,2,2,6,8
1643,200,0,200,0,53,"ACT","Remote","6:00 PM - 12:00 AM",1,1,0,2,126,1,1,9,8,17
471,3013,1747,1266,0,56,"NSW","Urban","6:00 PM - 12:00 AM",1,0,0,2,156,2,3,1,5,6
1026,196,0,196,0,59,"VIC","Urban","6:00 AM - 12:00 PM",1,1,0,3,108,1,3,10,9,19
1324,3528,2009,1519,0,56,"NT","Urban","12:00 PM - 6:00 PM",1,0,0,3,60,3,4,8,8,16
1892,1587,1286,301,0,29,"VIC","Urban","6:00 PM - 12:00 AM",1,0,0,3,48,1,4,8,4,12
1385,384,0,384,0,23,"NSW","Urban","6:00 AM - 12:00 PM",1,1,0,3,12,1,4,1,0,1
1793,1654,1447,207,1,33,"NSW","Remote","6:00 PM - 12:00 AM",0,1,1,3,54,2,3,10,10,20
1683,1242,0,1242,0,36,"NSW","Urban","6:00 PM - 12:00 AM",1,1,1,3,96,1,2,4,6,10
1779,343,0,343,0,34,"VIC","Urban","12:00 PM - 6:00 PM",1,1,1,3,174,2,4,6,6,12
1973,327,0,327,0,21,"NSW","Urban","6:00 PM - 12:00 AM",1,1,0,3,180,2,2,0,0,0
358,401,0,401,1,23,"NSW","Urban","12:00 PM - 6:00 PM",1,1,0,1,60,2,3,0,4,4
689,4711,2478,2233,1,59,"NSW","Urban","6:00 PM - 12:00 AM",0,0,1,2,18,2,2,0,1,1
1757,271,0,271,1,23,"SA","Regional","12:00 PM - 6:00 PM",0,1,1,3,132,1,3,10,9,19
552,829,0,829,1,36,"QLD","Urban","6:00 PM - 12:00 AM",1,1,1,3,102,2,2,9,8,17
511,817,0,817,1,34,"QLD","Urban","6:00 PM - 12:00 AM",0,1,1,3,132,2,4,10,10,20
468,330,0,330,1,23,"QLD","Urban","6:00 PM - 12:00 AM",0,1,1,3,156,1,3,6,6,12
1001,1388,1185,203,1,44,"VIC","Regional","12:00 PM - 6:00 PM",1,1,1,3,150,1,3,9,8,17
1965,1187,0,1187,0,30,"NT","Regional","6:00 PM - 12:00 AM",1,1,0,2,138,2,2,6,5,11
1120,2565,1385,1180,0,43,"ACT","Regional","6:00 AM - 12:00 PM",1,1,0,3,108,1,4,5,4,9
1711,213,0,213,0,27,"NSW","Urban","6:00 PM - 12:00 AM",0,1,1,2,42,1,2,5,1,6
1985,1048,0,1048,0,39,"NSW","Urban","6:00 PM - 12:00 AM",1,1,1,3,48,2,2,4,4,8
1315,4408,2264,2144,0,46,"NSW","Urban","6:00 AM - 12:00 PM",0,0,1,2,114,2,3,5,5,10
1327,894,0,894,1,36,"NSW","Regional","6:00 AM - 12:00 PM",1,1,0,3,96,1,4,10,6,16
1971,3150,1676,1474,1,48,"SA","Urban","6:00 PM - 12:00 AM",0,0,0,3,36,2,3,2,2,4
1277,3056,1652,1404,1,52,"TAS","Regional","6:00 AM - 12:00 PM",1,0,0,3,120,1,2,7,5,12
1987,2459,1419,1040,1,33,"SA","Urban","6:00 PM - 12:00 AM",1,1,0,3,90,1,2,7,10,17
133,219,0,219,0,52,"SA","Regional","12:00 AM - 6:00 AM",0,0,1,3,42,1,1,8,8,16
1386,1657,1311,346,1,28,"QLD","Urban","6:00 AM - 12:00 PM",0,1,1,3,48,2,3,0,4,4
1909,1049,0,1049,0,37,"NSW","Regional","6:00 PM - 12:00 AM",1,0,0,1,24,1,3,7,5,12
651,3687,1928,1759,0,53,"NSW","Urban","6:00 PM - 12:00 AM",0,0,1,3,78,2,2,8,8,16
399,1048,0,1048,1,43,"ACT","Regional","6:00 PM - 12:00 AM",1,1,1,1,18,2,2,0,0,0
1833,1231,1109,122,1,28,"NSW","Urban","6:00 PM - 12:00 AM",0,1,0,3,72,2,4,6,5,11
1992,1988,1804,184,0,38,"SA","Urban","6:00 PM - 12:00 AM",1,1,0,3,156,2,4,5,7,12
1795,944,0,944,1,38,"VIC","Urban","6:00 PM - 12:00 AM",1,1,1,1,60,2,3,7,5,12
418,852,0,852,1,44,"VIC","Regional","6:00 PM - 12:00 AM",0,1,1,3,132,1,2,7,4,11
32,395,0,395,1,24,"NT","Urban","12:00 AM - 6:00 AM",0,1,1,2,30,2,3,0,0,0
235,1709,1490,219,0,34,"NT","Urban","12:00 AM - 6:00 AM",1,0,0,3,24,2,2,5,5,10
496,4352,2570,1782,0,55,"NSW","Urban","6:00 PM - 12:00 AM",0,0,1,1,84,3,3,8,7,15
854,4423,2189,2234,1,58,"NSW","Urban","6:00 PM - 12:00 AM",0,1,1,3,72,3,3,4,4,8
1527,179,0,179,0,60,"NSW","Urban","6:00 AM - 12:00 PM",1,0,0,1,102,1,2,5,1,6
1321,144,0,144,1,21,"NSW","Urban","6:00 AM - 12:00 PM",1,1,1,3,42,1,2,1,2,3
1427,2901,1617,1284,1,55,"NSW","Regional","6:00 AM - 12:00 PM",0,1,1,3,162,4,2,5,4,9
480,349,0,349,0,26,"VIC","Regional","12:00 PM - 6:00 PM",1,1,1,3,72,2,2,4,3,7
1360,890,0,890,1,26,"TAS","Urban","6:00 AM - 12:00 PM",1,1,1,3,30,1,1,8,6,14
1498,3366,1551,1815,0,49,"TAS","Remote","6:00 AM - 12:00 PM",0,0,0,3,126,2,4,10,9,19
1680,948,0,948,1,30,"QLD","Urban","12:00 PM - 6:00 PM",0,1,1,3,174,2,2,4,2,6
1515,3077,1855,1222,0,58,"WA","Urban","6:00 AM - 12:00 PM",0,0,0,2,102,3,3,9,10,19
1760,3746,2021,1725,1,54,"QLD","Regional","6:00 PM - 12:00 AM",0,0,0,3,132,4,3,9,10,19
1682,1682,1306,376,0,39,"WA","Urban","6:00 PM - 12:00 AM",1,1,1,3,162,1,3,8,3,11
1727,3813,1790,2023,1,54,"TAS","Urban","6:00 PM - 12:00 AM",1,0,0,3,90,2,2,4,3,7
512,184,0,184,1,58,"ACT","Urban","6:00 PM - 12:00 AM",0,1,0,1,168,1,4,2,2,4
1115,4562,2640,1922,0,54,"WA","Urban","6:00 AM - 12:00 PM",0,0,0,3,156,2,3,3,3,6
1009,909,0,909,0,45,"VIC","Urban","6:00 AM - 12:00 PM",1,1,0,3,78,2,3,6,5,11
540,244,0,244,0,50,"NT","Urban","6:00 PM - 12:00 AM",0,1,0,2,180,1,2,0,0,0
216,704,0,704,1,25,"VIC","Remote","12:00 AM - 6:00 AM",1,1,0,1,54,1,3,5,5,10
40,1365,0,1365,0,41,"ACT","Urban","12:00 AM - 6:00 AM",0,1,0,3,168,2,2,7,6,13
32,395,0,395,1,24,"NT","Urban","12:00 AM - 6:00 AM",0,1,1,2,30,2,3,0,0,0
1425,3710,2054,1656,0,46,"NT","Regional","6:00 AM - 12:00 PM",1,1,0,2,162,2,4,6,6,12
1564,294,0,294,1,56,"NSW","Urban","6:00 AM - 12:00 PM",1,0,0,3,66,1,3,10,10,20
355,3412,1973,1439,1,60,"VIC","Regional","6:00 PM - 12:00 AM",0,0,1,1,102,4,2,7,4,11
190,3779,2016,1763,1,60,"NSW","Regional","12:00 AM - 6:00 AM",0,0,0,3,96,2,3,10,10,20
1855,4591,2249,2342,1,51,"NSW","Regional","6:00 PM - 12:00 AM",1,0,0,3,84,4,4,10,10,20
1396,765,0,765,1,27,"TAS","Urban","6:00 AM - 12:00 PM",0,1,0,3,156,1,3,3,3,6
634,3234,1607,1627,1,56,"WA","Urban","6:00 PM - 12:00 AM",0,0,1,3,180,1,4,6,9,15
1046,329,0,329,0,22,"ACT","Urban","12:00 PM - 6:00 PM",1,1,1,3,24,1,2,2,0,2
29,3636,2163,1473,0,46,"NSW","Regional","12:00 AM - 6:00 AM",0,0,1,3,54,4,2,8,7,15
1760,3746,2021,1725,1,54,"QLD","Regional","6:00 PM - 12:00 AM",0,0,0,3,132,4,3,9,10,19
558,403,0,403,1,26,"NT","Regional","12:00 PM - 6:00 PM",0,1,1,3,162,1,2,2,2,4
1605,2956,1694,1262,0,42,"NSW","Regional","6:00 AM - 12:00 PM",0,0,0,2,12,1,5,6,6,12
931,1729,1454,275,1,40,"VIC","Urban","6:00 AM - 12:00 PM",1,1,1,3,90,1,3,10,10,20
74,453,0,453,0,22,"VIC","Urban","12:00 AM - 6:00 AM",0,1,1,2,156,1,5,10,9,19
1680,948,0,948,1,30,"QLD","Urban","12:00 PM - 6:00 PM",0,1,1,3,174,2,2,4,2,6
1204,3600,1742,1858,0,47,"NSW","Urban","6:00 AM - 12:00 PM",0,0,1,2,138,1,5,10,10,20
589,371,0,371,1,24,"QLD","Remote","6:00 PM - 12:00 AM",1,1,1,3,156,1,2,1,1,2
1052,2449,1500,949,1,47,"TAS","Regional","6:00 AM - 12:00 PM",0,1,0,3,96,3,3,6,6,12
1803,1888,1634,254,1,37,"VIC","Urban","6:00 PM - 12:00 AM",0,1,0,3,84,2,4,10,10,20
1487,3976,2013,1963,0,46,"VIC","Urban","6:00 AM - 12:00 PM",0,0,0,3,102,1,3,10,10,20
317,900,0,900,1,25,"VIC","Regional","6:00 PM - 12:00 AM",1,1,0,3,150,1,1,8,5,13
219,3973,1995,1978,1,55,"VIC","Regional","12:00 AM - 6:00 AM",0,0,0,3,12,1,1,1,0,1
1199,4229,2510,1719,1,57,"WA","Urban","6:00 AM - 12:00 PM",0,0,0,1,84,4,2,7,2,9
1385,384,0,384,0,23,"NSW","Urban","6:00 AM - 12:00 PM",1,1,0,3,12,1,4,1,0,1
105,1502,1160,342,1,27,"WA","Urban","12:00 AM - 6:00 AM",0,1,0,2,36,1,3,9,5,14
1508,2996,1820,1176,1,42,"NSW","Urban","6:00 AM - 12:00 PM",0,0,0,2,108,1,4,10,7,17
1093,3602,1983,1619,1,56,"NSW","Urban","6:00 AM - 12:00 PM",0,0,0,3,12,4,3,0,0,0
1479,2573,1536,1037,0,38,"VIC","Regional","6:00 AM - 12:00 PM",1,0,0,3,66,2,3,5,2,7
1446,198,0,198,0,21,"VIC","Regional","12:00 PM - 6:00 PM",1,1,1,3,168,1,3,3,6,9
560,3066,1659,1407,0,49,"SA","Urban","6:00 PM - 12:00 AM",1,0,0,2,138,3,5,8,4,12
131,1010,0,1010,0,31,"WA","Regional","12:00 AM - 6:00 AM",1,0,0,3,132,1,4,8,5,13
768,201,0,201,1,33,"WA","Regional","12:00 PM - 6:00 PM",1,1,1,3,78,1,2,4,3,7
684,2284,1956,328,1,38,"VIC","Urban","6:00 PM - 12:00 AM",0,0,0,1,102,2,3,6,5,11
1883,1651,1409,242,1,24,"WA","Urban","6:00 PM - 12:00 AM",0,0,0,3,180,1,4,0,3,3
807,421,0,421,0,24,"NSW","Regional","6:00 PM - 12:00 AM",1,1,1,2,156,2,1,10,6,16
1943,991,0,991,1,35,"NSW","Urban","6:00 PM - 12:00 AM",0,0,0,3,48,2,3,9,9,18
1378,361,0,361,0,21,"NSW","Urban","6:00 AM - 12:00 PM",1,1,0,2,72,2,2,7,7,14
286,1012,0,1012,0,30,"WA","Urban","12:00 AM - 6:00 AM",1,0,0,3,60,1,4,10,9,19
1752,4253,2184,2069,0,52,"NSW","Urban","6:00 PM - 12:00 AM",0,0,1,3,72,1,3,6,8,14
1275,1515,1326,189,1,35,"SA","Urban","6:00 AM - 12:00 PM",0,1,1,3,126,1,2,8,3,11
93,1757,1492,265,1,27,"VIC","Urban","12:00 AM - 6:00 AM",0,1,0,3,54,2,2,5,4,9
173,171,0,171,0,57,"QLD","Remote","12:00 AM - 6:00 AM",1,0,0,3,102,1,3,8,5,13
664,3730,1828,1902,1,55,"TAS","Urban","6:00 PM - 12:00 AM",0,0,1,3,12,3,2,1,3,4
196,1257,0,1257,0,30,"TAS","Regional","12:00 AM - 6:00 AM",1,1,1,3,150,1,2,1,5,6
1245,1010,0,1010,1,42,"QLD","Urban","6:00 AM - 12:00 PM",0,1,0,3,108,2,3,4,3,7
912,2140,1655,485,0,60,"VIC","Urban","6:00 AM - 12:00 PM",0,0,0,3,96,1,3,6,6,12
1034,489,0,489,0,37,"VIC","Urban","6:00 AM - 12:00 PM",1,1,0,2,30,2,2,7,5,12
334,3589,2011,1578,0,49,"WA","Regional","6:00 PM - 12:00 AM",0,0,1,3,102,3,3,9,8,17
1404,1602,1314,288,1,39,"ACT","Urban","6:00 AM - 12:00 PM",0,0,0,3,30,1,2,3,4,7
322,205,0,205,0,35,"VIC","Urban","6:00 PM - 12:00 AM",1,1,1,1,84,1,4,5,4,9
1646,828,0,828,0,40,"VIC","Urban","12:00 PM - 6:00 PM",0,1,0,3,180,2,4,4,3,7
48,1481,1310,171,1,36,"NSW","Urban","12:00 AM - 6:00 AM",1,1,0,3,18,2,4,1,0,1
337,249,0,249,0,35,"VIC","Regional","6:00 PM - 12:00 AM",1,1,0,3,84,1,3,5,3,8
1080,2349,1405,944,1,43,"QLD","Urban","6:00 AM - 12:00 PM",1,1,0,3,144,3,4,5,3,8
940,163,0,163,0,51,"VIC","Regional","6:00 AM - 12:00 PM",1,1,0,3,54,1,5,2,6,8
433,1095,0,1095,1,38,"NSW","Remote","6:00 PM - 12:00 AM",0,1,0,1,90,2,3,5,4,9
1216,535,0,535,0,26,"NT","Urban","6:00 AM - 12:00 PM",0,1,0,3,30,2,3,2,2,4
1635,3835,1965,1870,0,49,"NSW","Regional","12:00 PM - 6:00 PM",0,0,1,2,162,1,3,4,1,5
1091,989,0,989,0,39,"NSW","Remote","6:00 AM - 12:00 PM",1,1,1,3,138,1,3,9,8,17
1909,1049,0,1049,0,37,"NSW","Regional","6:00 PM - 12:00 AM",1,0,0,1,24,1,3,7,5,12
895,206,0,206,0,39,"WA","Remote","6:00 AM - 12:00 PM",1,1,0,3,30,1,4,4,6,10
1610,2131,1667,464,0,33,"NSW","Urban","6:00 AM - 12:00 PM",1,0,1,1,156,2,2,5,5,10
1272,1308,0,1308,1,42,"QLD","Urban","6:00 AM - 12:00 PM",1,1,0,3,84,2,3,9,9,18
1413,4830,2684,2146,1,52,"NSW","Regional","12:00 PM - 6:00 PM",1,0,0,1,78,1,3,10,7,17
481,277,0,277,1,21,"NSW","Urban","6:00 PM - 12:00 AM",0,1,0,3,132,2,4,7,4,11
796,4279,2349,1930,0,47,"WA","Urban","6:00 PM - 12:00 AM",0,0,0,2,66,3,3,10,10,20
85,324,0,324,1,22,"TAS","Urban","12:00 AM - 6:00 AM",1,0,1,1,42,2,3,9,5,14
1662,1113,0,1113,0,41,"VIC","Urban","6:00 PM - 12:00 AM",1,1,1,3,102,1,2,9,9,18
1414,388,0,388,0,20,"NSW","Regional","6:00 AM - 12:00 PM",1,0,1,2,168,1,2,8,3,11
1539,3986,2002,1984,0,50,"ACT","Urban","6:00 AM - 12:00 PM",0,0,0,3,138,1,2,8,10,18
1611,432,0,432,1,26,"NSW","Regional","6:00 AM - 12:00 PM",1,1,1,1,102,1,3,10,10,20
1781,3160,1800,1360,1,57,"NSW","Urban","6:00 PM - 12:00 AM",1,0,0,2,30,1,4,7,6,13
418,852,0,852,1,44,"VIC","Regional","6:00 PM - 12:00 AM",0,1,1,3,132,1,2,7,4,11
676,3850,2046,1804,1,58,"VIC","Urban","6:00 PM - 12:00 AM",0,1,0,1,36,2,5,1,1,2
1134,142,0,142,1,26,"TAS","Remote","6:00 AM - 12:00 PM",1,1,0,2,180,1,2,3,6,9
364,1471,1306,165,1,20,"NT","Regional","6:00 PM - 12:00 AM",1,1,1,2,162,2,4,6,10,16
1518,292,0,292,1,46,"WA","Urban","6:00 AM - 12:00 PM",1,0,0,2,96,1,2,6,6,12
767,840,0,840,1,27,"NSW","Urban","6:00 PM - 12:00 AM",1,1,1,3,126,1,3,8,8,16
1984,2822,1487,1335,1,36,"NSW","Urban","6:00 PM - 12:00 AM",0,1,0,3,138,2,2,10,7,17
1973,327,0,327,0,21,"NSW","Urban","6:00 PM - 12:00 AM",1,1,0,3,180,2,2,0,0,0
1259,218,0,218,0,58,"NSW","Remote","6:00 AM - 12:00 PM",1,1,1,2,108,1,3,7,3,10
981,1717,1463,254,0,35,"VIC","Urban","6:00 AM - 12:00 PM",1,1,1,1,12,2,2,0,0,0
375,3373,1774,1599,1,60,"VIC","Regional","6:00 PM - 12:00 AM",0,1,1,3,66,3,4,8,3,11
1836,328,0,328,1,24,"NSW","Urban","6:00 PM - 12:00 AM",1,1,1,3,18,1,4,1,0,1
925,1007,0,1007,0,42,"VIC","Remote","6:00 AM - 12:00 PM",1,1,0,3,66,2,2,10,5,15
1656,802,0,802,1,27,"VIC","Urban","6:00 PM - 12:00 AM",1,1,1,2,78,2,2,9,7,16
972,2309,1490,819,0,49,"VIC","Regional","6:00 AM - 12:00 PM",0,0,0,3,18,1,2,6,4,10
69,214,0,214,1,18,"NT","Regional","12:00 PM - 6:00 PM",1,1,0,3,126,1,2,7,7,14
1775,245,0,245,1,38,"NSW","Urban","6:00 PM - 12:00 AM",1,1,0,3,114,1,2,8,7,15
858,1578,1399,179,0,27,"SA","Urban","6:00 PM - 12:00 AM",1,0,0,2,102,1,2,10,9,19
1955,4314,2260,2054,1,43,"NSW","Regional","6:00 PM - 12:00 AM",0,0,0,2,84,3,2,9,10,19
98,448,0,448,1,21,"NSW","Urban","12:00 AM - 6:00 AM",0,0,0,3,132,1,3,10,10,20
244,1562,1383,179,0,28,"NSW","Urban","12:00 AM - 6:00 AM",1,0,0,3,54,2,2,2,2,4
1272,1308,0,1308,1,42,"QLD","Urban","6:00 AM - 12:00 PM",1,1,0,3,84,2,3,9,9,18
214,4080,2520,1560,0,48,"VIC","Urban","12:00 AM - 6:00 AM",0,0,0,3,144,1,4,8,10,18
1226,1810,1475,335,0,38,"SA","Urban","6:00 AM - 12:00 PM",0,1,0,3,24,2,4,3,0,3
688,3384,1934,1450,1,55,"SA","Regional","6:00 PM - 12:00 AM",0,0,0,1,120,2,2,8,4,12
237,162,0,162,0,27,"NSW","Urban","12:00 AM - 6:00 AM",1,1,1,3,174,1,1,5,7,12
1037,542,0,542,1,44,"VIC","Regional","6:00 AM - 12:00 PM",1,1,0,3,90,1,3,9,9,18
469,634,0,634,1,37,"NSW","Urban","12:00 PM - 6:00 PM",1,1,1,2,90,2,3,10,10,20
1199,4229,2510,1719,1,57,"WA","Urban","6:00 AM - 12:00 PM",0,0,0,1,84,4,2,7,2,9
1574,358,0,358,1,22,"NSW","Regional","6:00 AM - 12:00 PM",1,0,0,3,150,2,3,3,2,5
336,335,0,335,1,20,"WA","Urban","12:00 PM - 6:00 PM",1,1,0,3,138,1,2,7,6,13
1920,4485,2306,2179,1,54,"NSW","Urban","6:00 PM - 12:00 AM",1,0,0,2,54,4,4,3,3,6
977,1471,0,1471,1,48,"NSW","Regional","6:00 AM - 12:00 PM",0,0,0,3,24,1,2,4,3,7
1984,2822,1487,1335,1,36,"NSW","Urban","6:00 PM - 12:00 AM",0,1,0,3,138,2,2,10,7,17
1932,4102,2313,1789,0,55,"NSW","Urban","6:00 PM - 12:00 AM",0,0,1,3,72,3,3,10,9,19
1409,386,0,386,0,20,"NSW","Urban","6:00 AM - 12:00 PM",0,1,0,3,144,2,4,10,10,20
1613,1613,1280,333,0,35,"TAS","Urban","12:00 PM - 6:00 PM",0,1,0,3,108,2,5,8,8,16
432,162,0,162,1,22,"NT","Urban","6:00 PM - 12:00 AM",1,1,0,3,30,1,4,7,6,13
60,237,0,237,1,54,"VIC","Urban","12:00 AM - 6:00 AM",1,1,1,1,156,1,3,3,2,5
1469,317,0,317,1,21,"TAS","Urban","12:00 PM - 6:00 PM",1,1,1,1,156,2,4,6,6,12
177,3531,1873,1658,0,44,"NSW","Urban","12:00 AM - 6:00 AM",0,0,0,3,132,4,4,5,5,10
951,702,0,702,1,37,"NSW","Regional","6:00 AM - 12:00 PM",1,1,0,2,168,2,3,3,2,5
843,1317,1160,157,0,28,"NSW","Urban","6:00 PM - 12:00 AM",1,1,0,3,150,2,4,8,8,16
61,3325,1928,1397,1,57,"VIC","Urban","12:00 AM - 6:00 AM",1,0,1,3,24,1,3,0,0,0
1913,4063,2265,1798,0,60,"NSW","Urban","12:00 PM - 6:00 PM",1,0,0,1,162,4,3,0,4,4
1412,192,0,192,0,28,"QLD","Urban","6:00 AM - 12:00 PM",1,0,0,2,84,1,3,6,2,8
1765,291,0,291,1,20,"NSW","Urban","6:00 PM - 12:00 AM",1,1,1,3,138,1,3,8,8,16
1841,4377,2258,2119,1,47,"NSW","Regional","6:00 PM - 12:00 AM",1,0,0,2,114,4,5,10,10,20
122,1445,0,1445,1,36,"NSW","Urban","12:00 AM - 6:00 AM",0,1,0,1,180,1,2,0,0,0
94,815,0,815,1,24,"VIC","Urban","12:00 AM - 6:00 AM",0,1,1,2,42,2,3,9,8,17
415,1378,1136,242,0,37,"NSW","Urban","6:00 PM - 12:00 AM",0,1,1,3,114,1,3,8,7,15
526,3834,2029,1805,0,46,"ACT","Urban","6:00 PM - 12:00 AM",1,0,1,3,180,3,5,4,0,4
516,3558,1963,1595,0,51,"VIC","Urban","6:00 PM - 12:00 AM",0,0,0,3,78,2,2,8,7,15
1979,4197,2397,1800,0,47,"NSW","Urban","12:00 PM - 6:00 PM",1,0,1,3,12,2,2,2,6,8
1071,1674,0,1674,0,51,"WA","Urban","6:00 AM - 12:00 PM",0,1,0,3,24,2,4,3,4,7
1604,180,0,180,1,38,"VIC","Regional","6:00 AM - 12:00 PM",1,0,0,3,90,1,5,9,10,19
1767,1688,1350,338,1,31,"NSW","Urban","6:00 PM - 12:00 AM",0,1,1,3,120,2,3,8,10,18
1349,224,0,224,1,25,"NSW","Urban","6:00 AM - 12:00 PM",0,1,0,2,90,2,4,8,7,15
1973,327,0,327,0,21,"NSW","Urban","6:00 PM - 12:00 AM",1,1,0,3,180,2,2,0,0,0
1548,4025,1950,2075,1,49,"NSW","Urban","6:00 AM - 12:00 PM",0,0,0,3,72,2,2,10,10,20
1860,238,0,238,1,50,"VIC","Urban","6:00 PM - 12:00 AM",0,1,1,3,126,1,3,9,8,17
972,2309,1490,819,0,49,"VIC","Regional","6:00 AM - 12:00 PM",0,0,0,3,18,1,2,6,4,10
142,1670,1446,224,1,27,"NSW","Urban","12:00 AM - 6:00 AM",1,0,1,3,90,2,1,9,5,14
797,4048,2049,1999,1,57,"NSW","Regional","6:00 PM - 12:00 AM",0,0,0,2,90,1,4,10,10,20
618,213,0,213,0,60,"SA","Urban","6:00 PM - 12:00 AM",1,1,0,3,114,1,3,7,2,9
472,3459,1933,1526,1,60,"NSW","Urban","6:00 PM - 12:00 AM",0,0,1,2,180,3,1,5,5,10
1398,3837,2140,1697,0,42,"NSW","Urban","6:00 AM - 12:00 PM",1,0,1,3,102,1,3,4,4,8
1932,4102,2313,1789,0,55,"NSW","Urban","6:00 PM - 12:00 AM",0,0,1,3,72,3,3,10,9,19
1149,2679,1656,1023,0,40,"WA","Regional","6:00 AM - 12:00 PM",1,1,0,3,90,3,3,7,7,14
923,903,0,903,1,29,"QLD","Urban","6:00 AM - 12:00 PM",1,1,0,2,174,2,4,5,7,12
995,350,0,350,1,22,"VIC","Urban","6:00 AM - 12:00 PM",1,1,1,3,30,2,4,6,8,14
264,3586,2147,1439,0,52,"NT","Regional","12:00 AM - 6:00 AM",0,0,0,1,48,2,5,10,10,20
1087,233,0,233,1,44,"NSW","Urban","6:00 AM - 12:00 PM",1,1,0,3,54,1,2,7,8,15
1562,562,0,562,1,28,"NSW","Regional","6:00 AM - 12:00 PM",1,0,0,3,96,2,2,6,4,10
1518,292,0,292,1,46,"WA","Urban","6:00 AM - 12:00 PM",1,0,0,2,96,1,2,6,6,12
1113,2419,1238,1181,0,54,"WA","Regional","12:00 PM - 6:00 PM",1,1,0,3,72,1,2,9,8,17
892,1174,0,1174,1,50,"VIC","Remote","6:00 AM - 12:00 PM",0,0,0,2,180,1,3,3,3,6
531,3924,1807,2117,1,60,"VIC","Urban","6:00 PM - 12:00 AM",0,0,1,2,162,3,3,3,2,5
1045,217,0,217,1,38,"VIC","Urban","6:00 AM - 12:00 PM",1,1,0,1,150,1,4,5,4,9
718,1929,1685,244,0,31,"WA","Regional","6:00 PM - 12:00 AM",0,1,1,2,90,1,3,7,7,14
523,328,0,328,0,29,"NSW","Urban","6:00 PM - 12:00 AM",1,1,0,3,162,2,2,3,6,9
312,1465,1114,351,1,37,"VIC","Regional","6:00 PM - 12:00 AM",1,1,0,3,36,2,3,5,1,6
377,3167,1792,1375,0,58,"VIC","Urban","6:00 PM - 12:00 AM",0,1,0,1,132,3,3,4,4,8
111,2447,1669,778,0,38,"TAS","Urban","12:00 AM - 6:00 AM",0,1,0,3,108,1,3,10,9,19
216,704,0,704,1,25,"VIC","Remote","12:00 AM - 6:00 AM",1,1,0,1,54,1,3,5,5,10
881,1112,0,1112,1,54,"QLD","Regional","6:00 AM - 12:00 PM",0,0,0,3,18,2,3,6,5,11
1144,431,0,431,1,30,"NT","Regional","6:00 AM - 12:00 PM",0,1,0,2,132,2,4,9,10,19
408,1107,0,1107,1,40,"NSW","Urban","6:00 PM - 12:00 AM",1,1,0,3,108,2,3,7,6,13
1391,241,0,241,0,22,"VIC","Urban","12:00 PM - 6:00 PM",1,1,0,2,126,1,5,8,8,16
1688,208,0,208,1,43,"SA","Urban","6:00 PM - 12:00 AM",1,1,1,2,30,1,4,6,8,14
787,4517,2383,2134,1,43,"NSW","Urban","6:00 PM - 12:00 AM",0,0,0,2,150,3,2,4,3,7
1180,326,0,326,0,21,"SA","Regional","12:00 PM - 6:00 PM",0,1,1,2,120,2,3,10,10,20
1026,196,0,196,0,59,"VIC","Urban","6:00 AM - 12:00 PM",1,1,0,3,108,1,3,10,9,19
1180,326,0,326,0,21,"SA","Regional","12:00 PM - 6:00 PM",0,1,1,2,120,2,3,10,10,20
140,203,0,203,0,47,"SA","Urban","12:00 AM - 6:00 AM",0,1,0,1,42,1,3,5,0,5
1832,435,0,435,1,29,"NSW","Urban","6:00 PM - 12:00 AM",1,1,1,1,138,2,3,8,8,16
790,1128,0,1128,0,33,"VIC","Urban","6:00 PM - 12:00 AM",1,1,0,2,96,2,4,8,8,16
361,1522,1174,348,0,43,"VIC","Urban","6:00 PM - 12:00 AM",1,1,1,3,36,1,3,5,5,10
1820,1197,0,1197,1,43,"NSW","Urban","6:00 PM - 12:00 AM",0,1,0,3,96,1,3,6,8,14
1485,761,0,761,1,28,"NSW","Urban","6:00 AM - 12:00 PM",1,1,1,3,60,1,2,7,5,12
175,1964,1670,294,0,33,"NSW","Urban","12:00 AM - 6:00 AM",1,1,0,2,162,2,2,9,5,14
48,1481,1310,171,1,36,"NSW","Urban","12:00 AM - 6:00 AM",1,1,0,3,18,2,4,1,0,1
771,3996,2015,1981,1,47,"ACT","Urban","6:00 PM - 12:00 AM",0,0,1,2,66,4,3,10,9,19
1392,501,0,501,0,39,"VIC","Urban","6:00 AM - 12:00 PM",1,1,0,3,60,1,3,1,5,6
1204,3600,1742,1858,0,47,"NSW","Urban","6:00 AM - 12:00 PM",0,0,1,2,138,1,5,10,10,20
1770,942,0,942,1,33,"NSW","Urban","6:00 PM - 12:00 AM",0,1,0,3,168,1,3,3,0,3
1012,1491,1249,242,0,41,"ACT","Urban","6:00 AM - 12:00 PM",1,1,1,3,162,1,2,5,4,9
1452,4245,2051,2194,1,49,"NSW","Remote","6:00 AM - 12:00 PM",1,1,0,3,42,2,3,3,0,3
317,900,0,900,1,25,"VIC","Regional","6:00 PM - 12:00 AM",1,1,0,3,150,1,1,8,5,13
906,2261,2133,128,1,53,"TAS","Urban","6:00 AM - 12:00 PM",0,0,0,3,24,2,2,8,3,11
1199,4229,2510,1719,1,57,"WA","Urban","6:00 AM - 12:00 PM",0,0,0,1,84,4,2,7,2,9
1621,3444,1772,1672,1,54,"VIC","Urban","6:00 PM - 12:00 AM",0,0,1,3,132,3,3,7,7,14
1633,749,0,749,1,35,"VIC","Urban","6:00 PM - 12:00 AM",1,1,0,3,54,2,3,3,3,6
985,161,0,161,1,44,"VIC","Urban","6:00 AM - 12:00 PM",1,1,0,2,168,1,4,5,4,9
141,384,0,384,0,22,"SA","Urban","12:00 AM - 6:00 AM",1,0,0,3,24,1,3,2,2,4
71,309,0,309,0,21,"NSW","Urban","12:00 AM - 6:00 AM",0,1,1,3,78,1,2,6,5,11
1633,749,0,749,1,35,"VIC","Urban","6:00 PM - 12:00 AM",1,1,0,3,54,2,3,3,3,6
854,4423,2189,2234,1,58,"NSW","Urban","6:00 PM - 12:00 AM",0,1,1,3,72,3,3,4,4,8
777,544,0,544,0,26,"NSW","Regional","6:00 PM - 12:00 AM",1,1,1,3,126,1,2,8,5,13
100,246,0,246,1,27,"VIC","Urban","12:00 AM - 6:00 AM",0,0,1,1,162,1,2,2,2,4
1813,3126,1635,1491,1,48,"NSW","Regional","12:00 PM - 6:00 PM",0,0,0,3,96,2,4,8,4,12
1793,1654,1447,207,1,33,"NSW","Remote","6:00 PM - 12:00 AM",0,1,1,3,54,2,3,10,10,20
1842,4426,2427,1999,1,47,"NSW","Urban","6:00 PM - 12:00 AM",1,0,0,3,114,2,4,8,7,15
1742,4407,2410,1997,0,46,"VIC","Urban","6:00 PM - 12:00 AM",0,0,0,3,174,4,4,5,4,9
995,350,0,350,1,22,"VIC","Urban","6:00 AM - 12:00 PM",1,1,1,3,30,2,4,6,8,14
1151,977,0,977,0,29,"VIC","Urban","6:00 AM - 12:00 PM",1,1,0,1,114,1,3,7,2,9
760,170,0,170,1,38,"TAS","Urban","6:00 PM - 12:00 AM",1,1,1,3,120,1,4,8,7,15
458,4534,2616,1918,1,54,"NSW","Urban","12:00 PM - 6:00 PM",0,0,0,3,132,2,2,4,6,10
1825,4672,2246,2426,0,58,"QLD","Urban","6:00 PM - 12:00 AM",0,0,0,3,174,1,3,4,6,10
1196,206,0,206,0,60,"NSW","Urban","6:00 AM - 12:00 PM",1,1,1,2,96,1,3,5,5,10
809,2735,1581,1154,1,44,"WA","Urban","6:00 PM - 12:00 AM",0,0,1,3,54,4,4,7,10,17
1566,3982,2027,1955,0,58,"NSW","Regional","6:00 AM - 12:00 PM",0,0,0,2,12,1,3,2,0,2
686,2227,1854,373,1,39,"NT","Urban","6:00 PM - 12:00 AM",1,0,0,1,180,3,4,3,3,6
199,3440,2326,1114,0,56,"SA","Urban","12:00 AM - 6:00 AM",0,0,0,1,156,4,2,8,6,14
405,224,0,224,1,36,"NSW","Remote","6:00 PM - 12:00 AM",1,1,0,3,162,1,2,4,7,11
1540,3285,1859,1426,1,47,"SA","Urban","6:00 AM - 12:00 PM",0,0,0,1,54,3,1,8,3,11
1781,3160,1800,1360,1,57,"NSW","Urban","6:00 PM - 12:00 AM",1,0,0,2,30,1,4,7,6,13
399,1048,0,1048,1,43,"ACT","Regional","6:00 PM - 12:00 AM",1,1,1,1,18,2,2,0,0,0
424,612,0,612,0,38,"SA","Urban","12:00 PM - 6:00 PM",1,1,1,3,162,1,4,3,3,6
253,3791,1756,2035,1,42,"NSW","Remote","12:00 AM - 6:00 AM",0,1,0,2,30,3,3,3,5,8
1745,4514,2412,2102,1,50,"VIC","Urban","6:00 PM - 12:00 AM",0,0,1,3,150,2,3,5,4,9
403,3159,1678,1481,0,57,"VIC","Urban","6:00 PM - 12:00 AM",0,1,0,2,120,2,1,10,10,20
447,4481,1939,2542,0,55,"VIC","Regional","12:00 PM - 6:00 PM",0,0,0,3,108,3,3,8,10,18
204,1077,0,1077,1,37,"NSW","Remote","12:00 AM - 6:00 AM",1,1,0,3,132,2,5,10,10,20
1425,3710,2054,1656,0,46,"NT","Regional","6:00 AM - 12:00 PM",1,1,0,2,162,2,4,6,6,12
1869,2602,1503,1099,0,45,"NSW","Regional","6:00 PM - 12:00 AM",0,1,0,2,120,3,3,10,8,18
117,3071,1802,1269,1,58,"NSW","Urban","12:00 AM - 6:00 AM",0,1,1,3,174,2,3,1,1,2
961,1516,1206,310,1,42,"VIC","Regional","6:00 AM - 12:00 PM",1,1,0,3,138,2,2,9,8,17
1638,181,0,181,1,41,"VIC","Urban","6:00 PM - 12:00 AM",1,1,1,3,90,1,3,10,10,20
1625,1226,0,1226,0,54,"VIC","Regional","6:00 PM - 12:00 AM",0,0,1,1,78,2,2,6,4,10
1814,1229,0,1229,0,40,"VIC","Remote","6:00 PM - 12:00 AM",1,1,1,3,114,1,4,10,10,20
691,431,0,431,1,28,"WA","Urban","12:00 PM - 6:00 PM",0,1,0,3,60,2,4,10,10,20
227,3523,1869,1654,0,49,"VIC","Urban","12:00 AM - 6:00 AM",0,0,0,3,150,2,1,7,2,9
978,1610,1331,279,1,39,"SA","Remote","6:00 AM - 12:00 PM",1,1,0,3,114,1,1,6,6,12
1258,148,0,148,0,48,"NSW","Regional","12:00 PM - 6:00 PM",0,1,1,3,72,1,3,10,7,17
1284,601,0,601,1,35,"NSW","Urban","6:00 AM - 12:00 PM",1,1,1,3,66,1,4,6,10,16
1983,195,0,195,1,24,"NSW","Urban","6:00 PM - 12:00 AM",1,1,1,3,66,1,4,6,6,12
